1.683460021525294 -0.999938118766970
1.943913727463389 -0.238490647418284
2.195642428148694 -0.247938993628652
2.439495233940773 -0.250932033355643
2.676286422916406 -0.250883638848766
2.906743697817504 -0.249386772419764
3.131498917368164 -0.247211274326728
3.351095100896456 -0.244740810543778
3.565998221897500 -0.242170900278588
3.776609262595695 -0.239602186934558
3.983274963720248 -0.237086048890398
4.186296899746851 -0.234647685482597
4.385938958898934 -0.232298163698953
4.582433448632398 -0.230040871075484
4.775986067260241 -0.227875047821300
4.966779958728059 -0.225797752688417
5.154979032219953 -0.223804969306700
5.340730693546403 -0.221892231372162
5.524168105252105 -0.220054974188793
5.705412067836184 -0.218288728547122
5.884572594941003 -0.216589222843215
6.061750240107167 -0.214952432549414
6.237037220629155 -0.213374597983935
6.410518374827620 -0.211852225003625
6.582271981730065 -0.210382075764044
6.752370466472805 -0.208961154406614
6.920881010266027 -0.207586690474173
7.087866080240651 -0.206256121777567
7.253383891678046 -0.204967077412138
7.417488812910260 -0.203717361720020
7.580231721373551 -0.202504939247095
7.741660317862822 -0.201327920909610
7.901819404859801 -0.200184551297101
8.060751133862295 -0.199073197165515
8.218495225854129 -0.197992336922355
8.375089168429708 -0.196940551244525
8.530568392533739 -0.195916514380602
8.684966431367167 -0.194918986501270
8.838315063618545 -0.193946806626354
8.990644442890099 -0.192998886306434
9.141983214922130 -0.192074203864039
9.292358624004654 -0.191171799173737
9.441796609782564 -0.190290768943796
9.590321895510780 -0.189430262554988
9.737958068619736 -0.188589477425575
9.884727654528257 -0.187767656861211
10.030652184231920 -0.186964085456780
10.175752256410551 -0.186178086752989
10.320047594555820 -0.185409020431658
10.463557099604571 -0.184656279781888
10.606298898513900 -0.183919289498407
10.748290389147181 -0.183197503485194
10.889548281823263 -0.182490403045549
11.030088637817400 -0.181797495001054
11.169926905097237 -0.181118310162069
11.309077951525664 -0.180452401749045
11.447556095752743 -0.179799344017416
11.585375135995864 -0.179158731036487
11.722548376873641 -0.178530175392438
11.859088654463969 -0.177913307167979
11.995008359723442 -0.177307772892734
12.130319460399088 -0.176713234581429
12.265033521552674 -0.176129368876933
12.399161724801909 -0.175555866206519
12.532714886377294 -0.174992430017475
12.665703474086445 -0.174438776115986
12.798137623257713 -0.173894631898204
12.930027151747385 -0.173359735802691
13.061381574076460 -0.172833836775628
13.192210114745734 -0.172316693546726
13.322521720811146 -0.171808074375286
13.452325073743589 -0.171307756345377
13.581628600639998 -0.170815525019420
13.710440484826472 -0.170331174063300
13.838768675885175 -0.169854504742454
13.966620899152232 -0.169385325614025
14.094004664719074 -0.168923452205410
14.220927275963332 -0.168468706611890
14.347395837646797 -0.168020917254150
14.473417263601245 -0.167579918540473
14.598998284031536 -0.167145550617647
14.724145452457151 -0.166717659096982
14.848865152315716 -0.166296094827619
14.973163603245926 -0.165880713631364
15.097046867073352 -0.165471376136722
15.220520853508752 -0.165067947480056
15.343591325589701 -0.164670297284062
15.466263904874557 -0.164278299532805
15.588544076324592 -0.163891831023195
15.710437193128419 -0.163510774242830
15.831948481149045 -0.163135014157086
15.953083043250640 -0.162764439523297
16.073845863424740 -0.162398942533166
16.194241810731295 -0.162038418558997
16.314275643077348 -0.161682766154458
16.433952010829124 -0.161331886817497
16.553275460275724 -0.160985684942297
16.672250436947536 -0.160644067690120
16.790881288796108 -0.160306944852339
16.909172269245161 -0.159974228772385
17.027127540120301 -0.159645834289790
17.144751174455557 -0.159321678540998
17.262047159194385 -0.159001680986025
17.379019397778094 -0.158685763204939
17.495671712641506 -0.158373848976417
17.612007847601088 -0.158065863986641
17.728031470161802 -0.157761735956128
17.843746173730182 -0.157461394448332
17.959155479744020 -0.157164770802181
18.074262839727687 -0.156871798168735
18.189071637262042 -0.156582411261796
18.303585189894790 -0.156296546555808
18.417806750965365 -0.156014141910295
18.531739511380227 -0.155735136837467
18.645386601310005 -0.155459472160476
18.758751091836618 -0.155187090167456
18.871835996538191 -0.154917934477580
18.984644273015139 -0.154651949927110
19.097178824371678 -0.154389082691029
19.209442500637934 -0.154129280069702
19.321438100145809 -0.153872490494914
19.433168370865285 -0.153618663629707
19.544636011678836 -0.153367749989207
19.655843673632678 -0.153119701294742
19.766793961133136 -0.152874470164580
19.877489433108398 -0.152632010176175
19.987932604131323 -0.152392275811500
20.098125945506702 -0.152155222442126
20.208071886319040 -0.151920806207136
20.317772814455889 -0.151688984166770
20.427231077587255 -0.151459714038818
20.536448984123865 -0.151232954370867
20.645428804135193 -0.151008664302252
20.754172770249667 -0.150786803758975
20.862683078520273 -0.150567333287535
20.970961889260661 -0.150350213969953
21.079011327864873 -0.150135407589746
21.186833485592388 -0.149922876402899
21.294430420336571 -0.149712583263171
21.401804157363458 -0.149504491460995
21.508956690036712 -0.149298564872778
21.615889980509241 -0.149094767690483
21.722605960407432 -0.148893064674659
21.829106531484570 -0.148693420906351
21.935393566259851 -0.148495801865964
22.041468908642130 -0.148300173480436
22.147334374524288 -0.148106501865382
22.252991752374292 -0.147914753596308
22.358442803796109 -0.147724895409025
22.463689264088934 -0.147536894483643
22.568732842773205 -0.147350718057291
22.673575224119102 -0.147166333774401
22.778218067646868 -0.146983709384580
22.882663008621297 -0.146802812898408
22.986911658524466 -0.146623612401166
23.090965605526090 -0.146446076262879
23.194826414933203 -0.146270172958161
23.298495629625002 -0.146095870995682
23.401974770485751 -0.145923139116760
23.505265336812158 -0.145751945984366
23.608368806726808 -0.145582260535717
23.711286637562448 -0.145414051579090
23.814020266250630 -0.145247288096747
23.916571109687869 -0.145081938970117
24.018940565101637 -0.144917973172812
24.121130010403629 -0.144755359692293
24.223140804527148 -0.144594067373756
24.324974287783327 -0.144434065508378
24.426631782105304 -0.144275321593151
24.528114591490436 -0.144117805776468
24.629424002220450 -0.143961486226324
24.730561283185672 -0.143806331541962
24.831527686175370 -0.143652310177483
24.932324446163499 -0.143499390493365
25.032952781585475 -0.143347540710071
25.133413894605713 -0.143196728849994
25.233708971386054 -0.143046922897285
25.333839182336654 -0.142898090549809
25.433805682367314 -0.142750199362244
25.533609611131382 -0.142603216710137
25.633252093265106 -0.142457109816566
25.732734238612412 -0.142311845552994
25.832057142457376 -0.142167390726168
25.931221885738676 -0.142023711797248
26.030229535266049 -0.141880775037790
26.129081143927991 -0.141738546444069
26.227777750896092 -0.141596991771184
26.326320381822718 -0.141456076486039
26.424710049035077 -0.141315765790091
26.522947751723120 -0.141176024579179
26.621034476124258 -0.141036817468366
26.718971195704114 -0.140898108796850
26.816758871328265 -0.140759862516094
26.914398451435517 -0.140622042315188
27.011890872203278 -0.140484611526539
27.109237057713976 -0.140347533235750
27.206437920108311 -0.140210770066595
27.303494359742800 -0.140074284357841
27.400407265339538 -0.139938038065006
27.497177514137356 -0.139801992868280
27.593805972031035 -0.139666109976396
27.690293493714456 -0.139530350287969
27.786640922817703 -0.139394674324471
27.882849092039383 -0.139259042190729
27.978918823280271 -0.139123413672734
28.074850927768846 -0.138987748116303
28.170646206183864 -0.138852004425963
28.266305448781910 -0.138716141239260
28.361829435513553 -0.138580116727526
28.457218936134804 -0.138443888548943
28.552474710330323 -0.138307414172294
28.647597507816744 -0.138170650481949
28.742588068452108 -0.138033553969986
28.837447122344937 -0.137896080784271
28.932175389954679 -0.137758186580346
29.026773582194103 -0.137619826619616
29.121242400529038 -0.137480955757358
29.215582537074130 -0.137341528400313
29.309794674686266 -0.137201498500702
29.403879487059765 -0.137060819643919
29.497837638811969 -0.136919444872156
29.591669785579551 -0.136777326976535
29.685376574097425 -0.136634418139859
29.778958642287581 -0.136490670206634
29.872416619337169 -0.136346034477034
29.965751125790515 -0.136200462071652
30.058962773612208 -0.136053903296492
30.152052166279486 -0.135906308367013
30.245019898849424 -0.135757626856811
30.337866558039352 -0.135607808044362
30.430592722293230 -0.135456800621721
30.523198961856028 -0.135304552917274
30.615685838847469 -0.135151012915842
30.708053907325347 -0.134996128048813
30.800303713354921 -0.134839845368902
30.892435795073830 -0.134682111480214
30.984450682758055 -0.134522872592549
31.076348898882863 -0.134362074435432
31.168130958188279 -0.134199662397441
31.259797367736631 -0.134035581365278
31.351348626975525 -0.133869775886619
31.442785227791191 -0.133702189966365
31.534107654572306 -0.133532767346597
31.625316384264654 -0.133361451315727
31.716411886423135 -0.133188184672674
31.807394623268362 -0.133012909862525
31.898265049741894 -0.132835568970691
31.989023613558267 -0.132656103671759
32.079670755253744 -0.132474455176410
32.170206908242342 -0.132290564431038
32.260632498857873 -0.132104371803654
32.350947946412077 -0.131915817497645
32.441153663237422 -0.131724841204769
32.531250054734151 -0.131531382229036
32.621237519423829 -0.131335379667407
32.711116448984797 -0.131136771995764
32.800887228307161 -0.130935497558561
32.890550235534313 -0.130731494268589
32.980105842103242 -0.130524699596332
33.069554412793401 -0.130315050797567
33.158896305769034 -0.130102484773809
33.248131872617101 -0.129886937988498
33.337261458392526 -0.129668346658906
33.426285401660259 -0.129446646701903
33.515204034532836 -0.129221773640447
33.604017682709753 -0.128993662666824
33.692726665525839 -0.128762248879412
33.781331295975214 -0.128527466704243
33.869831880766931 -0.128289250686578
33.958228720350760 -0.128047534777607
34.046522108959344 -0.127802252751214
34.134712334646956 -0.127553338136499
34.222799679324865 -0.127300724152954
34.310784418798384 -0.127044343763942
34.398666822803655 -0.126784129688447
34.486447155044594 -0.126520014418801
34.574125673224167 -0.126251930095596
34.661702629084445 -0.125979808740254
34.749178268444417 -0.125703582213011
34.836552831224175 -0.125423181888848
34.923826551491210 -0.125138539221846
35.010999657484838 -0.124849585214168
35.098072371658255 -0.124556250866709
35.185044910709337 -0.124258466915434
35.271917485612136 -0.123956163858420
35.358690301652885 -0.123649272083205
35.445363558462489 -0.123337721790277
35.531937450049945 -0.123021443028900
35.618412164832030 -0.122700365616807
35.704787885674037 -0.122374419427615
35.791064789914145 -0.122043533992736
35.877243049394529 -0.121707638682355
35.963322830504815 -0.121366663026261
36.049304294205406 -0.121020536218783
36.135187596059048 -0.120669187339262
36.220972886265812 -0.120312545445547
36.306660309695609 -0.119950539525008
36.392250005918953 -0.119583098459452
36.477742109236786 -0.119210151013084
36.563136748714655 -0.118831625951541
36.648434048210909 -0.118447451900382
36.733634126415915 -0.118057557635115
36.818737096874877 -0.117661871674426
36.903743068020574 -0.117260322542534
36.988652143211134 -0.116852838903819
37.073464420756167 -0.116439349279461
37.158179993947620 -0.116019782175196
37.242798951093526 -0.115594066163653
37.327321375550127 -0.115162129851492
37.411747345750200 -0.114723901793550
37.496076935243899 -0.114279310817816
37.580310212695132 -0.113828284902218
37.664447241969107 -0.113370753507142
37.748488082125867 -0.112906645184833
37.832432787460249 -0.112435888774097
37.916281407535074 -0.111958413233535
38.000033987210202 -0.111474147544957
38.083690566674647 -0.110983020798687
38.167251181481625 -0.110484962277671
38.250715862577344 -0.109979901303426
38.334084636332044 -0.109467767301154
38.417357524574847 -0.108948489906141
38.500534544622823 -0.108421998821725
38.583615709315481 -0.107888223965290
38.666601027045481 -0.107347095379930
38.749490501789985 -0.106798543255957
38.832284133145649 -0.106242498033299
38.914981916358101 -0.105678890264613
38.997583842355674 -0.105107650732917
39.080089897783104 -0.104528710457807
39.162500065033100 -0.103942000645093
39.244814322277790 -0.103347452692862
39.327032643505191 -0.102744998324215
39.409154998546562 -0.102134569362142
39.491181353114399 -0.101516098007385
39.573111668836070 -0.100889516734224
39.654945903282261 -0.100254758160656
39.736684010004517 -0.099611755291464
39.818325938567803 -0.098960441393813
39.899871634583711 -0.098300750021791
39.981321039743534 -0.097632615015779
40.062674091855520 -0.096955970620861
40.143930724873528 -0.096270751265025
40.225090868935396 -0.095576891820319
40.306154450397372 -0.094874327505578
40.387121391865470 -0.094162993810172
40.467991612231934 -0.093442826634736
40.548765026709610 -0.092713762240215
40.629441546869039 -0.091975737327571
40.710021080667460 -0.091228688826403
40.790503532490533 -0.090472554237959
40.870888803182851 -0.089707271344388
40.951176790087331 -0.088932778447218
41.031367387074070 -0.088149014095541
41.111460484585812 -0.087355917528773
41.191455969664510 -0.086553428182591
41.271353725990892 -0.085741486038102
41.351153633921399 -0.084920031557125
41.430855570524017 -0.084089005656144
41.510459409610824 -0.083248349627475
41.589965021779975 -0.082398005391053
41.669372274448591 -0.081537915259278
41.748681031891657 -0.080668022102510
41.827891155273932 -0.079788269165053
41.907002502694553 -0.078898600410113
41.986014929218371 -0.077998960170870
42.064928286911972 -0.077089293276796
42.143742424888615 -0.076169545302427
42.222457189337192 -0.075239662137882
42.301072423564051 -0.074299590342405
42.379587968027842 -0.073349276960078
42.458003660383383 -0.072388669766145
42.536319335511394 -0.071417716892376
42.614534825561691 -0.070436367193171
42.692649959990732 -0.069444570096830
42.770664565597116 -0.068442275556875
42.848578466563147 -0.067429434217735
42.926391484493095 -0.066405997331410
43.004103438448610 -0.065371916683518
43.081714144987686 -0.064327144693950
43.159223418210068 -0.063271634596398
43.236631069785680 -0.062205339980175
43.313936909001832 -0.061128215307243
43.391140742799379 -0.060040215611267
43.468242375809233 -0.058941296517145
43.545241610396317 -0.057831414442852
43.622138246694938 -0.056710526371600
43.698932082651048 -0.055578590044818
43.775622914058452 -0.054435563798093
43.852210534603572 -0.053281406801532
43.928694735897047 -0.052116078703307
44.005075307521899 -0.050939540084307
44.081352037067212 -0.049751752069777
44.157524710169511 -0.048552676540893
44.233593110555660 -0.047342276181128
44.309557020077918 -0.046120514265419
44.385416218756838 -0.044887354879391
44.461170484821650 -0.043642762853436
44.536819594747790 -0.042386703688776
44.612363323299483 -0.041119143700278
44.687801443569612 -0.039840049944743
44.763133727015195 -0.038549390105873
44.838359943508543 -0.037247132926320
44.913479861362532 -0.035933247503095
44.988493247387616 -0.034607704161308
45.063399866915951 -0.033270473555653
45.138199483853128 -0.031921527431817
45.212891860712745 -0.030560838159106
45.287476758660993 -0.029188379010456
45.361953937549721 -0.027804123846592
45.436323155970101 -0.026408047690693
45.510584171273585 -0.025000125826683
45.584736739633392 -0.023580334924762
45.658780616066920 -0.022148651963853
45.732715554487285 -0.020705055039975
45.806541307741931 -0.019249523015274
45.880257627648682 -0.017782035447185
45.953864265036337 -0.016302572720691
46.027360969792859 -0.014811116261995
46.100747490892964 -0.013307647969022
46.174023576450125 -0.011792150895338
46.247188973750298 -0.010264608745340
46.320243429293228 -0.008725006087189
46.393186688830930 -0.007173328279305
46.466018497411469 -0.005609561622681
46.538738599416746 -0.004033693194348
46.611346738601966 -0.002445710900945
46.683842658134097 -0.000845603452599
46.756226100635239 0.000766639495075
46.828496808219874 0.002391027510165
46.900654522536946 0.004027569243354
46.972698984801674 0.005676272713521
47.044629935846196 0.007337144775662
47.116447116153594 0.009010191582782
47.188150265889689 0.010695418647346
47.259739124956887 0.012392830213518
47.331213433020800 0.014102430023484
47.402572929557969 0.015824220717550
47.473817353886012 0.017558204326564
47.544946445210257 0.019304381802001
47.615959942656794 0.021062753398120
47.686857585311444 0.022833318498016
47.757639112263988 0.024616075463302
47.828304262641417 0.026411021941247
47.898852775638154 0.028218154945754
47.969284390572120 0.030037470121790
48.039598846907850 0.031868962675680
48.109795884296041 0.033712626906711
48.179875242621748 0.035568455954720
48.249836662024755 0.037436442591505
48.319679882946041 0.039316578471416
48.389404646170114 0.041208854246462
48.459010692849390 0.043113260074232
48.528497764550814 0.045029784980579
48.597865603285946 0.046958417326153
48.667113951547741 0.048899144614551
48.736242552351897 0.050851953353929
48.805251149267583 0.052816829360570
48.874139486453849 0.054793757591280
48.942907308695922 0.056782722143070
49.011554361439686 0.058783706300186
49.080080390828975 0.060796692453442
49.148485143735769 0.062821662295774
49.216768367796270 0.064858596652435
49.284929811451939 0.066907475334348
49.352969223972536 0.068968277651171
49.420886355498084 0.071040981864544
49.488680957067800 0.073125565557779
49.556352780658230 0.075222005368023
49.623901579211875 0.077330277257674
49.691327106672418 0.079450356318236
49.758629118015591 0.081582216894535
49.825807369285180 0.083725832431480
49.892861617621371 0.085881175691042
49.959791621296397 0.088048218539745
50.026597139739984 0.090226932238917
50.093277933578108 0.092417287054706
50.159833764659965 0.094619252597400
50.226264396087394 0.096832797746395
50.292569592251546 0.099057890436079
50.358749118856721 0.101294498023751
50.424802742951911 0.103542587064654
50.490730232964040 0.105802123257220
50.556531358724556 0.108073071631875
50.622205891496812 0.110355396527467
50.687753604010503 0.112649061379182
50.753174270483122 0.114954029096206
50.818467666654705 0.117270261666321
50.883633569809547 0.119597720537749
50.948671758811010 0.121936366229884
51.013582014125177 0.124286158654738
51.078364117845410 0.126647057091552
51.143017853723272 0.129019019992445
51.207543007191461 0.131402005214949
51.271939365393500 0.133795969819764
51.336206717208412 0.136200870214734
51.400344853275136 0.138616662159021
51.464353566014779 0.141043300823234
51.528232649665128 0.143480740424163
51.591981900294222 0.145928934839324
51.655601115829377 0.148387837147851
51.719090096085274 0.150857399652337
51.782448642776089 0.153337574351895
51.845676559552196 0.155828312205272
51.908773652012783 0.158329563846396
51.971739727732562 0.160841279159560
52.034574596285530 0.163363407364518
52.097278069263091 0.165895897181820
52.159849960299354 0.168438696613714
52.222290085084211 0.170991753306724
52.284598261398507 0.173555013887807
52.346774309120235 0.176128424826927
52.408818050254823 0.178711931713477
52.470729308947284 0.181305479795404
52.532507911505647 0.183909013637980
52.594153686421457 0.186522477208031
52.655666464386563 0.189145813982884
52.717046078309963 0.191778966943889
52.778292363336014 0.194421878533888
52.839405156868601 0.197074490472914
52.900384298579780 0.199736744222808
52.961229630430246 0.202408580628628
53.021940996687071 0.205089939996246
53.082518243939141 0.207780762160636
53.142961221113652 0.210480986447846
53.203269779490142 0.213190551747358
53.263443772713984 0.215909396527735
53.323483056820585 0.218637458505669
53.383387490237460 0.221374675314249
53.443156933806044 0.224120983903179
53.502791250788924 0.226876320975877
53.562290306895832 0.229640622417133
53.621653970285386 0.232413824028897
53.680882111578605 0.235195861165286
53.739974603879567 0.237986668516370
53.798931322775360 0.240786180733945
53.857752146358791 0.243594331734009
53.916436955232975 0.246411055247986
53.974985632525083 0.249236284539896
54.033398063895945 0.252069952529259
54.091674137549269 0.254911991800520
54.149813744245478 0.257762334459882
54.207816777307094 0.260620912389506
54.265683132630414 0.263487657051937
54.323412708691528 0.266362499663228
54.381005406559325 0.269245370973073
54.438461129898947 0.272136201556312
54.495779784982233 0.275034921594809
54.552961280696330 0.277941460934310
54.610005528545905 0.280855749273362
54.666912442666920 0.283777715808865
54.723681939826037 0.286707289674140
54.780313939433327 0.289644399527619
54.836808363540186 0.292588974005553
54.893165136854201 0.295540941194868
54.949384186736310 0.298500229183151
55.005465443210575 0.301466765658187
55.061408838965036 0.304440478189212
55.117214309355475 0.307421294127736
55.172881792415680 0.310409140410415
55.228411228853453 0.313403943991698
55.283802562057865 0.316405631498511
55.339055738098082 0.319414129486624
55.394170705730538 0.322429364179271
55.449147416400891 0.325451261627737
55.503985824237425 0.328479747975774
55.558685886066883 0.331514748756756
55.613247561401636 0.334556189788470
55.667670812451398 0.337603996401468
55.721955604115678 0.340658094040439
55.776101903987389 0.343718407914743
55.830109682357651 0.346784862956132
55.883978912203517 0.349857384353657
55.937709569199875 0.352935896791978
55.991301631710940 0.356020325092907
56.044755080791084 0.359110593917244
56.098069900183845 0.362206627821201
56.151246076319254 0.365308351307776
56.204283598311129 0.368415688825506
56.257182457957356 0.371528564673774
56.309942649734353 0.374646903182205
56.362564170793647 0.377770628645024
56.415047020963179 0.380899665166591
56.467391202737737 0.384033937008187
56.519596721277487 0.387173368325495
56.571663584407133 0.390317883149973
56.623591802606171 0.393467405668353
56.675381389008983 0.396621859909553
56.727032359397327 0.399781169984124
56.778544732192501 0.402945260094672
56.829918528455849 0.406114054265804
56.881153771882396 0.409287476565730
56.932250488787147 0.412465451334479
56.983208708109395 0.415647902613135
57.034028461399529 0.418834754694649
57.084709782810641 0.422025931976250
57.135252709104066 0.425221358506841
57.185657279624657 0.428420958960035
57.235923536305542 0.431624657681140
57.286051523657399 0.434832379192152
57.336041288759638 0.438044048119315
57.385892881253845 0.441259589127541
57.435606353332112 0.444478927079031
57.485181759732498 0.447701986804285
57.534619157727498 0.450928693328288
57.583918607118179 0.454158971682202
57.633080170222186 0.457392747105231
57.682103911864615 0.460629944948517
57.730989899370158 0.463870490632113
57.779738202548664 0.467114309862499
57.828348893693494 0.470361328209781
57.876822047562605 0.473611471673852
57.925157741375671 0.476864666159149
57.973356054795289 0.480120837991709
58.021417069924475 0.483379913391395
58.069340871288198 0.486641818985418
58.117127545830250 0.489906481315184
58.164777182894305 0.493173827345717
58.212289874217213 0.496443784067545
58.259665713914721 0.499716278744986
58.306904798471557 0.502991238771566
58.354007226729323 0.506268591741711
58.400973099872310 0.509548265517295
58.447802521416698 0.512830188120628
58.494495597197307 0.516114287807723
58.541052435357230 0.519400492980195
58.587473146330510 0.522688732408915
58.633757842834946 0.525978934901656
58.679906639854430 0.529271029650434
58.725919654624356 0.532564946124940
58.771797006626464 0.535860613767690
58.817538817567481 0.539157962522560
58.863145211367460 0.542456922517854
58.908616314145391 0.545757424156307
58.953952254211664 0.549059397887591
58.999153162040699 0.552362774863990
59.044219170273443 0.555667485955934
59.089150413688330 0.558973462788878
59.133947029196662 0.562280636942496
59.178609155821583 0.565588940489038
59.223136934686821 0.568898305672062
59.267530509005113 0.572208664918354
59.311790024055966 0.575519951186831
59.355915627176060 0.578832097556752
59.399907467744875 0.582145037380982
59.443765697164096 0.585458704493390
59.487490468844840 0.588773032953512
59.531081938200671 0.592087956849178
59.574540262616011 0.595403411120520
59.617865601444436 0.598719330560216
59.661058115988780 0.602035650424604
59.704117969483995 0.605352306341161
59.747045327079796 0.608669234313331
59.789840355829732 0.611986370511952
59.832503224675563 0.615303651425758
59.875034104425517 0.618621014075476
59.917433167743354 0.621938395643201
59.959700589129007 0.625255733762501
60.001836544906872 0.628572966259883
60.043841213206690 0.631890031402702
60.085714773943401 0.635206867938444
60.127457408811651 0.638523414597957
60.169069301259036 0.641839610816116
60.210550636473855 0.645155396242060
60.251901601369916 0.648470710837035
60.293122384567376 0.651785495015486
60.334213176381034 0.655099689386478
60.375174168796285 0.658413235177420
60.416005555456699 0.661726073840115
60.456707531652171 0.665038147030116
60.497280294292075 0.668349397119911
60.537724041900347 0.671659766452707
60.578038974587905 0.674969198114102
60.618225294040535 0.678277635408647
60.658283203507814 0.681585021824284
60.698212907774987 0.684891301613164
60.738014613154284 0.688196419131706
60.777688527470239 0.691500319046503
60.817234860033700 0.694802946719932
60.856653821631006 0.698104247694749
60.895945624509125 0.701404167831699
60.935110482355384 0.704702653497378
60.974148610281006 0.707999651434766
61.013060224803041 0.711295108817669
61.051845543836734 0.714588972896314
61.090504786661626 0.717881191899896
61.129038173922368 0.721171713844776
61.167445927601499 0.724460487497602
61.205728271003977 0.727747461977041
61.243885428746545 0.731032586585247
61.281917626731996 0.734315811328959
61.319825092140491 0.737597086334681
61.357608053408690 0.740876362271453
61.395266740211419 0.744153590260415
61.432801383450112 0.747428721647941
61.470212215231960 0.750701708323305
61.507499468858803 0.753972502384281
61.544663378800166 0.757241056692253
61.581704180689187 0.760507324071458
61.618622111296276 0.763771258091406
61.655417408519739 0.767032812475096
61.692090311364289 0.770291941520292
61.728641059926645 0.773548599858638
61.765069895381949 0.776802742424705
61.801377059960629 0.780054324794036
61.837562796936439 0.783303302791557
61.873627350613880 0.786549632515434
61.909570966305786 0.789793270685210
61.945393890316303 0.793034174449452
61.981096369934264 0.796272301030043
62.016678653404526 0.799507608490097
62.052140989922748 0.802740054914756
62.087483629613658 0.805969598996503
62.122706823515230 0.809196199822635
62.157810823564624 0.812419816820725
62.192795882584313 0.815640409748982
62.227662254259577 0.818857939007232
62.262410193130080 0.822072365134502
62.297039954567751 0.825283649303434
62.331551794771073 0.828491752732984
62.365945970735147 0.831696637554366
62.400222740252055 0.834898265734962
62.434382361882790 0.838096600089286
62.468425094946845 0.841291603656890
62.502351199509285 0.844483239788046
62.536160936364610 0.847671472263829
62.569854567014680 0.850856265508195
62.603432353665035 0.854037583932428
62.636894559199035 0.857215392731223
62.670241447172103 0.860389657163383
62.703473281788156 0.863560343193016
62.736590327897474 0.866727416720525
62.769592850966077 0.869890844610129
62.802481117072588 0.873050593699266
62.835255392888293 0.876206631412226
62.867915945665580 0.879358925450867
62.900463043224704 0.882507443864589
62.932896953930964 0.885652155393778
62.965217946695162 0.888793028632088
62.997426290940325 0.891930033246170
63.029522256608423 0.895063138535360
63.061506114128491 0.898192314822561
63.093378134415133 0.901317532363297
63.125138588847861 0.904438762037509
63.156787749257873 0.907555975083453
63.188325887920037 0.910669142909482
63.219753277529115 0.913778237667427
63.251070191194280 0.916883231594436
63.282276902426418 0.919984097268660
63.313373685118940 0.923080807856184
63.344360813537385 0.926173336784912
63.375238562307914 0.929261657792917
63.406007206400446 0.932345745120224
63.436667021119135 0.935425573249028
63.467218282086982 0.938501117112120
63.497661265234406 0.941572351956646
63.527996246785030 0.944639253442529
63.558223503247383 0.947701797431853
63.588343311394148 0.950759960444076
63.618355948255754 0.953813719133456
63.648261691110697 0.956863050408589
63.678060817463354 0.959907931896550
63.707753605041070 0.962948341235014
63.737340331776736 0.965984256605214
63.766821275800247 0.969015656410547
63.796196715422283 0.972042519560510
63.825466929126542 0.975064825157207
63.854632195557265 0.978082552674341
63.883692793503478 0.981095682080825
63.912649001894430 0.984104193425138
63.941501099779401 0.987108067417646
63.970249366323209 0.990107284851255
63.998894080795189 0.993101826843058
64.027435522551528 0.996091675085356
64.055873971030124 0.999076811378695
64.084209705738004 1.002057217913086
64.112443006234940 1.005032877411527
64.140574152132459 1.008003772554538
64.168603423077258 1.010969886568218
64.196531098739428 1.013931203040584
64.224357458802203 1.016887705872962
64.252082782958425 1.019839379026624
64.279707350889652 1.022786207171599
64.307231442261525 1.025728175085239
64.334655336715031 1.028665267805605
64.361979313849275 1.031597470945489
64.389203653221671 1.034524770051462
64.416328634330270 1.037447151267776
64.443354536602413 1.040364601101044
64.470281639394969 1.043277105992188
64.497110221974353 1.046184653070329
64.523840563513232 1.049087229533940
64.550472943075576 1.051984823085481
64.577007639612276 1.054877421539129
64.603444931950051 1.057765013071244
64.629785098780062 1.060647586237424
64.656028418655978 1.063525129612776
64.682175169971657 1.066397632568514
64.708225630965387 1.069265084263296
64.734180079705752 1.072127474346247
64.760038794080273 1.074984792849380
64.785802051793212 1.077837029840881
64.811470130348440 1.080684175999450
64.837043307049044 1.083526221970570
64.862521858984934 1.086363158834343
64.887906063022911 1.089194978005401
64.913196195801149 1.092021671070733
64.938392533723544 1.094843229794015
64.963495352941692 1.097659646590479
64.988504929362009 1.100470913566109
65.013421538621785 1.103277023711342
65.038245456095481 1.106077969738039
65.062976956876213 1.108873745035821
65.087616315772664 1.111664343086026
65.112163807303475 1.114449757547481
65.136619705685121 1.117229982524603
65.160984284829766 1.120005012168439
65.185257818333113 1.122774841075767
65.209440579471192 1.125539463941391
65.233532841186701 1.128298875958036
65.257534876093260 1.131053072137017
65.281446956456406 1.133802048196880
65.305269354194010 1.136545799821157
65.329002340868428 1.139284322974853
65.352646187677223 1.142017613965487
65.376201165448592 1.144745669259675
65.399667544634625 1.147468485566510
65.423045595304544 1.150186059844406
65.446335587139558 1.152898389235410
65.469537789421736 1.155605471301392
65.492652471036166 1.158307303507080
65.515679900455837 1.161003883895718
65.538620345743681 1.163695210418549
65.561474074538765 1.166381281556840
65.584241354056132 1.169062095790709
65.606922451081630 1.171737651793694
65.629517631959061 1.174407948736789
65.652027162592020 1.177072985712413
65.674451308433419 1.179732762218586
65.696790334482714 1.182387277860667
65.719044505282895 1.185036532359104
65.741214084906446 1.187680525981653
65.763299336959150 1.190319258850755
65.785300524569791 1.192952731489284
65.807217910382576 1.195580944726064
65.829051756568688 1.198203898929357
65.850802324792468 1.200821595812123
65.872469876232472 1.203434036255218
65.894054671563183 1.206041221869231
65.915556970954853 1.208643154277933
65.936977034066871 1.211239835372143
65.958315120045228 1.213831267150800
65.979571487513624 1.216417451980909
66.000746394577220 1.218998392077675
66.021840098807502 1.221574090281719
66.042852857245222 1.224144549318192
66.063784926393140 1.226709772216758
66.084636562217696 1.229269761955755
66.105408020135584 1.231824522058375
66.126099555014520 1.234374056033922
66.146711421169812 1.236918367546235
66.167243872359379 1.239457460471051
66.187697161780761 1.241991338822503
66.208071542062541 1.244520006976784
66.228367265270791 1.247043469070877
66.248584582892377 1.249561729928711
66.268723745844937 1.252074793996681
66.288785004461388 1.254582666363528
66.308768608493352 1.257085352002357
66.328674807103781 1.259582856206261
66.348503848868546 1.262075184226932
66.368255981771114 1.264562341555986
66.387931453192422 1.267044334118773
66.407530509921301 1.269521167443506
66.427053398137872 1.271992847757488
66.446500363417741 1.274459381147618
66.465871650732240 1.276920773714219
66.485167504431715 1.279377032266664
66.504388168260704 1.281828163028129
66.523533885340569 1.284274172955188
66.542604898172797 1.286715068903257
66.561601448641255 1.289150857665050
66.580523777994571 1.291581546785183
66.599372126860189 1.294007143265052
66.618146735232685 1.296427654619336
66.636847842472903 1.298843088429428
66.655475687306250 1.301253452383544
66.674030507817605 1.303658754411139
66.692512541453794 1.306059002376518
66.710922025020025 1.308454204328586
66.729259194671769 1.310844368685484
66.747524285920178 1.313229503679732
66.765717533627424 1.315609617773376
66.783839172004065 1.317984719578898
66.801889434604234 1.320354817943378
66.819868554328835 1.322719921622391
66.837776763421672 1.325080039576731
66.855614293467568 1.327435180878724
66.873381375387936 1.329785354829905
66.891078239442649 1.332130570697637
66.908705115229068 1.334470837830058
66.926262231674897 1.336806165916380
66.943749817039688 1.339136564626729
66.961168098917071 1.341462043584558
66.978517304226799 1.343782612788130
66.995797659215881 1.346098282233169
67.013009389459398 1.348409061930006
67.030152719854939 1.350714962164665
67.047227874625335 1.353015993160571
67.064235077313938 1.355312165379214
67.081174550781839 1.357603489454564
67.098046517216233 1.359889975713165
67.114851198118942 1.362171635014293
67.131588814306838 1.364448478247307
67.148259585916549 1.366720516156088
67.164863732396526 1.368987759866624
67.181401472513031 1.371250220305822
67.197873024338364 1.373507908945049
67.214278605266117 1.375760836667154
67.230618431992923 1.378009015175777
67.246892720530838 1.380252455704551
67.263101686196322 1.382491170007513
67.279245543620490 1.384725169456534
67.295324506739632 1.386954465879302
67.311338788794032 1.389179071209526
67.327288602336083 1.391398997089798
67.343174159219046 1.393614255694418
67.358995670606973 1.395824858835772
67.374753346960432 1.398030818984520
67.390447398056992 1.400232147797624
67.406078032962228 1.402428858224948
67.421645460058016 1.404620962066499
67.437149887023594 1.406808471986754
67.452591520839405 1.408991400546316
67.467970567791411 1.411169760175205
67.483287233464424 1.413343563654672
67.498541722748797 1.415512823529973
67.513734239830740 1.417677552827952
67.528864988201960 1.419837764214523
67.543934170654310 1.421993470652367
67.558941989276292 1.424144685310287
67.573888645463228 1.426291420979838
67.588774339906195 1.428433690993015
67.603599272599737 1.430571508407554
67.618363642836670 1.432704886568790
67.633067649210687 1.434833838769658
67.647711489618430 1.436958378276536
67.662295361251878 1.439078518748350
67.676819460608812 1.441194273452744
67.691283983485675 1.443305656027717
67.705689124977965 1.445412680161234
67.720035079484106 1.447515359433701
67.734322040704456 1.449613707534906
67.748550201636675 1.451707738415062
67.762719754585405 1.453797465675301
67.776830891154177 1.455882903326586
67.790883802250164 1.457964065241541
67.804878678080954 1.460040965493933
67.818815708159264 1.462113618025747
67.832695081299832 1.464182036968611
67.846516985621676 1.466246236430888
67.860281608547112 1.468306230624785
67.873989136803090 1.470362033771039
67.887639756423312 1.472413660064797
67.901233652743997 1.474461123951716
67.914771010409396 1.476504439704883
67.928252013370994 1.478543621695245
67.941676844884526 1.480578684495878
67.955045687514968 1.482609642527088
67.968358723137527 1.484636510229313
67.981616132932473 1.486659302343824
67.994818097392439 1.488678033354311
68.007964796319044 1.490692717961463
68.021056408826283 1.492703370786886
68.034093113337178 1.494710006665410
68.047075087590372 1.496712640211306
68.060002508633602 1.498711286395581
68.072875552831874 1.500705959894499
68.085694395863243 1.502696675643098
68.098459212722560 1.504683448475667
68.111170177717980 1.506666293455302
68.123827464479334 1.508645225338678
68.136431245948472 1.510620259381015
68.148981694390500 1.512591410412558
68.161478981391085 1.514558693446491
68.173923277851259 1.516522123800602
68.186314753998630 1.518481716364340
68.198653579381570 1.520437486353483
68.210939922870423 1.522389449001236
68.223173952662762 1.524337619376336
68.235355836279240 1.526282012803592
68.247485740568266 1.528222644468395
68.259563831705236 1.530159529663947
68.271590275194171 1.532092683672872
68.283565235865566 1.534022121955949
68.295488877888204 1.535947859505316
68.307361364754684 1.537869912039854
68.319182859292852 1.539788294832999
68.330953523665812 1.541703023227998
68.342673519370209 1.543614112718623
68.354343007241823 1.545521578616818
68.365962147447092 1.547425436688870
68.377531099497119 1.549325702137474
68.389050022240482 1.551222390564113
68.400519073866263 1.553115517505633
68.411938411903762 1.555005098580263
68.423308193232018 1.556891149047700
68.434628574064888 1.558773684917008
68.445899709969396 1.560652721436092
68.457121755855511 1.562528274385699
68.468294865983097 1.564400359306670
68.479419193960908 1.566268991855463
68.490494892750135 1.568134187597403
68.501522114658229 1.569995962452823
68.512501011351361 1.571854331848133
68.523431733851083 1.573709311427004
68.534314432530408 1.575560917093225
68.545149257119334 1.577409164560842
68.555936356711683 1.579254069310680
68.566675879756986 1.581095647261904
68.577367974066320 1.582933914141226
68.588012786813863 1.584768885673650
68.598610464539803 1.586600577525374
68.609161153145621 1.588429005650089
68.619664997900344 1.590254185783871
68.630122143445149 1.592076133526419
68.640532733787524 1.593894864816535
68.650896912303352 1.595710395570228
68.661214821745645 1.597522741370176
68.671486604239178 1.599331918121324
68.681712401284486 1.601137941613995
68.691892353757027 1.602940827752985
68.702026601911101 1.604740592328109
68.712115285381586 1.606537251124194
68.722158543184563 1.608330819968411
68.732156513716845 1.610121314782487
68.742109334758098 1.611908751460760
68.752017143478554 1.613693145609354
68.761880076428696 1.615474513390566
68.771698269552502 1.617252870416348
68.781471858183664 1.619028232549974
68.791200977041669 1.620800615910895
68.800885760247553 1.622570035949688
68.810526341305405 1.624336509058457
68.820122853127870 1.626100050504207
68.829675428016330 1.627860676555384
68.839184197673958 1.629618402939897
68.848649293204687 1.631373245506205
68.858070845112209 1.633125220219038
68.867448983309117 1.634874342689252
68.876783837104824 1.636620629162898
68.886075535223810 1.638364095102566
68.895324205792946 1.640104756634788
68.904529976351839 1.641842629474725
68.913692973850985 1.643577729493696
68.922813324649610 1.645310072733926
68.931891154530888 1.647039674594011
68.940926588683524 1.648766551410101
68.949919751719563 1.650490718751726
68.958870767670405 1.652212192443429
68.967779759984310 1.653930988501156
68.976646851537254 1.655647122496315
68.985472164623715 1.657360610506434
68.994255820967908 1.659071468152970
69.002997941717652 1.660779711409442
69.011698647453088 1.662485355912867
69.020358058180861 1.664188417644380
69.028976293340975 1.665888912329671
69.037553471808849 1.667586855667240
69.046089711892236 1.669282263571733
69.054585131336623 1.670975151769627
69.063039847326365 1.672665536005671
69.071453976482189 1.674353432211488
69.079827634872146 1.676038855865757
69.088160938003597 1.677721822899515
69.096454000827478 1.679402349112185
69.104706937743103 1.681080450136407
69.112919862598233 1.682756141679253
69.121092888687258 1.684429439595802
69.129226128759782 1.686100359404045
69.137319695014654 1.687768916978058
69.145373699105164 1.689435128005355
69.153388252142548 1.691099008080974
69.161363464696450 1.692760572839769
69.169299446789182 1.694419838269521
69.177196307912183 1.696076819624294
69.185054157014804 1.697731532776627
69.192873102510248 1.699383993372782
69.200653252277306 1.701034217049904
69.208394713664418 1.702682219313592
69.216097593487774 1.704328015827056
69.223761998032202 1.705971622285440
69.231388033056021 1.707613054210805
69.238975803790225 1.709252327235669
69.246525414945324 1.710889456724022
69.254036970700596 1.712524458636437
69.261510574722863 1.714157348080593
69.268946330150044 1.715788141039907
69.276344339611114 1.717416852583644
69.283704705211832 1.719043498552855
69.291027528543907 1.720668094402657
69.298312910687798 1.722290655521464
69.305560952207983 1.723911197593313
69.312771753167141 1.725529735678585
69.319945413105870 1.727146285895300
69.327082031072081 1.728760862986465
69.334181705598482 1.730373482867800
69.341244534718271 1.731984160751502
69.348270615956665 1.733592912330771
69.355260046350224 1.735199752415512
69.362212922422600 1.736804697074072
69.369129340210179 1.738407761180632
69.376009395245717 1.740008960477493
69.382853182575857 1.741608309912967
69.389660796746355 1.743205825228143
69.396432331818900 1.744801521395539
69.403167881358883 1.746395414065381
69.409867538449006 1.747987518273122
69.416531395683677 1.749577849400008
69.423159545171984 1.751166422743952
69.429752078541071 1.752753253497926
69.436309086934102 1.754338357027761
69.442830661016686 1.755921748436025
69.449316890975794 1.757503442949987
69.455767866519395 1.759083455877384
69.462183676880571 1.760661802384345
69.468564410819809 1.762238497589038
69.474910156626166 1.763813556612812
69.481221002113088 1.765386994854070
69.487497034630252 1.766958827177212
69.493738341057394 1.768529068824981
69.499945007807028 1.770097734964506
69.506117120829984 1.771664840549364
69.512254765612411 1.773230400745901
69.518358027177968 1.774794430676627
69.524426990092081 1.776356945311418
69.530461738459380 1.777917959812173
69.536462355931675 1.779477489001990
69.542428925702268 1.781035548052978
69.548361530513247 1.782592151833026
69.554260252647552 1.784147315676192
69.560125173948052 1.785701054007395
69.565956375797654 1.787253382329291
69.571753939141672 1.788804315064456
69.577517944467829 1.790353867720905
69.583248471831098 1.791902054600623
69.588945600831323 1.793448891210570
69.594609410638142 1.794994391844843
69.600239979971562 1.796538571858169
69.605837387117333 1.798081445872824
69.611401709922532 1.799623028804859
69.616933025802254 1.801163335289460
69.622431411728982 1.802702380563884
69.627896944250779 1.804240178996605
69.633329699477869 1.805776745707480
69.638729753095632 1.807312095206244
69.644097180358784 1.808846242366915
69.649432056092593 1.810379202060069
69.654734454703018 1.811910988693581
69.660004450165872 1.813441617296455
69.665242116036225 1.814971102472039
69.670447525448637 1.816499458875154
69.675620751118601 1.818026701141641
69.680761865340259 1.819552844088884
69.685870939995155 1.821077902141277
69.690948046545927 1.822601890107614
69.695993256042485 1.824124822538665
69.701006639120337 1.825646714132323
69.705988266008461 1.827167579232734
69.710938206520112 1.828687432728743
69.715856530065295 1.830206288911683
69.720743305643907 1.831724162495231
69.725598601851488 1.833241067949981
69.730422486878865 1.834757019824155
69.735215028516379 1.836272032505027
69.739976294147468 1.837786120772143
69.744706350762456 1.839299298745907
69.749405264948948 1.840811581104946
69.754073102896299 1.842322982353345
69.758709930402219 1.843833516708460
69.763315812867219 1.845343198734376
69.767890815298784 1.846852042835635
69.772435002312534 1.848360063415154
69.776948438134383 1.849867274819088
69.781431186602106 1.851373691366820
69.785883311163161 1.852879327552955
69.790304874880974 1.854384197596668
69.794695940431836 1.855888315938994
69.799056570111759 1.857391696715212
69.803386825831311 1.858894354392728
69.807686769120465 1.860396303234744
69.811956461131842 1.861897557396239
69.816195962635931 1.863398131336135
69.820405334030113 1.864898039096993
69.824584635331064 1.866397295176025
69.828733926189400 1.867895913351707
69.832853265871464 1.869393908428188
69.836942713282099 1.870891294048627
69.841002326947873 1.872388084813415
69.845032165031611 1.873884294599359
69.849032285325720 1.875379937693938
69.853002745253960 1.876875028350663
69.856943601878967 1.878369580473289
69.860854911895430 1.879863608385620
69.864736731639084 1.881357125988666
69.868589117079694 1.882850147611108
69.872412123830017 1.884342687157492
69.876205807140636 1.885834758865167
69.879970221908295 1.887326376578962
69.883705422669934 1.888817554518561
69.887411463606583 1.890308306747100
69.891088398548689 1.891798647100142
69.894736280971188 1.893288589730206
69.898355163997991 1.894778148600064
69.901945100400653 1.896267337802236
69.905506142605134 1.897756171118625
69.909038342687069 1.899244662638395
69.912541752375461 1.900732826303773
69.916016423053776 1.902220676057207
69.919462405761308 1.903708225813934
69.922879751195012 1.905195489448745
69.926268509706148 1.906682481068702
69.929628731309862 1.908169214315633
69.932960465678249 1.909655703260618
69.936263762147931 1.911141961617711
69.939538669715233 1.912628003414064
69.942785237041022 1.914113842465888
69.946003512452194 1.915599492565818
69.949193543941476 1.917084967562419
69.952355379167813 1.918570281343467
69.955489065461578 1.920055447559884
69.958594649819560 1.921540480188905
69.961672178909438 1.923025393017912
69.964721699072072 1.924510199761040
69.967743256322336 1.925994914133025
69.970736896346793 1.927479550035699
69.973702664508110 1.928964121176156
69.976640605847095 1.930448641202187
69.979550765078969 1.931933124018471
69.982433186600588 1.933417583184065
69.985287914485369 1.934902032588007
69.988114992490807 1.936386485756078
69.990914464054327 1.937870956495371
69.993686372296636 1.939355458478965
69.996430760021681 1.940840005433070
69.999147669721410 1.942324610870478
70.001837143570569 1.943809288644452
70.004499223433768 1.945294052265619
70.007133950862553 1.946778915460484
70.009741367096396 1.948263891949862
70.012321513070873 1.949748995046542
70.014874429407229 1.951234238703050
70.017400156421402 1.952719636411527
70.019898734123231 1.954205201763131
70.022370202216905 1.955690948371160
70.024814600103653 1.957176889751990
70.027231966878219 1.958663039667522
70.029622341335752 1.960149411541345
70.031985761970063 1.961636018949781
70.034322266974669 1.963122875457200
70.036631894244437 1.964609994584866
70.038914681371125 1.966097390154868
70.041170665658811 1.967585075173180
70.043399884105398 1.969073063732850
70.045602373419783 1.970561369012138
70.047778170016386 1.972050004544518
70.049927310013658 1.973538983996385
70.052049829239010 1.975028320809635
70.054145763229783 1.976518028415842
70.056215147232294 1.978008120347739
70.058258016204206 1.979498610060744
70.060274404811267 1.980989511232961
70.062264347438088 1.982480836990174
70.064227878176283 1.983972601172579
70.066165030839102 1.985464816843641
70.068075838947678 1.986957497887821
70.069960335745762 1.988450657411593
70.071818554190244 1.989944309099418
70.073650526959753 1.991438466200284
70.075456286448770 1.992933142342674
70.077235864774295 1.994428350824577
70.078989293776232 1.995924104970763
70.080716605009542 1.997420418598911
70.082417829758867 1.998917304741552
70.084092999030815 2.000414776920280
70.085742143555777 2.001912848597000
70.087365293787300 2.003411533319291
70.088962479913647 2.004910844020383
70.090533731842115 2.006410794576485
70.092079079211032 2.007911398228101
70.093598551389434 2.009412668275955
70.095092177473347 2.010914618284501
70.096559986292476 2.012417261478106
70.098002006408478 2.013920611232243
70.099418266111513 2.015424681160817
70.100808793431483 2.016929484284358
70.102173616128198 2.018435034229449
70.103512761695228 2.019941344452520
70.104826257370533 2.021448427840300
70.106114130117462 2.022956298425218
70.107376406645571 2.024464969080622
70.108613113400992 2.025974453283498
70.109824276566215 2.027484764572227
70.111009922068746 2.028995916025087
70.112170075573260 2.030507921227573
70.113304762486493 2.032020793519842
70.114414007962552 2.033534545984835
70.115497836893965 2.035049192272643
70.116556273916657 2.036564745782009
70.117589343419468 2.038081219412486
70.118597069525734 2.039598627176350
70.119579476115945 2.041116981813994
70.120536586813557 2.042636296934754
70.121468424986787 2.044156586092553
70.122375013760106 2.045677862215162
70.123256376002445 2.047200138962660
70.124112534334714 2.048723429601473
70.124943511132798 2.050247747266640
70.125749328517415 2.051773105738897
70.126530008365847 2.053299518146295
70.127285572313738 2.054826997562754
70.128016041742782 2.056355557829280
70.128721437794809 2.057885212002533
70.129401781367449 2.059415973442206
70.130057093112157 2.060947855661532
70.130687393440311 2.062480871870247
70.131292702520710 2.064015035460604
70.131873040280979 2.065550359791232
70.132428426405696 2.067086858374984
70.132958880346507 2.068624544172332
70.133464421307423 2.070163431053755
70.133945068261369 2.071703531963145
70.134400839937541 2.073244860627144
70.134831754834849 2.074787430027891
70.135237831208684 2.076331253970757
70.135619087083455 2.077876345567483
70.135975540250143 2.079422718115646
70.136307208262167 2.080970385200485
70.136614108438465 2.082519360271580
70.136896257869381 2.084069656470294
70.137153673412939 2.085621287206501
70.137386371691122 2.087174266151649
70.137594369097371 2.088728606576330
70.137777681798596 2.090284321675945
70.137936325727523 2.091841425141229
70.138070316589079 2.093399930334119
70.138179669862552 2.094959850521473
70.138264400797780 2.096521199249588
70.138324524417030 2.098083989990360
70.138360055518731 2.099648236036119
70.138371008672962 2.101213950999708
70.138357398226660 2.102781148216051
70.138319238303637 2.104349841066780
70.138256542800136 2.105920043243569
70.138169325394969 2.107491767873508
70.138057599536822 2.109065028885089
70.137921378461442 2.110639839222900
70.137760675176466 2.112216212784757
70.137575502471634 2.113794162893512
70.137365872917954 2.115373702970825
70.137131798864871 2.116954846647982
70.136873292442203 2.118537607486211
70.136590365564999 2.120121998790315
70.136283029929189 2.121708034179719
70.135951297011928 2.123295727287533
70.135595178075221 2.124885091574297
70.135214684166968 2.126476140482330
70.134809826116410 2.128068887767754
70.134380614540021 2.129663346876197
70.133927059842406 2.131259531237499
70.133449172207435 2.132857454868639
70.132946961614650 2.134457130825687
70.132420437826127 2.136058573011669
70.131869610390098 2.137661795150087
70.131294488649232 2.139266810500391
70.130695081733066 2.140873632828866
70.130071398555884 2.142482276074396
70.129423447830362 2.144092753381165
70.128751238054832 2.145705078720441
70.128054777520077 2.147319265682298
70.127334074309559 2.148935327896214
70.126589136297440 2.150553279143627
70.125819971152183 2.152173133037416
70.125026586334513 2.153794903352748
70.124208989102485 2.155418603595298
70.123367186500886 2.157044247971705
70.122501185377288 2.158671849734574
70.121610992373519 2.160301422708735
70.120696613922505 2.161932980957827
70.119758056258732 2.163566537936939
70.118795325410062 2.165202107655303
70.117808427204608 2.166839703734970
70.116797367265718 2.168479340151822
70.115762151017975 2.170121030556353
70.114702783682830 2.171764788905115
70.113619270280779 2.173410629069469
70.112511615633963 2.175058564795521
70.111379824363297 2.176708610053924
70.110223900889778 2.178360778777314
70.109043849438194 2.180015084705512
70.107839674034224 2.181671541804904
70.106611378501924 2.183330164240348
70.105358966473389 2.184990965615929
70.104082441382516 2.186653959967572
70.102781806461564 2.188319161587639
70.101457064753703 2.189986584029225
70.100108219102708 2.191656241528583
70.098735272156475 2.193328148147032
70.097338226369857 2.195002317811620
70.095917084003887 2.196678764536770
70.094471847124723 2.198357502447981
70.093002517603054 2.200038545748394
70.091509097119626 2.201721908342114
70.089991587161606 2.203407604396650
70.088449989021726 2.205095648180995
70.086884303805320 2.206786053559012
70.085294532420960 2.208478835034989
70.083680675589520 2.210174006574165
70.082042733842528 2.211871582294325
70.080380707516696 2.213571576701437
70.078694596761451 2.215274003864272
70.076984401538937 2.216978877896856
70.075250121616975 2.218686213400511
70.073491756579926 2.220396024331472
70.071709305820889 2.222108325183042
70.069902768545944 2.223823130219302
70.068072143772085 2.225540453880913
70.066217430332259 2.227260310332106
70.064338626869130 2.228982714174363
70.062435731840921 2.230707679677825
70.060508743519961 2.232435221252323
70.058557659991351 2.234165353430945
70.056582479154713 2.235898090681730
70.054583198728153 2.237633447261489
70.052559816240574 2.239371437957740
70.050512329037403 2.241112077238776
70.048440734283673 2.242855379417106
70.046345028956253 2.244601359342964
70.044225209850396 2.246350031493749
70.042081273579754 2.248101410387262
70.039913216572430 2.249855510835058
70.037721035077126 2.251612347301797
70.035504725159555 2.253371934521653
70.033264282701552 2.255134287328042
70.030999703406636 2.256899420243995
70.028710982795957 2.258667348094549
70.026398116210075 2.260438085630913
70.024061098807792 2.262211647723604
70.021699925571198 2.263988048964142
70.019314591298297 2.265767304458534
70.016905090610848 2.267549428852920
70.014471417949352 2.269334437157319
70.012013567577156 2.271122344163208
70.009531533577146 2.272913164916507
70.007025309854299 2.274706914342216
70.004494890136996 2.276503607326162
70.001940267974518 2.278303258953474
69.999361436737559 2.280105884325695
69.996758389621021 2.281911498404752
69.994131119644692 2.283720116148479
69.991479619649056 2.285531752835314
69.988803882295286 2.287346423786837
69.986103900076344 2.289164143642495
69.983379665303843 2.290984927944503
69.980631170110286 2.292808792134824
69.977858406462772 2.294635750794267
69.975061366146377 2.296465819648240
69.972240040770757 2.298299014023484
69.969394421773231 2.300135349092158
69.966524500417719 2.301974840139012
69.963630267791615 2.303817502699693
69.960711714808895 2.305663352150371
69.957768832211528 2.307512403816482
69.954801610566349 2.309364673270589
69.951810040267247 2.311220175995017
69.948794111533076 2.313078927644679
69.945753814417358 2.314940943282628
69.942689138791934 2.316806239096006
69.939600074361280 2.318674830369321
69.936486610655777 2.320546732880733
69.933348737037903 2.322421962033129
69.930186442692076 2.324300533959805
69.926999716635919 2.326182464083858
69.923788547715873 2.328067768166556
69.920552924604294 2.329956462203983
69.917292835804588 2.331848561903390
69.914008269649798 2.333744083103595
69.910699214302142 2.335643041721257
69.907365657751072 2.337545453848181
69.904007587821937 2.339451335046807
69.900624992162776 2.341360701797071
69.897217858258571 2.343273569685409
69.893786173420750 2.345189955035215
69.890329924790819 2.347109873975194
69.886849099344531 2.349033342402131
69.883343683887048 2.350960376578619
69.879813665052495 2.352890992850873
69.876259029309850 2.354825207208947
69.872679762957119 2.356763036077540
69.869075852125789 2.358704495637916
69.865447282775975 2.360649602435104
69.861794040703515 2.362598372587414
69.858116111534926 2.364550822593870
69.854413480728113 2.366506968960344
69.850686133573802 2.368466828135462
69.846934055196229 2.370430416570690
69.843157230551370 2.372397750881372
69.839355644427371 2.374368847702337
69.835529281447592 2.376343723513122
69.831678126066095 2.378322395136457
69.827802162571857 2.380304879163768
69.823901375086152 2.382291192407527
69.819975747564627 2.384281351590304
69.816025263794913 2.386275373635637
69.812049907401970 2.388273275164354
69.808049661839604 2.390275073409619
69.804024510399344 2.392280785055601
69.799974436205332 2.394290427171239
69.795899422216991 2.396304016709868
69.791799451225287 2.398321570908194
69.787674505860139 2.400343106558137
69.783524568581143 2.402368641125334
69.779349621686421 2.404398191526142
69.775149647306648 2.406431775122617
69.770924627407055 2.408469409200530
69.766674543789208 2.410511110965207
69.762399378087721 2.412556897893471
69.758099111776588 2.414606787084692
69.753773726158556 2.416660796407044
69.749423202375482 2.418718943074940
69.745047521405070 2.420781244567270
69.740646664060236 2.422847718462579
69.736220610986450 2.424918382569996
69.731769342666055 2.426993254444503
69.727292839420002 2.429072351581483
69.722791081402548 2.431155691880639
69.718264048602080 2.433243293243926
69.713711720844913 2.435335173353724
69.709134077793252 2.437431350083847
69.704531098944770 2.439531841394789
69.699902763632878 2.441636665265737
69.695249051026693 2.443745839739445
69.690569940132619 2.445859382794943
69.685865409792754 2.447977312571845
69.681135438684109 2.450099647313888
69.676380005319785 2.452226405237571
69.671599088054649 2.454357604209755
69.666792665070716 2.456493263171819
69.661960714393132 2.458633399998244
69.657103213880134 2.460778033317490
69.652220141230657 2.462927181276267
69.647311473973289 2.465080862846159
69.642377189476633 2.467239096324672
69.637417264947175 2.469401900210873
69.632431677428229 2.471569293130357
69.627420403793778 2.473741294191134
69.622383420759689 2.475917921767746
69.617320704879333 2.478099194591759
69.612232232537480 2.480285131881212
69.607117979958716 2.482475752311075
69.601977923202440 2.484671074960250
69.596812038169162 2.486871118520764
69.591620300590407 2.489075902449243
69.586402686035527 2.491285445769316
69.581159169911587 2.493499767571683
69.575889727463704 2.495718886974342
69.570594333769378 2.497942823550320
69.565272963744420 2.500171596507120
69.559925592142690 2.502405225124302
69.554552193553107 2.504643728947478
69.549152742402370 2.506887127383609
69.543727212949506 2.509135440280524
69.538275579293597 2.511388686994567
69.532797815371552 2.513646887090299
69.527293894953161 2.515910060543205
69.521763791645100 2.518178227095675
69.516207478888845 2.520451406697410
69.510624929969765 2.522729618704769
69.505016118000185 2.525012883733436
69.499381015931377 2.527301221600323
69.493719596552722 2.529594652246263
69.488031832489369 2.531893195825613
69.482317696201918 2.534196872571783
69.476577159983449 2.536505702995632
69.470810195967900 2.538819707057637
69.465016776122724 2.541138905303184
69.459196872253742 2.543463317986659
69.453350455997267 2.545792965984258
69.447477498830892 2.548127869457297
69.441577972062660 2.550468049398692
69.435651846841623 2.552813526102919
69.429699094147225 2.555164320685543
69.423719684797348 2.557520453740421
69.417713589443579 2.559881946262199
69.411680778575004 2.562248819025517
69.405621222511698 2.564621093342761
69.399534891412927 2.566998789982740
69.393421755271632 2.569381930177292
69.387281783915114 2.571770535169258
69.381114947004178 2.574164626317190
69.374921214037627 2.576564224722032
69.368700554347015 2.578969351915795
69.362452937096847 2.581380029480122
69.356178331288959 2.583796278744326
69.349876705757367 2.586218121461383
69.343548029171416 2.588645579226944
69.337192270034436 2.591078673783760
69.330809396683136 2.593517426992627
69.324399377287918 2.595961860744054
69.317962179855016 2.598411996836083
69.311497772221003 2.600867857527618
69.305006122058813 2.603329464704544
69.298487196873069 2.605796840653887
69.291940964002691 2.608270007531962
69.285367390618816 2.610748987711166
69.278766443726312 2.613233803520266
69.272138090163423 2.615724477368798
69.265482296598435 2.618221031980986
69.258799029537542 2.620723489565578
69.252088255312472 2.623231873303300
69.245349940093391 2.625746205486517
69.238584049879378 2.628266509179291
69.231790550502993 2.630792807171659
69.224969407626631 2.633325122583502
69.218120586746934 2.635863478277297
69.211244053191393 2.638407897431554
69.204339772117947 2.640958403319057
69.197407708518725 2.643515019001434
69.190447827210733 2.646077768293233
69.183460092849231 2.648646674093038
69.176444469916333 2.651221760195140
69.169400922725274 2.653803050159649
69.162329415421326 2.656390567539705
69.155229911975596 2.658984336409188
69.148102376195283 2.661584380159874
69.140946771714056 2.664190722956492
69.133763061997641 2.666803388621247
69.126551210335535 2.669422401659614
69.119311179853383 2.672047785720487
69.112042933504853 2.674679565136860
69.104746434069597 2.677317764450986
69.097421644158999 2.679962407850855
69.090068526209066 2.682613520124931
69.082687042490875 2.685271125353522
69.075277155097979 2.687935248618850
69.067838825955633 2.690605914395351
69.060372016812821 2.693283147820429
69.052876689249942 2.695966973517939
69.045352804674764 2.698657416503822
69.037800324320685 2.701354501976121
69.030219209249069 2.704058255046654
69.022609420344622 2.706768701234990
69.014970918324039 2.709485865489381
69.007303663728635 2.712209773380330
68.999607616926355 2.714940450404064
68.991882738106739 2.717677922507993
68.984128987289040 2.720422215097833
68.976346324318911 2.723173353908296
68.968534708865974 2.725931364929437
68.960694100422742 2.728696274305030
68.952824458308427 2.731468107968191
68.944925741666736 2.734246892094049
68.936997909468118 2.737032652763337
68.929040920503240 2.739825416622293
68.921054733386569 2.742625210126004
68.913039306558332 2.745432059655295
68.904994598281846 2.748245991875510
68.896920566643729 2.751067033502772
68.888817169552411 2.753895211448748
68.880684364737178 2.756730552781232
68.872522109753277 2.759573084246430
68.864330361977210 2.762422833037833
68.856109078606110 2.765279826464278
68.847858216658622 2.768144091857266
68.839577732973595 2.771015656720360
68.831267584214004 2.773894548336354
68.822927726862659 2.776780794402623
68.814558117220400 2.779674422828482
68.806158711410760 2.782575461248428
68.797729465375369 2.785483937734267
68.789270334877557 2.788399880157051
68.780781275498313 2.791323316781678
68.772262242637396 2.794254275872019
68.763713191515208 2.797192785626825
68.755134077169060 2.800138874617588
68.746524854454194 2.803092571417969
68.737885478046067 2.806053904510364
68.729215902434731 2.809022902896858
68.720516081928352 2.811999595385907
68.711785970653594 2.814984010846720
68.703025522551826 2.817976178525178
68.694234691383215 2.820976127432628
68.685413430720658 2.823983887141187
68.676561693956387 2.826999486792427
68.667679434293248 2.830022956294286
68.658766604754291 2.833054324896440
68.649823158177043 2.836093622378318
68.640849047208093 2.839140879028800
68.631844224313483 2.842196124422488
68.622808641770746 2.845259388831355
68.613742251672988 2.848330702307860
68.604645005924993 2.851410095288033
68.595516856241403 2.854497598453170
68.586357754154690 2.857593241937690
68.577167651007372 2.860697056585267
68.567946497953130 2.863809073233042
68.558694245957895 2.866929322735762
68.549410845795649 2.870057836361696
68.540096248057409 2.873194644769062
68.530750403138939 2.876339779670527
68.521373261249408 2.879493272194446
68.511964772406529 2.882655153943982
68.502524886434330 2.885825456791201
68.493053552973009 2.889004211927773
68.483550721464269 2.892191451792703
68.474016341163377 2.895387207971896
68.464450361128655 2.898591512975306
68.454852730230030 2.901804398732577
68.445223397142840 2.905025897765747
68.435562310349979 2.908256042510606
68.425869418139754 2.911494865684555
68.416144668605639 2.914742400116072
68.406388009649945 2.917998678436488
68.396599388978103 2.921263733841341
68.386778754100746 2.924537599445634
68.376926052332408 2.927820308579059
68.367041230792736 2.931111894571695
68.357124236404701 2.934412390995504
68.347175015894763 2.937721831508087
68.337193515792961 2.941040249865231
68.327179682429673 2.944367680187503
68.317133461938724 2.947704156441744
68.307054800257831 2.951049712663756
68.296943643122603 2.954404383476414
68.286799936071631 2.957768203198798
68.276623624441100 2.961141206684932
68.266414653372436 2.964523428280339
68.256172967802087 2.967914903256019
68.245898512469708 2.971315666338206
68.235591231907947 2.974725753165457
68.225251070453425 2.978145198621322
68.214877972240188 2.981574038205612
68.204471881196312 2.985012307812301
68.194032741049838 2.988460042955200
68.183560495324443 2.991917279617764
68.173055087341922 2.995384053684647
68.162516460217105 2.998860401565308
68.151944556861949 3.002346359448907
68.141339319982379 3.005841963889734
68.130700692079614 3.009347251450822
68.120028615449229 3.012862258880964
68.109323032179404 3.016387023182172
68.098583884151608 3.019921581419121
68.087811113040402 3.023465970784689
68.077004660313406 3.027020228590046
68.066164467228774 3.030584392466057
68.055290474835388 3.034158500143096
68.044382623974087 3.037742589372773
68.033440855276197 3.041336698136075
68.022465109164060 3.044940864496342
68.011455325846256 3.048555127023260
68.000411445322300 3.052179524015946
67.989333407381977 3.055814093956906
67.978221151598476 3.059458876002228
67.967074617338369 3.063113908617946
67.955893743749684 3.066779231368178
67.944678469770537 3.070454883222593
67.933428734124305 3.074140903685803
67.922144475320749 3.077837332277380
67.910825631652386 3.081544208948734
67.899472141198117 3.085261573476166
67.888083941820994 3.088989465938251
67.876660971167965 3.092727926574680
67.865203166667882 3.096476995899565
67.853710465532458 3.100236714484899
67.842182804756632 3.104007123001097
67.830620121115430 3.107788262498600
67.819022351167646 3.111580173862336
67.807389431248623 3.115382898697561
67.795721297477868 3.119196478112925
67.784017885751624 3.123020953960632
67.772279131746473 3.126856367931348
67.760504970915463 3.130702762161667
67.748695338493874 3.134560178451638
67.736850169490779 3.138428659430786
67.724969398693602 3.142308247484706
67.713052960665735 3.146198985334957
67.701100789745922 3.150100915892339
67.689112820049672 3.154014082076165
67.677088985465687 3.157938527257615
67.665029219659985 3.161874294586488
67.652933456068382 3.165821427990086
67.640801627901169 3.169779971137490
67.628633668141859 3.173749967949644
67.616429509546975 3.177731462501706
67.604189084642812 3.181724499285037
67.591912325727449 3.185729122758843
67.579599164869066 3.189745377676537
67.567249533904445 3.193773309054849
67.554863364443577 3.197812961672040
67.542440587860654 3.201864381206094
67.529981135301355 3.205927612870888
67.517484937676684 3.210002702546884
67.504951925666660 3.214089695950050
67.492382029715571 3.218188639346914
67.479775180033926 3.222299578992105
67.467131306601289 3.226422561040120
67.454450339156992 3.230557632597334
67.441732207207039 3.234704840327488
67.428976840019445 3.238864231444592
67.416184166627644 3.243035853031484
67.403354115823774 3.247219752889859
67.390486616167379 3.251415978237906
67.377581595973624 3.255624577460519
67.364638983320575 3.259845598468447
67.351658706046877 3.264079089537116
67.338640691749205 3.268325099313300
67.325584867784187 3.272583676440069
67.312491161267431 3.276854869808208
67.299359499068885 3.281138728861815
67.286189807817706 3.285435302792243
67.272982013901569 3.289744641012081
67.259736043458432 3.294066793810150
67.246451822387925 3.298401810651373
67.233129276338772 3.302749742259471
67.219768330715922 3.307110638902848
67.206368910677554 3.311484551280844
67.192930941134648 3.315871530295364
67.179454346750859 3.320271627028361
67.165939051940185 3.324684892935029
67.152384980864284 3.329111379875901
67.138792057441933 3.333551139061455
67.125160205337934 3.338004222837285
67.111489347964465 3.342470683607471
67.097779408483390 3.346950573751319
67.084030309804490 3.351443945974596
67.070241974583183 3.355950853362649
67.056414325225276 3.360471348760987
67.042547283876729 3.365005486087359
67.028640772430236 3.369553318872577
67.014694712524943 3.374114900842020
67.000709025541880 3.378690286304149
66.986683632607622 3.383279529442979
66.972618454587320 3.387882685218598
66.958513412089161 3.392499808397105
66.944368425464305 3.397130953933392
66.930183414803238 3.401776177290891
66.915958299935340 3.406435534154240
66.901693000430001 3.411109080308238
66.887387435595556 3.415796871807991
66.873041524475624 3.420498965239500
66.858655185855156 3.425215416836158
66.844228338251199 3.429946283842794
66.829760899919535 3.434691623111991
66.815252788849406 3.439451492165675
66.800703922763716 3.444225948689255
66.786114219122595 3.449015050269050
66.771483595115740 3.453818855354864
66.756811967667048 3.458637422195564
66.742099253429728 3.463470809664621
66.727345368789543 3.468319076562524
66.712550229864831 3.473182281885604
66.697713752498814 3.478060485516200
66.682835852267885 3.482953746810026
66.667916444473150 3.487862126082359
66.652955444144553 3.492785683486926
66.637952766040527 3.497724479423297
66.622908324642992 3.502678574941842
66.607822034160307 3.507648031047839
66.592693808525809 3.512632909084656
66.577523561396575 3.517633270724374
66.562311206152657 3.522649177926192
66.547056655896441 3.527680692917850
66.531759823453370 3.532727878082774
66.516420621368056 3.537790796373846
66.501038961907526 3.542869510673425
66.485614757056453 3.547964084516367
66.470147918520638 3.553074581343735
66.454638357723923 3.558201065097734
66.439085985804383 3.563343600296085
66.423490713620936 3.568502251089027
66.407852451746692 3.573677082444336
66.392171110470557 3.578868159428499
66.376446599796367 3.584075547404455
66.360678829439607 3.589299312278081
66.344867708832325 3.594539519735303
66.329013147116186 3.599796236329055
66.313115053147769 3.605069528371055
66.297173335490100 3.610359463176464
66.281187902420100 3.615666107623961
66.265158661922939 3.620989529350758
66.249085521692550 3.626329796185935
66.232968389130136 3.631686976335620
66.216807171346403 3.637061138056883
66.200601775155434 3.642452350399753
66.184352107079619 3.647860682225955
66.168058073346259 3.653286202943778
66.151719579884087 3.658728982547246
66.135336532328878 3.664189090750448
66.118908836016928 3.669666598131128
66.102436395989002 3.675161575159550
66.085919116983931 3.680674093149523
66.069356903443932 3.686204223179686
66.052749659509203 3.691752037096172
66.036097289018144 3.697317606977871
66.019399695510543 3.702901004877265
66.002656782223085 3.708502303522645
65.985868452085313 3.714121576288021
65.969034607728005 3.719758896031725
65.952155151474102 3.725414336729516
65.935229985339618 3.731087972539038
65.918259011037904 3.736779877500156
65.901242129974989 3.742490126349055
65.884179243246834 3.748218794368123
65.867070251641280 3.753965956923065
65.849915055638434 3.759731689628425
65.832713555405448 3.765516068866541
65.815465650801869 3.771319170804578
65.798171241374476 3.777141072369244
65.780830226356670 3.782981850836216
65.763442504670294 3.788841583602892
65.746007974922236 3.794720348660551
65.728526535402736 3.800618224461954
65.710998084090178 3.806535289298814
65.693422518646571 3.812471622184474
65.675799736414035 3.818427302756090
65.658129634419083 3.824402410543995
65.640412109369237 3.830397025704306
65.622647057651648 3.836411228820746
65.604834375334221 3.842445100672829
65.586973958165373 3.848498722370179
65.569065701570850 3.854572175635360
65.551109500653027 3.860665542552280
65.533105250192847 3.866778905354926
65.515052844644813 3.872912347039760
65.496952178140916 3.879065950565420
65.478803144486918 3.885239799544340
65.460605637164448 3.891433977728775
65.442359549325218 3.897648569716178
65.424064773794711 3.903883660095241
65.405721203067799 3.910139334188037
65.387328729311776 3.916415677356774
65.368887244364316 3.922712775488194
65.350396639733319 3.929030714810604
65.331856806591901 3.935369582362253
65.313267635782992 3.941729465084924
65.294629017813747 3.948110450783723
65.275940842860919 3.954512627089570
65.257203000764548 3.960936082582585
65.238415381031359 3.967380905857016
65.219577872828722 3.973847186430186
65.200690364989526 3.980335013706015
65.181752746007092 3.986844477913746
65.162764904036266 3.993375669540663
65.143726726894855 3.999928679287133
65.124638102060231 4.006503598532990
65.105498916666647 4.013100519280457
65.086309057509723 4.019719533446477
65.067068411039827 4.026360733964552
65.047776863365797 4.033024213768585
65.028434300253650 4.039710066281288
65.009040607123239 4.046418385618685
64.989595669051127 4.053149265993478
64.970099370765993 4.059902802434233
64.950551596650286 4.066679090185407
64.930952230737915 4.073478225096228
64.911301156716675 4.080300303160390
64.891598257923391 4.087145421226205
64.871843417346014 4.094013676324183
64.852036517624271 4.100905165808855
64.832177441042404 4.107819988132341
64.812266069533862 4.114758241685466
64.792302284680488 4.121720025331705
64.772285967711028 4.128705438476629
64.752216999499524 4.135714581081296
64.732095260565401 4.142747553509651
64.711920631071436 4.149804456719275
64.691692990825217 4.156885391939438
64.671412219275439 4.163990461168306
64.651078195515538 4.171119766467489
64.630690798278835 4.178273410784368
64.610249905941956 4.185451497149799
64.589755396518427 4.192654129647512
64.569207147661842 4.199881412468415
64.548605036665407 4.207133450277885
64.527948940459609 4.214410348402803
64.507238735613541 4.221712212463707
64.486474298332681 4.229039148737817
64.465655504456834 4.236391264144229
64.444782229462476 4.243768665807613
64.423854348459528 4.251171461611865
64.402871736192452 4.258599759786683
64.381834267039551 4.266053669064008
64.360741815012446 4.273533298697270
64.339594253751358 4.281038758841294
64.318391456531401 4.288570159500326
