-0.000067339105716 1.683460021525294
-0.665393265285880 1.943913727463389
-0.553115201797166 2.195642428148694
-0.477899487388041 2.439495233940773
-0.423230926795198 2.676286422916406
-0.381202823940041 2.906743697817504
-0.347590454276009 3.131498917368164
-0.319925796128805 3.351095100896456
-0.296659504588619 3.565998221897500
-0.276761167802874 3.776609262595695
-0.259513061173318 3.983274963720248
-0.244396306670444 4.186296899746851
-0.231024283811440 4.385938958898934
-0.219101692392996 4.582433448632398
-0.208398289771656 4.775986067260241
-0.198731416740621 4.966779958728059
-0.189954002016116 5.154979032219953
-0.181946103578739 5.340730693546403
-0.174608804157686 5.524168105252105
-0.167859716125532 5.705412067836184
-0.161629612803631 5.884572594941003
-0.155859864367846 6.061750240107167
-0.150500459470594 6.237037220629155
-0.145508459752103 6.410518374827620
-0.140846779277493 6.582271981730065
-0.136483210928520 6.752370466472805
-0.132389642727975 6.920881010266027
-0.128541421792001 7.087866080240651
-0.124916834201249 7.253383891678046
-0.121496676633418 7.417488812910260
-0.118263901298626 7.580231721373551
-0.115203319837150 7.741660317862822
-0.112301355004791 7.901819404859801
-0.109545831321235 8.060751133862295
-0.106925797709630 8.218495225854129
-0.104431376510862 8.375089168429708
-0.102053634429929 8.530568392533739
-0.099784471718688 8.684966431367167
-0.097616526688733 8.838315063618545
-0.095543093099922 8.990644442890099
-0.093558048449352 9.141983214922130
-0.091655791509270 9.292358624004654
-0.089831187744824 9.441796609782564
-0.088079521460378 9.590321895510780
-0.086396453826771 9.737958068619736
-0.084777985659477 9.884727654528257
-0.083220424804294 10.030652184231920
-0.081720357039818 10.175752256410551
-0.080274620301969 10.320047594555820
-0.078880281731028 10.463557099604571
-0.077534617177571 10.606298898513900
-0.076235092891898 10.748290389147181
-0.074979349094974 10.889548281823263
-0.073765185246122 11.030088637817400
-0.072590546769691 11.169926905097237
-0.071453513105639 11.309077951525664
-0.070352286912521 11.447556095752743
-0.069285184295748 11.585375135995864
-0.068250625968168 11.722548376873641
-0.067247129212099 11.859088654463969
-0.066273300581665 11.995008359723442
-0.065327829257966 12.130319460399088
-0.064409480987915 12.265033521552674
-0.063517092553935 12.399161724801909
-0.062649566715964 12.532714886377294
-0.061805867576912 12.665703474086445
-0.060985016345641 12.798137623257713
-0.060186087435028 12.930027151747385
-0.059408204878078 13.061381574076460
-0.058650539046548 13.192210114745734
-0.057912303597738 13.322521720811146
-0.057192752692242 13.452325073743589
-0.056491178402899 13.581628600639998
-0.055806908323931 13.710440484826472
-0.055139303369304 13.838768675885175
-0.054487755722470 13.966620899152232
-0.053851686938088 14.094004664719074
-0.053230546187115 14.220927275963332
-0.052623808617953 14.347395837646797
-0.052030973840081 14.473417263601245
-0.051451564508643 14.598998284031536
-0.050885125008819 14.724145452457151
-0.050331220227642 14.848865152315716
-0.049789434411396 14.973163603245926
-0.049259370093813 15.097046867073352
-0.048740647103136 15.220520853508752
-0.048232901618289 15.343591325589701
-0.047735785292188 15.466263904874557
-0.047248964512005 15.588544076324592
-0.046772119458428 15.710437193128419
-0.046304943561536 15.831948481149045
-0.045847142742398 15.953083043250640
-0.045398434791994 16.073845863424740
-0.044958548782416 16.194241810731295
-0.044527224500053 16.314275643077348
-0.044104211925150 16.433952010829124
-0.043689270732271 16.553275460275724
-0.043282169824201 16.672250436947536
-0.042882686893283 16.790881288796108
-0.042490608004948 16.909172269245161
-0.042105727203808 17.027127540120301
-0.041727846149095 17.144751174455557
-0.041356773759306 17.262047159194385
-0.040992325887728 17.379019397778094
-0.040634325002127 17.495671712641506
-0.040282599899507 17.612007847601088
-0.039936985416394 17.728031470161802
-0.039597322169548 17.843746173730182
-0.039263456304596 17.959155479744020
-0.038935239253050 18.074262839727687
-0.038612527514842 18.189071637262042
-0.038295182432222 18.303585189894790
-0.037983070000513 18.417806750965365
-0.037676060659992 18.531739511380227
-0.037374029125144 18.645386601310005
-0.037076854200653 18.758751091836618
-0.036784418619002 18.871835996538191
-0.036496608885182 18.984644273015139
-0.036213315118834 19.097178824371678
-0.035934430918245 19.209442500637934
-0.035659853221590 19.321438100145809
-0.035389482170815 19.433168370865285
-0.035123221001840 19.544636011678836
-0.034860975909652 19.655843673632678
-0.034602655946770 19.766793961133136
-0.034348172911320 19.877489433108398
-0.034097441244900 19.987932604131323
-0.033850377933500 20.098125945506702
-0.033606902417111 20.208071886319040
-0.033366936492513 20.317772814455889
-0.033130404236673 20.427231077587255
-0.032897231916599 20.536448984123865
-0.032667347918928 20.645428804135193
-0.032440682666010 20.754172770249667
-0.032217168549298 20.862683078520273
-0.031996739862538 20.970961889260661
-0.031779332728383 21.079011327864873
-0.031564885042783 21.186833485592388
-0.031353336408615 21.294430420336571
-0.031144628082582 21.401804157363458
-0.030938702912972 21.508956690036712
-0.030735505295174 21.615889980509241
-0.030534981110174 21.722605960407432
-0.030337077683437 21.829106531484570
-0.030141743733826 21.935393566259851
-0.029948929325699 22.041468908642130
-0.029758585833544 22.147334374524288
-0.029570665889649 22.252991752374292
-0.029385123353492 22.358442803796109
-0.029201913262328 22.463689264088934
-0.029020991806539 22.568732842773205
-0.028842316280971 22.673575224119102
-0.028665845060057 22.778218067646868
-0.028491537558584 22.882663008621297
-0.028319354205296 22.986911658524466
-0.028149256404399 23.090965605526090
-0.027981206511291 23.194826414933203
-0.027815167805626 23.298495629625002
-0.027651104456634 23.401974770485751
-0.027488981506126 23.505265336812158
-0.027328764830863 23.608368806726808
-0.027170421130331 23.711286637562448
-0.027013917892630 23.814020266250630
-0.026859223379726 23.916571109687869
-0.026706306598616 24.018940565101637
-0.026555137281930 24.121130010403629
-0.026405685871615 24.223140804527148
-0.026257923480321 24.324974287783327
-0.026111821940535 24.426631782105304
-0.025967353648949 24.528114591490436
-0.025824491690238 24.629424002220450
-0.025683209745210 24.730561283185672
-0.025543482091236 24.831527686175370
-0.025405283584009 24.932324446163499
-0.025268589642836 25.032952781585475
-0.025133376236732 25.133413894605713
-0.024999619864630 25.233708971386054
-0.024867297548076 25.333839182336654
-0.024736386812872 25.433805682367314
-0.024606865676454 25.533609611131382
-0.024478712633895 25.633252093265106
-0.024351906650761 25.732734238612412
-0.024226427142482 25.832057142457376
-0.024102253970315 25.931221885738676
-0.023979367425235 26.030229535266049
-0.023857748219052 26.129081143927991
-0.023737377472488 26.227777750896092
-0.023618236705861 26.326320381822718
-0.023500307828149 26.424710049035077
-0.023383573128099 26.522947751723120
-0.023268015263856 26.621034476124258
-0.023153617253435 26.718971195704114
-0.023040362468628 26.816758871328265
-0.022928234622749 26.914398451435517
-0.022817217764593 27.011890872203278
-0.022707296267173 27.109237057713976
-0.022598454825335 27.206437920108311
-0.022490678443199 27.303494359742800
-0.022383952429122 27.400407265339538
-0.022278262385476 27.497177514137356
-0.022173594206550 27.593805972031035
-0.022069934067360 27.690293493714456
-0.021967268418597 27.786640922817703
-0.021865583981031 27.882849092039383
-0.021764867736596 27.978918823280271
-0.021665106925247 28.074850927768846
-0.021566289038901 28.170646206183864
-0.021468401811163 28.266305448781910
-0.021371433216619 28.361829435513553
-0.021275371466393 28.457218936134804
-0.021180204994674 28.552474710330323
-0.021085922463278 28.647597507816744
-0.020992512751725 28.742588068452108
-0.020899964951094 28.837447122344937
-0.020808268362785 28.932175389954679
-0.020717412491399 29.026773582194103
-0.020627387040444 29.121242400529038
-0.020538181908880 29.215582537074130
-0.020449787186892 29.309794674686266
-0.020362193149568 29.403879487059765
-0.020275390256951 29.497837638811969
-0.020189369143122 29.591669785579551
-0.020104120620706 29.685376574097425
-0.020019635670705 29.778958642287581
-0.019935905443594 29.872416619337169
-0.019852921247260 29.965751125790515
-0.019770674558149 30.058962773612208
-0.019689157001136 30.152052166279486
-0.019608360358868 30.245019898849424
-0.019528276560566 30.337866558039352
-0.019448897685473 30.430592722293230
-0.019370215954699 30.523198961856028
-0.019292223727781 30.615685838847469
-0.019214913504457 30.708053907325347
-0.019138277917870 30.800303713354921
-0.019062309733343 30.892435795073830
-0.018987001844454 30.984450682758055
-0.018912347272273 31.076348898882863
-0.018838339159715 31.168130958188279
-0.018764970772540 31.259797367736631
-0.018692235493343 31.351348626975525
-0.018620126823561 31.442785227791191
-0.018548638375088 31.534107654572306
-0.018477763872119 31.625316384264654
-0.018407497149669 31.716411886423135
-0.018337832148494 31.807394623268362
-0.018268762913110 31.898265049741894
-0.018200283590821 31.989023613558267
-0.018132388430797 32.079670755253744
-0.018065071777928 32.170206908242342
-0.017998328077461 32.260632498857873
-0.017932151864500 32.350947946412077
-0.017866537769406 32.441153663237422
-0.017801480513419 32.531250054734151
-0.017736974903214 32.621237519423829
-0.017673015837693 32.711116448984797
-0.017609598296296 32.800887228307161
-0.017546717343531 32.890550235534313
-0.017484368127582 32.980105842103242
-0.017422545874159 33.069554412793401
-0.017361245887835 33.158896305769034
-0.017300463552230 33.248131872617101
-0.017240194324737 33.337261458392526
-0.017180433736215 33.426285401660259
-0.017121177391475 33.515204034532836
-0.017062420966668 33.604017682709753
-0.017004160203356 33.692726665525839
-0.016946390918565 33.781331295975214
-0.016889108988061 33.869831880766931
-0.016832310359059 33.958228720350760
-0.016775991040911 34.046522108959344
-0.016720147105275 34.134712334646956
-0.016664774686235 34.222799679324865
-0.016609869978158 34.310784418798384
-0.016555429234401 34.398666822803655
-0.016501448765921 34.486447155044594
-0.016447924942612 34.574125673224167
-0.016394854187898 34.661702629084445
-0.016342232978575 34.749178268444417
-0.016290057849914 34.836552831224175
-0.016238325384156 34.923826551491210
-0.016187032219526 35.010999657484838
-0.016136175040943 35.098072371658255
-0.016085750584061 35.185044910709337
-0.016035755633898 35.271917485612136
-0.015986187021664 35.358690301652885
-0.015937041625357 35.445363558462489
-0.015888316368322 35.531937450049945
-0.015840008219925 35.618412164832030
-0.015792114189598 35.704787885674037
-0.015744631333305 35.791064789914145
-0.015697556749525 35.877243049394529
-0.015650887572819 35.963322830504815
-0.015604620982017 36.049304294205406
-0.015558754195576 36.135187596059048
-0.015513284469279 36.220972886265812
-0.015468209096471 36.306660309695609
-0.015423525408057 36.392250005918953
-0.015379230772091 36.477742109236786
-0.015335322591098 36.563136748714655
-0.015291798303966 36.648434048210909
-0.015248655380329 36.733634126415915
-0.015205891327092 36.818737096874877
-0.015163503683312 36.903743068020574
-0.015121490017372 36.988652143211134
-0.015079847931352 37.073464420756167
-0.015038575058310 37.158179993947620
-0.014997669060392 37.242798951093526
-0.014957127628925 37.327321375550127
-0.014916948485396 37.411747345750200
-0.014877129375518 37.496076935243899
-0.014837668087665 37.580310212695132
-0.014798562413244 37.664447241969107
-0.014759810186444 37.748488082125867
-0.014721409263744 37.832432787460249
-0.014683357526322 37.916281407535074
-0.014645652881265 38.000033987210202
-0.014608293259764 38.083690566674647
-0.014571276615367 38.167251181481625
-0.014534600926147 38.250715862577344
-0.014498264193262 38.334084636332044
-0.014462264438885 38.417357524574847
-0.014426599708171 38.500534544622823
-0.014391268066558 38.583615709315481
-0.014356267600877 38.666601027045481
-0.014321596418685 38.749490501789985
-0.014287252646316 38.832284133145649
-0.014253234430777 38.914981916358101
-0.014219539937573 38.997583842355674
-0.014186167350330 39.080089897783104
-0.014153114871319 39.162500065033100
-0.014120380721087 39.244814322277790
-0.014087963136096 39.327032643505191
-0.014055860372022 39.409154998546562
-0.014024070699124 39.491181353114399
-0.013992592403657 39.573111668836070
-0.013961423789656 39.654945903282261
-0.013930563174904 39.736684010004517
-0.013900008892666 39.818325938567803
-0.013869759291073 39.899871634583711
-0.013839812732926 39.981321039743534
-0.013810167593668 40.062674091855520
-0.013780822264586 40.143930724873528
-0.013751775148613 40.225090868935396
-0.013723024661636 40.306154450397372
-0.013694569233463 40.387121391865470
-0.013666407305505 40.467991612231934
-0.013638537331373 40.548765026709610
-0.013610957775520 40.629441546869039
-0.013583667116236 40.710021080667460
-0.013556663840346 40.790503532490533
-0.013529946447416 40.870888803182851
-0.013503513446033 40.951176790087331
-0.013477363357699 41.031367387074070
-0.013451494710127 41.111460484585812
-0.013425906044414 41.191455969664510
-0.013400595909742 41.271353725990892
-0.013375562864207 41.351153633921399
-0.013350805475082 41.430855570524017
-0.013326322319829 41.510459409610824
-0.013302111982320 41.589965021779975
-0.013278173056140 41.669372274448591
-0.013254504142074 41.748681031891657
-0.013231103850653 41.827891155273932
-0.013207970797075 41.907002502694553
-0.013185103606136 41.986014929218371
-0.013162500910295 42.064928286911972
-0.013140161346033 42.143742424888615
-0.013118083559894 42.222457189337192
-0.013096266203350 42.301072423564051
-0.013074707935329 42.379587968027842
-0.013053407418659 42.458003660383383
-0.013032363325267 42.536319335511394
-0.013011574330937 42.614534825561691
-0.012991039117337 42.692649959990732
-0.012970756372619 42.770664565597116
-0.012950724789031 42.848578466563147
-0.012930943064020 42.926391484493095
-0.012911409901188 43.004103438448610
-0.012892124008820 43.081714144987686
-0.012873084097360 43.159223418210068
-0.012854288885665 43.236631069785680
-0.012835737093823 43.313936909001832
-0.012817427447247 43.391140742799379
-0.012799358676337 43.468242375809233
-0.012781529513681 43.545241610396317
-0.012763938697107 43.622138246694938
-0.012746584967017 43.698932082651048
-0.012729467068559 43.775622914058452
-0.012712583748341 43.852210534603572
-0.012695933759187 43.928694735897047
-0.012679515853987 44.005075307521899
-0.012663328790870 44.081352037067212
-0.012647371330324 44.157524710169511
-0.012631642234558 44.233593110555660
-0.012616140270265 44.309557020077918
-0.012600864205675 44.385416218756838
-0.012585812811404 44.461170484821650
-0.012570984861400 44.536819594747790
-0.012556379131023 44.612363323299483
-0.012541994397976 44.687801443569612
-0.012527829443766 44.763133727015195
-0.012513883048047 44.838359943508543
-0.012500153997781 44.913479861362532
-0.012486641075841 44.988493247387616
-0.012473343072661 45.063399866915951
-0.012460258776345 45.138199483853128
-0.012447386978692 45.212891860712745
-0.012434726471568 45.287476758660993
-0.012422276050946 45.361953937549721
-0.012410034509521 45.436323155970101
-0.012398000648230 45.510584171273585
-0.012386173261865 45.584736739633392
-0.012374551152792 45.658780616066920
-0.012363133120648 45.732715554487285
-0.012351917966803 45.806541307741931
-0.012340904495222 45.880257627648682
-0.012330091510786 45.953864265036337
-0.012319477816602 46.027360969792859
-0.012309062221136 46.100747490892964
-0.012298843529634 46.174023576450125
-0.012288820550431 46.247188973750298
-0.012278992092278 46.320243429293228
-0.012269356965249 46.393186688830930
-0.012259913978843 46.466018497411469
-0.012250661944044 46.538738599416746
-0.012241599672646 46.611346738601966
-0.012232725977568 46.683842658134097
-0.012224039671102 46.756226100635239
-0.012215539566987 46.828496808219874
-0.012207224478674 46.900654522536946
-0.012199093222802 46.972698984801674
-0.012191144612716 47.044629935846196
-0.012183377464083 47.116447116153594
-0.012175790595616 47.188150265889689
-0.012168382821483 47.259739124956887
-0.012161152960558 47.331213433020800
-0.012154099829186 47.402572929557969
-0.012147222247096 47.473817353886012
-0.012140519031764 47.544946445210257
-0.012133989002980 47.615959942656794
-0.012127630980765 47.686857585311444
-0.012121443783585 47.757639112263988
-0.012115426232002 47.828304262641417
-0.012109577149602 47.898852775638154
-0.012103895354316 47.969284390572120
-0.012098379669399 48.039598846907850
-0.012093028917885 48.109795884296041
-0.012087841919648 48.179875242621748
-0.012082817500659 48.249836662024755
-0.012077954484204 48.319679882946041
-0.012073251692253 48.389404646170114
-0.012068707951355 48.459010692849390
-0.012064322085227 48.528497764550814
-0.012060092920165 48.597865603285946
-0.012056019282807 48.667113951547741
-0.012052099998548 48.736242552351897
-0.012048333895026 48.805251149267583
-0.012044719800188 48.874139486453849
-0.012041256542279 48.942907308695922
-0.012037942950383 49.011554361439686
-0.012034777853492 49.080080390828975
-0.012031760082728 49.148485143735769
-0.012028888469401 49.216768367796270
-0.012026161843355 49.284929811451939
-0.012023579038757 49.352969223972536
-0.012021138887915 49.420886355498084
-0.012018840225440 49.488680957067800
-0.012016681885230 49.556352780658230
-0.012014662703505 49.623901579211875
-0.012012781516600 49.691327106672418
-0.012011037162351 49.758629118015591
-0.012009428478370 49.825807369285180
-0.012007954304463 49.892861617621371
-0.012006613480252 49.959791621296397
-0.012005404848381 50.026597139739984
-0.012004327250196 50.093277933578108
-0.012003379529485 50.159833764659965
-0.012002560531630 50.226264396087394
-0.012001869101253 50.292569592251546
-0.012001304086240 50.358749118856721
-0.012000864335258 50.424802742951911
-0.012000548697151 50.490730232964040
-0.012000356022993 50.556531358724556
-0.012000285165803 50.622205891496812
-0.012000334978245 50.687753604010503
-0.012000504316695 50.753174270483122
-0.012000792036959 50.818467666654705
-0.012001196998373 50.883633569809547
-0.012001718059602 50.948671758811010
-0.012002354082083 51.013582014125177
-0.012003103929726 51.078364117845410
-0.012003966466825 51.143017853723272
-0.012004940560523 51.207543007191461
-0.012006025078643 51.271939365393500
-0.012007218891201 51.336206717208412
-0.012008520870434 51.400344853275136
-0.012009929891410 51.464353566014779
-0.012011444828164 51.528232649665128
-0.012013064560152 51.591981900294222
-0.012014787967396 51.655601115829377
-0.012016613930707 51.719090096085274
-0.012018541336608 51.782448642776089
-0.012020569069616 51.845676559552196
-0.012022696019690 51.908773652012783
-0.012024921077776 51.971739727732562
-0.012027243136682 52.034574596285530
-0.012029661092765 52.097278069263091
-0.012032173843638 52.159849960299354
-0.012034780291894 52.222290085084211
-0.012037479338239 52.284598261398507
-0.012040269890351 52.346774309120235
-0.012043150855414 52.408818050254823
-0.012046121145626 52.470729308947284
-0.012049179674677 52.532507911505647
-0.012052325358590 52.594153686421457
-0.012055557116807 52.655666464386563
-0.012058873872089 52.717046078309963
-0.012062274550061 52.778292363336014
-0.012065758077319 52.839405156868601
-0.012069323386105 52.900384298579780
-0.012072969410648 52.961229630430246
-0.012076695087925 53.021940996687071
-0.012080499358323 53.082518243939141
-0.012084381165221 53.142961221113652
-0.012088339455691 53.203269779490142
-0.012092373180613 53.263443772713984
-0.012096481291359 53.323483056820585
-0.012100662746412 53.383387490237460
-0.012104916505362 53.443156933806044
-0.012109241533221 53.502791250788924
-0.012113636794724 53.562290306895832
-0.012118101261575 53.621653970285386
-0.012122633908798 53.680882111578605
-0.012127233712588 53.739974603879567
-0.012131899656424 53.798931322775360
-0.012136630724189 53.857752146358791
-0.012141425905541 53.916436955232975
-0.012146284193109 53.974985632525083
-0.012151204583658 54.033398063895945
-0.012156186078147 54.091674137549269
-0.012161227680300 54.149813744245478
-0.012166328399045 54.207816777307094
-0.012171487246572 54.265683132630414
-0.012176703239978 54.323412708691528
-0.012181975399104 54.381005406559325
-0.012187302749312 54.438461129898947
-0.012192684319345 54.495779784982233
-0.012198119141838 54.552961280696330
-0.012203606255090 54.610005528545905
-0.012209144699634 54.666912442666920
-0.012214733522383 54.723681939826037
-0.012220371772675 54.780313939433327
-0.012226058506527 54.836808363540186
-0.012231792781609 54.893165136854201
-0.012237573662405 54.949384186736310
-0.012243400216387 55.005465443210575
-0.012249271516633 55.061408838965036
-0.012255186640846 55.117214309355475
-0.012261144669469 55.172881792415680
-0.012267144689699 55.228411228853453
-0.012273185792215 55.283802562057865
-0.012279267073528 55.339055738098082
-0.012285387633504 55.394170705730538
-0.012291546576822 55.449147416400891
-0.012297743015384 55.503985824237425
-0.012303976061751 55.558685886066883
-0.012310244837399 55.613247561401636
-0.012316548465528 55.667670812451398
-0.012322886076582 55.721955604115678
-0.012329256804976 55.776101903987389
-0.012335659788672 55.830109682357651
-0.012342094174046 55.883978912203517
-0.012348559108857 55.937709569199875
-0.012355053748086 55.991301631710940
-0.012361577251156 56.044755080791084
-0.012368128782410 56.098069900183845
-0.012374707511533 56.151246076319254
-0.012381312613498 56.204283598311129
-0.012387943267661 56.257182457957356
-0.012394598659344 56.309942649734353
-0.012401277979191 56.362564170793647
-0.012407980421739 56.415047020963179
-0.012414705188491 56.467391202737737
-0.012421451485509 56.519596721277487
-0.012428218523206 56.571663584407133
-0.012435005518808 56.623591802606171
-0.012441811693503 56.675381389008983
-0.012448636274537 56.727032359397327
-0.012455478495260 56.778544732192501
-0.012462337592676 56.829918528455849
-0.012469212809374 56.881153771882396
-0.012476103395502 56.932250488787147
-0.012483008603662 56.983208708109395
-0.012489927693747 57.034028461399529
-0.012496859931575 57.084709782810641
-0.012503804584875 57.135252709104066
-0.012510760931791 57.185657279624657
-0.012517728252461 57.235923536305542
-0.012524705833412 57.286051523657399
-0.012531692966871 57.336041288759638
-0.012538688950152 57.385892881253845
-0.012545693086987 57.435606353332112
-0.012552704685493 57.485181759732498
-0.012559723060087 57.534619157727498
-0.012566747529813 57.583918607118179
-0.012573777420040 57.633080170222186
-0.012580812061588 57.682103911864615
-0.012587850790306 57.730989899370158
-0.012594892948908 57.779738202548664
-0.012601937883282 57.828348893693494
-0.012608984947317 57.876822047562605
-0.012616033498345 57.925157741375671
-0.012623082901529 57.973356054795289
-0.012630132525297 58.021417069924475
-0.012637181745691 58.069340871288198
-0.012644229942108 58.117127545830250
-0.012651276501601 58.164777182894305
-0.012658320815440 58.212289874217213
-0.012665362281181 58.259665713914721
-0.012672400301391 58.306904798471557
-0.012679434284218 58.354007226729323
-0.012686463643896 58.400973099872310
-0.012693487799808 58.447802521416698
-0.012700506177049 58.494495597197307
-0.012707518205654 58.541052435357230
-0.012714523322414 58.587473146330510
-0.012721520968062 58.633757842834946
-0.012728510590124 58.679906639854430
-0.012735491641987 58.725919654624356
-0.012742463580317 58.771797006626464
-0.012749425869413 58.817538817567481
-0.012756377978527 58.863145211367460
-0.012763319382565 58.908616314145391
-0.012770249560168 58.953952254211664
-0.012777167999083 58.999153162040699
-0.012784074187992 59.044219170273443
-0.012790967625021 59.089150413688330
-0.012797847811102 59.133947029196662
-0.012804714254352 59.178609155821583
-0.012811566467398 59.223136934686821
-0.012818403967433 59.267530509005113
-0.012825226279025 59.311790024055966
-0.012832032930713 59.355915627176060
-0.012838823456214 59.399907467744875
-0.012845597396069 59.443765697164096
-0.012852354295521 59.487490468844840
-0.012859093702886 59.531081938200671
-0.012865815176173 59.574540262616011
-0.012872518274961 59.617865601444436
-0.012879202565295 59.661058115988780
-0.012885867618899 59.704117969483995
-0.012892513013169 59.747045327079796
-0.012899138329459 59.789840355829732
-0.012905743154253 59.832503224675563
-0.012912327080835 59.875034104425517
-0.012918889706283 59.917433167743354
-0.012925430633751 59.959700589129007
-0.012931949470362 60.001836544906872
-0.012938445829152 60.043841213206690
-0.012944919329328 60.085714773943401
-0.012951369592301 60.127457408811651
-0.012957796247352 60.169069301259036
-0.012964198927715 60.210550636473855
-0.012970577271316 60.251901601369916
-0.012976930921847 60.293122384567376
-0.012983259526693 60.334213176381034
-0.012989562740222 60.375174168796285
-0.012995840220654 60.416005555456699
-0.013002091629867 60.456707531652171
-0.013008316637376 60.497280294292075
-0.013014514914461 60.537724041900347
-0.013020686140153 60.578038974587905
-0.013026829997118 60.618225294040535
-0.013032946171346 60.658283203507814
-0.013039034356631 60.698212907774987
-0.013045094249402 60.738014613154284
-0.013051125550302 60.777688527470239
-0.013057127967120 60.817234860033700
-0.013063101210779 60.856653821631006
-0.013069044996364 60.895945624509125
-0.013074959044538 60.935110482355384
-0.013080843080502 60.974148610281006
-0.013086696834387 61.013060224803041
-0.013092520038501 61.051845543836734
-0.013098312434203 61.090504786661626
-0.013104073762758 61.129038173922368
-0.013109803772661 61.167445927601499
-0.013115502216562 61.205728271003977
-0.013121168849953 61.243885428746545
-0.013126803435099 61.281917626731996
-0.013132405736562 61.319825092140491
-0.013137975524377 61.357608053408690
-0.013143512573331 61.395266740211419
-0.013149016661222 61.432801383450112
-0.013154487571221 61.470212215231960
-0.013159925089327 61.507499468858803
-0.013165329008504 61.544663378800166
-0.013170699122641 61.581704180689187
-0.013176035232388 61.618622111296276
-0.013181337140695 61.655417408519739
-0.013186604655931 61.692090311364289
-0.013191837590057 61.728641059926645
-0.013197035758367 61.765069895381949
-0.013202198981971 61.801377059960629
-0.013207327084856 61.837562796936439
-0.013212419894040 61.873627350613880
-0.013217477242119 61.909570966305786
-0.013222498965814 61.945393890316303
-0.013227484903317 61.981096369934264
-0.013232434899932 62.016678653404526
-0.013237348802003 62.052140989922748
-0.013242226461203 62.087483629613658
-0.013247067732942 62.122706823515230
-0.013251872475933 62.157810823564624
-0.013256640552108 62.192795882584313
-0.013261371828858 62.227662254259577
-0.013266066175334 62.262410193130080
-0.013270723466037 62.297039954567751
-0.013275343576505 62.331551794771073
-0.013279926389596 62.365945970735147
-0.013284471787637 62.400222740252055
-0.013288979659741 62.434382361882790
-0.013293449897267 62.468425094946845
-0.013297882394421 62.502351199509285
-0.013302277049102 62.536160936364610
-0.013306633764401 62.569854567014680
-0.013310952443858 62.603432353665035
-0.013315232997166 62.636894559199035
-0.013319475334978 62.670241447172103
-0.013323679373487 62.703473281788156
-0.013327845028892 62.736590327897474
-0.013331972224730 62.769592850966077
-0.013336060884770 62.802481117072588
-0.013340110937371 62.835255392888293
-0.013344122313262 62.867915945665580
-0.013348094946011 62.900463043224704
-0.013352028774449 62.932896953930964
-0.013355923736701 62.965217946695162
-0.013359779778811 62.997426290940325
-0.013363596844523 63.029522256608423
-0.013367374885101 63.061506114128491
-0.013371113851597 63.093378134415133
-0.013374813699717 63.125138588847861
-0.013378474387918 63.156787749257873
-0.013382095876074 63.188325887920037
-0.013385678129480 63.219753277529115
-0.013389221114209 63.251070191194280
-0.013392724798899 63.282276902426418
-0.013396189156452 63.313373685118940
-0.013399614161735 63.344360813537385
-0.013402999791906 63.375238562307914
-0.013406346027727 63.406007206400446
-0.013409652851742 63.436667021119135
-0.013412920249703 63.467218282086982
-0.013416148209611 63.497661265234406
-0.013419336722378 63.527996246785030
-0.013422485780359 63.558223503247383
-0.013425595380470 63.588343311394148
-0.013428665520571 63.618355948255754
-0.013431696200276 63.648261691110697
-0.013434687424126 63.678060817463354
-0.013437639196709 63.707753605041070
-0.013440551526305 63.737340331776736
-0.013443424422662 63.766821275800247
-0.013446257898930 63.796196715422283
-0.013449051969497 63.825466929126542
-0.013451806651202 63.854632195557265
-0.013454521964156 63.883692793503478
-0.013457197928903 63.912649001894430
-0.013459834570360 63.941501099779401
-0.013462431913872 63.970249366323209
-0.013464989986838 63.998894080795189
-0.013467508820393 64.027435522551528
-0.013469988446237 64.055873971030124
-0.013472428898523 64.084209705738004
-0.013474830214809 64.112443006234940
-0.013477192432166 64.140574152132459
-0.013479515591132 64.168603423077258
-0.013481799734452 64.196531098739428
-0.013484044906743 64.224357458802203
-0.013486251152790 64.252082782958425
-0.013488418521870 64.279707350889652
-0.013490547063717 64.307231442261525
-0.013492636829543 64.334655336715031
-0.013494687874110 64.361979313849275
-0.013496700251455 64.389203653221671
-0.013498674019297 64.416328634330270
-0.013500609237457 64.443354536602413
-0.013502505965006 64.470281639394969
-0.013504364265258 64.497110221974353
-0.013506184201657 64.523840563513232
-0.013507965840636 64.550472943075576
-0.013509709249024 64.577007639612276
-0.013511414495685 64.603444931950051
-0.013513081651616 64.629785098780062
-0.013514710787579 64.656028418655978
-0.013516301979182 64.682175169971657
-0.013517855300260 64.708225630965387
-0.013519370827470 64.734180079705752
-0.013520848639574 64.760038794080273
-0.013522288815170 64.785802051793212
-0.013523691436426 64.811470130348440
-0.013525056584877 64.837043307049044
-0.013526384344461 64.862521858984934
-0.013527674800862 64.887906063022911
-0.013528928040444 64.913196195801149
-0.013530144150276 64.938392533723544
-0.013531323221192 64.963495352941692
-0.013532465341578 64.988504929362009
-0.013533570605066 65.013421538621785
-0.013534639103028 65.038245456095481
-0.013535670930729 65.062976956876213
-0.013536666183546 65.087616315772664
-0.013537624957514 65.112163807303475
-0.013538547351040 65.136619705685121
-0.013539433462337 65.160984284829766
-0.013540283391972 65.185257818333113
-0.013541097240637 65.209440579471192
-0.013541875111694 65.233532841186701
-0.013542617106837 65.257534876093260
-0.013543323331746 65.281446956456406
-0.013543993891357 65.305269354194010
-0.013544628891868 65.329002340868428
-0.013545228441122 65.352646187677223
-0.013545792647432 65.376201165448592
-0.013546321620109 65.399667544634625
-0.013546815469498 65.423045595304544
-0.013547274306557 65.446335587139558
-0.013547698244339 65.469537789421736
-0.013548087394732 65.492652471036166
-0.013548441872706 65.515679900455837
-0.013548761792092 65.538620345743681
-0.013549047269480 65.561474074538765
-0.013549298420886 65.584241354056132
-0.013549515362966 65.606922451081630
-0.013549698214911 65.629517631959061
-0.013549847094844 65.652027162592020
-0.013549962122835 65.674451308433419
-0.013550043419040 65.696790334482714
-0.013550091103747 65.719044505282895
-0.013550105300052 65.741214084906446
-0.013550086129560 65.763299336959150
-0.013550033715763 65.785300524569791
-0.013549948183446 65.807217910382576
-0.013549829653955 65.829051756568688
-0.013549678256334 65.850802324792468
-0.013549494113889 65.872469876232472
-0.013549277353818 65.894054671563183
-0.013549028102792 65.915556970954853
-0.013548746488512 65.936977034066871
-0.013548432638730 65.958315120045228
-0.013548086682841 65.979571487513624
-0.013547708748694 66.000746394577220
-0.013547298967349 66.021840098807502
-0.013546857468533 66.042852857245222
-0.013546384383216 66.063784926393140
-0.013545879841432 66.084636562217696
-0.013545343975907 66.105408020135584
-0.013544776918655 66.126099555014520
-0.013544178802003 66.146711421169812
-0.013543549758935 66.167243872359379
-0.013542889922645 66.187697161780761
-0.013542199427882 66.208071542062541
-0.013541478407324 66.228367265270791
-0.013540726997158 66.248584582892377
-0.013539945330663 66.268723745844937
-0.013539133544352 66.288785004461388
-0.013538291773407 66.308768608493352
-0.013537420154292 66.328674807103781
-0.013536518822588 66.348503848868546
-0.013535587914679 66.368255981771114
-0.013534627568903 66.387931453192422
-0.013533637920584 66.407530509921301
-0.013532619108584 66.427053398137872
-0.013531571270286 66.446500363417741
-0.013530494542512 66.465871650732240
-0.013529389065663 66.485167504431715
-0.013528254976013 66.504388168260704
-0.013527092413552 66.523533885340569
-0.013525901517025 66.542604898172797
-0.013524682424165 66.561601448641255
-0.013523435276510 66.580523777994571
-0.013522160211746 66.599372126860189
-0.013520857369949 66.618146735232685
-0.013519526890941 66.636847842472903
-0.013518168914536 66.655475687306250
-0.013516783581321 66.674030507817605
-0.013515371030859 66.692512541453794
-0.013513931403155 66.710922025020025
-0.013512464839736 66.729259194671769
-0.013510971480401 66.747524285920178
-0.013509451465651 66.765717533627424
-0.013507904936223 66.783839172004065
-0.013506332033584 66.801889434604234
-0.013504732898026 66.819868554328835
-0.013503107670397 66.837776763421672
-0.013501456491554 66.855614293467568
-0.013499779503048 66.873381375387936
-0.013498076845590 66.891078239442649
-0.013496348659726 66.908705115229068
-0.013494595087338 66.926262231674897
-0.013492816269559 66.943749817039688
-0.013491012346618 66.961168098917071
-0.013489183460274 66.978517304226799
-0.013487329751635 66.995797659215881
-0.013485451361258 67.013009389459398
-0.013483548430657 67.030152719854939
-0.013481621100350 67.047227874625335
-0.013479669511596 67.064235077313938
-0.013477693806005 67.081174550781839
-0.013475694122803 67.098046517216233
-0.013473670603634 67.114851198118942
-0.013471623389687 67.131588814306838
-0.013469552620692 67.148259585916549
-0.013467458437934 67.164863732396526
-0.013465340980942 67.181401472513031
-0.013463200391715 67.197873024338364
-0.013461036808290 67.214278605266117
-0.013458850372740 67.230618431992923
-0.013456641223854 67.246892720530838
-0.013454409502749 67.263101686196322
-0.013452155347765 67.279245543620490
-0.013449878899203 67.295324506739632
-0.013447580297343 67.311338788794032
-0.013445259680214 67.327288602336083
-0.013442917188228 67.343174159219046
-0.013440552959148 67.358995670606973
-0.013438167133828 67.374753346960432
-0.013435759847949 67.390447398056992
-0.013433331243832 67.406078032962228
-0.013430881456753 67.421645460058016
-0.013428410626223 67.437149887023594
-0.013425918890569 67.452591520839405
-0.013423406386787 67.467970567791411
-0.013420873253236 67.483287233464424
-0.013418319626361 67.498541722748797
-0.013415745644690 67.513734239830740
-0.013413151444150 67.528864988201960
-0.013410537161727 67.543934170654310
-0.013407902934953 67.558941989276292
-0.013405248898683 67.573888645463228
-0.013402575190175 67.588774339906195
-0.013399881944585 67.603599272599737
-0.013397169298070 67.618363642836670
-0.013394437385917 67.633067649210687
-0.013391686342683 67.647711489618430
-0.013388916304509 67.662295361251878
-0.013386127404802 67.676819460608812
-0.013383319778432 67.691283983485675
-0.013380493559964 67.705689124977965
-0.013377648882801 67.720035079484106
-0.013374785880377 67.734322040704456
-0.013371904686976 67.748550201636675
-0.013369005434410 67.762719754585405
-0.013366088256163 67.776830891154177
-0.013363153284398 67.790883802250164
-0.013360200651813 67.804878678080954
-0.013357230489825 67.818815708159264
-0.013354242930328 67.832695081299832
-0.013351238104528 67.846516985621676
-0.013348216143643 67.860281608547112
-0.013345177178381 67.873989136803090
-0.013342121338762 67.887639756423312
-0.013339048755609 67.901233652743997
-0.013335959558267 67.914771010409396
-0.013332853876063 67.928252013370994
-0.013329731838868 67.941676844884526
-0.013326593575189 67.955045687514968
-0.013323439213103 67.968358723137527
-0.013320268881763 67.981616132932473
-0.013317082708402 67.994818097392439
-0.013313880820886 68.007964796319044
-0.013310663346122 68.021056408826283
-0.013307430411627 68.034093113337178
-0.013304182143213 68.047075087590372
-0.013300918668068 68.060002508633602
-0.013297640111283 68.072875552831874
-0.013294346598806 68.085694395863243
-0.013291038255528 68.098459212722560
-0.013287715207036 68.111170177717980
-0.013284377576776 68.123827464479334
-0.013281025490320 68.136431245948472
-0.013277659070476 68.148981694390500
-0.013274278440512 68.161478981391085
-0.013270883724795 68.173923277851259
-0.013267475044924 68.186314753998630
-0.013264052523713 68.198653579381570
-0.013260616283566 68.210939922870423
-0.013257166445520 68.223173952662762
-0.013253703131460 68.235355836279240
-0.013250226462040 68.247485740568266
-0.013246736557988 68.259563831705236
-0.013243233539479 68.271590275194171
-0.013239717527133 68.283565235865566
-0.013236188638628 68.295488877888204
-0.013232646994954 68.307361364754684
-0.013229092714289 68.319182859292852
-0.013225525914691 68.330953523665812
-0.013221946714525 68.342673519370209
-0.013218355230728 68.354343007241823
-0.013214751582122 68.365962147447092
-0.013211135884126 68.377531099497119
-0.013207508253756 68.389050022240482
-0.013203868807223 68.400519073866263
-0.013200217660688 68.411938411903762
-0.013196554927992 68.423308193232018
-0.013192880726382 68.434628574064888
-0.013189195168712 68.445899709969396
-0.013185498370125 68.457121755855511
-0.013181790444066 68.468294865983097
-0.013178071504121 68.479419193960908
-0.013174341662950 68.490494892750135
-0.013170601034584 68.501522114658229
-0.013166849730066 68.512501011351361
-0.013163087861108 68.523431733851083
-0.013159315540305 68.534314432530408
-0.013155532878832 68.545149257119334
-0.013151739986233 68.555936356711683
-0.013147936973849 68.566675879756986
-0.013144123951598 68.577367974066320
-0.013140301028952 68.588012786813863
-0.013136468314649 68.598610464539803
-0.013132625918455 68.609161153145621
-0.013128773948599 68.619664997900344
-0.013124912512188 68.630122143445149
-0.013121041717622 68.640532733787524
-0.013117161672757 68.650896912303352
-0.013113272483342 68.661214821745645
-0.013109374256331 68.671486604239178
-0.013105467097681 68.681712401284486
-0.013101551113506 68.691892353757027
-0.013097626408927 68.702026601911101
-0.013093693088625 68.712115285381586
-0.013089751257082 68.722158543184563
-0.013085801018845 68.732156513716845
-0.013081842477913 68.742109334758098
-0.013077875736437 68.752017143478554
-0.013073900898948 68.761880076428696
-0.013069918066819 68.771698269552502
-0.013065927342282 68.781471858183664
-0.013061928828446 68.791200977041669
-0.013057922624689 68.800885760247553
-0.013053908834684 68.810526341305405
-0.013049887556110 68.820122853127870
-0.013045858891239 68.829675428016330
-0.013041822939262 68.839184197673958
-0.013037779799585 68.848649293204687
-0.013033729571804 68.858070845112209
-0.013029672353378 68.867448983309117
-0.013025608244529 68.876783837104824
-0.013021537341221 68.886075535223810
-0.013017459742325 68.895324205792946
-0.013013375544301 68.904529976351839
-0.013009284844008 68.913692973850985
-0.013005187738772 68.922813324649610
-0.013001084322379 68.931891154530888
-0.012996974692860 68.940926588683524
-0.012992858944110 68.949919751719563
-0.012988737170910 68.958870767670405
-0.012984609468616 68.967779759984310
-0.012980475930045 68.976646851537254
-0.012976336650132 68.985472164623715
-0.012972191721222 68.994255820967908
-0.012968041237022 69.002997941717652
-0.012963885289246 69.011698647453088
-0.012959723970930 69.020358058180861
-0.012955557373514 69.028976293340975
-0.012951385587958 69.037553471808849
-0.012947208705924 69.046089711892236
-0.012943026817815 69.054585131336623
-0.012938840013778 69.063039847326365
-0.012934648384522 69.071453976482189
-0.012930452018223 69.079827634872146
-0.012926251004907 69.088160938003597
-0.012922045433626 69.096454000827478
-0.012917835392290 69.104706937743103
-0.012913620968835 69.112919862598233
-0.012909402251577 69.121092888687258
-0.012905179326881 69.129226128759782
-0.012900952282493 69.137319695014654
-0.012896721204936 69.145373699105164
-0.012892486179965 69.153388252142548
-0.012888247293200 69.161363464696450
-0.012884004631630 69.169299446789182
-0.012879758278413 69.177196307912183
-0.012875508319344 69.185054157014804
-0.012871254838820 69.192873102510248
-0.012866997920878 69.200653252277306
-0.012862737648616 69.208394713664418
-0.012858474105567 69.216097593487774
-0.012854207375109 69.223761998032202
-0.012849937539484 69.231388033056021
-0.012845664681153 69.238975803790225
-0.012841388880996 69.246525414945324
-0.012837110222418 69.254036970700596
-0.012832828784478 69.261510574722863
-0.012828544650083 69.268946330150044
-0.012824257897513 69.276344339611114
-0.012819968608400 69.283704705211832
-0.012815676862253 69.291027528543907
-0.012811382737976 69.298312910687798
-0.012807086315568 69.305560952207983
-0.012802787671804 69.312771753167141
-0.012798486888139 69.319945413105870
-0.012794184039281 69.327082031072081
-0.012789879205155 69.334181705598482
-0.012785572462099 69.341244534718271
-0.012781263888421 69.348270615956665
-0.012776953558011 69.355260046350224
-0.012772641550365 69.362212922422600
-0.012768327939115 69.369129340210179
-0.012764012801670 69.376009395245717
-0.012759696211458 69.382853182575857
-0.012755378245326 69.389660796746355
-0.012751058976267 69.396432331818900
-0.012746738480156 69.403167881358883
-0.012742416829735 69.409867538449006
-0.012738094099087 69.416531395683677
-0.012733770361636 69.423159545171984
-0.012729445690055 69.429752078541071
-0.012725120157550 69.436309086934102
-0.012720793835845 69.442830661016686
-0.012716466796979 69.449316890975794
-0.012712139113100 69.455767866519395
-0.012707810855441 69.462183676880571
-0.012703482094757 69.468564410819809
-0.012699152901561 69.474910156626166
-0.012694823347382 69.481221002113088
-0.012690493501040 69.487497034630252
-0.012686163432843 69.493738341057394
-0.012681833212496 69.499945007807028
-0.012677502908474 69.506117120829984
-0.012673172589982 69.512254765612411
-0.012668842325770 69.518358027177968
-0.012664512183648 69.524426990092081
-0.012660182232056 69.530461738459380
-0.012655852537643 69.536462355931675
-0.012651523168408 69.542428925702268
-0.012647194190724 69.548361530513247
-0.012642865672841 69.554260252647552
-0.012638537678638 69.560125173948052
-0.012634210276655 69.565956375797654
-0.012629883530289 69.571753939141672
-0.012625557507628 69.577517944467829
-0.012621232271058 69.583248471831098
-0.012616907888190 69.588945600831323
-0.012612584420916 69.594609410638142
-0.012608261935692 69.600239979971562
-0.012603940495437 69.605837387117333
-0.012599620164167 69.611401709922532
-0.012595301004407 69.616933025802254
-0.012590983081166 69.622431411728982
-0.012586666455323 69.627896944250779
-0.012582351190907 69.633329699477869
-0.012578037348988 69.638729753095632
-0.012573724992050 69.644097180358784
-0.012569414182341 69.649432056092593
-0.012565104979819 69.654734454703018
-0.012560797447004 69.660004450165872
-0.012556491644296 69.665242116036225
-0.012552187632111 69.670447525448637
-0.012547885470567 69.675620751118601
-0.012543585220377 69.680761865340259
-0.012539286940294 69.685870939995155
-0.012534990690570 69.690948046545927
-0.012530696530100 69.695993256042485
-0.012526404518226 69.701006639120337
-0.012522114712511 69.705988266008461
-0.012517827172728 69.710938206520112
-0.012513541955799 69.715856530065295
-0.012509259120311 69.720743305643907
-0.012504978723572 69.725598601851488
-0.012500700823032 69.730422486878865
-0.012496425475231 69.735215028516379
-0.012492152738238 69.739976294147468
-0.012487882667019 69.744706350762456
-0.012483615318802 69.749405264948948
-0.012479350749847 69.754073102896299
-0.012475089014962 69.758709930402219
-0.012470830170282 69.763315812867219
-0.012466574271048 69.767890815298784
-0.012462321372301 69.772435002312534
-0.012458071528644 69.776948438134383
-0.012453824794370 69.781431186602106
-0.012449581224352 69.785883311163161
-0.012445340872068 69.790304874880974
-0.012441103791777 69.794695940431836
-0.012436870036222 69.799056570111759
-0.012432639659403 69.803386825831311
-0.012428412714250 69.807686769120465
-0.012424189253037 69.811956461131842
-0.012419969329175 69.816195962635931
-0.012415752994089 69.820405334030113
-0.012411540300992 69.824584635331064
-0.012407331299804 69.828733926189400
-0.012403126044709 69.832853265871464
-0.012398924584685 69.836942713282099
-0.012394726972677 69.841002326947873
-0.012390533258324 69.845032165031611
-0.012386343492865 69.849032285325720
-0.012382157727217 69.853002745253960
-0.012377976010615 69.856943601878967
-0.012373798393933 69.860854911895430
-0.012369624926053 69.864736731639084
-0.012365455657524 69.868589117079694
-0.012361290636905 69.872412123830017
-0.012357129914013 69.876205807140636
-0.012352973536813 69.879970221908295
-0.012348821554711 69.883705422669934
-0.012344674016275 69.887411463606583
-0.012340530968933 69.891088398548689
-0.012336392461306 69.894736280971188
-0.012332258541037 69.898355163997991
-0.012328129256162 69.901945100400653
-0.012324004653230 69.905506142605134
-0.012319884779937 69.909038342687069
-0.012315769683194 69.912541752375461
-0.012311659409750 69.916016423053776
-0.012307554006084 69.919462405761308
-0.012303453518342 69.922879751195012
-0.012299357993497 69.926268509706148
-0.012295267476396 69.929628731309862
-0.012291182013547 69.932960465678249
-0.012287101649793 69.936263762147931
-0.012283026431144 69.939538669715233
-0.012278956402567 69.942785237041022
-0.012274891608776 69.946003512452194
-0.012270832094571 69.949193543941476
-0.012266777904762 69.952355379167813
-0.012262729083015 69.955489065461578
-0.012258685674217 69.958594649819560
-0.012254647722308 69.961672178909438
-0.012250615270772 69.964721699072072
-0.012246588362947 69.967743256322336
-0.012242567042812 69.970736896346793
-0.012238551353379 69.973702664508110
-0.012234541337270 69.976640605847095
-0.012230537038036 69.979550765078969
-0.012226538497637 69.982433186600588
-0.012222545759271 69.985287914485369
-0.012218558864475 69.988114992490807
-0.012214577855819 69.990914464054327
-0.012210602775171 69.993686372296636
-0.012206633664480 69.996430760021681
-0.012202670564669 69.999147669721410
-0.012198713517936 70.001837143570569
-0.012194762564916 70.004499223433768
-0.012190817747003 70.007133950862553
-0.012186879105429 70.009741367096396
-0.012182946679601 70.012321513070873
-0.012179020511436 70.014874429407229
-0.012175100640812 70.017400156421402
-0.012171187107881 70.019898734123231
-0.012167279952753 70.022370202216905
-0.012163379215005 70.024814600103653
-0.012159484935091 70.027231966878219
-0.012155597151941 70.029622341335752
-0.012151715904980 70.031985761970063
-0.012147841233457 70.034322266974669
-0.012143973176308 70.036631894244437
-0.012140111773576 70.038914681371125
-0.012136257061829 70.041170665658811
-0.012132409081959 70.043399884105398
-0.012128567870984 70.045602373419783
-0.012124733467250 70.047778170016386
-0.012120905909516 70.049927310013658
-0.012117085235500 70.052049829239010
-0.012113271482752 70.054145763229783
-0.012109464689106 70.056215147232294
-0.012105664891961 70.058258016204206
-0.012101872129494 70.060274404811267
-0.012098086437515 70.062264347438088
-0.012094307854610 70.064227878176283
-0.012090536416094 70.066165030839102
-0.012086772160486 70.068075838947678
-0.012083015123031 70.069960335745762
-0.012079265341197 70.071818554190244
-0.012075522850564 70.073650526959753
-0.012071787688130 70.075456286448770
-0.012068059889437 70.077235864774295
-0.012064339490018 70.078989293776232
-0.012060626527271 70.080716605009542
-0.012056921035317 70.082417829758867
-0.012053223050126 70.084092999030815
-0.012049532607311 70.085742143555777
-0.012045849742714 70.087365293787300
-0.012042174489591 70.088962479913647
-0.012038506884871 70.090533731842115
-0.012034846962815 70.092079079211032
-0.012031194757811 70.093598551389434
-0.012027550305191 70.095092177473347
-0.012023913638809 70.096559986292476
-0.012020284793016 70.098002006408478
-0.012016663802995 70.099418266111513
-0.012013050701454 70.100808793431483
-0.012009445523405 70.102173616128198
-0.012005848303068 70.103512761695228
-0.012002259072286 70.104826257370533
-0.011998677867350 70.106114130117462
-0.011995104719830 70.107376406645571
-0.011991539663589 70.108613113400992
-0.011987982732619 70.109824276566215
-0.011984433958983 70.111009922068746
-0.011980893376642 70.112170075573260
-0.011977361018480 70.113304762486493
-0.011973836916256 70.114414007962552
-0.011970321103861 70.115497836893965
-0.011966813614088 70.116556273916657
-0.011963314477654 70.117589343419468
-0.011959823729559 70.118597069525734
-0.011956341399682 70.119579476115945
-0.011952867521222 70.120536586813557
-0.011949402127052 70.121468424986787
-0.011945945247482 70.122375013760106
-0.011942496915593 70.123256376002445
-0.011939057162815 70.124112534334714
-0.011935626019964 70.124943511132798
-0.011932203520280 70.125749328517415
-0.011928789694345 70.126530008365847
-0.011925384572429 70.127285572313738
-0.011921988187697 70.128016041742782
-0.011918600570148 70.128721437794809
-0.011915221750865 70.129401781367449
-0.011911851761428 70.130057093112157
-0.011908490632133 70.130687393440311
-0.011905138393886 70.131292702520710
-0.011901795077365 70.131873040280979
-0.011898460713745 70.132428426405696
-0.011895135331959 70.132958880346507
-0.011891818964370 70.133464421307423
-0.011888511639653 70.133945068261369
-0.011885213389414 70.134400839937541
-0.011881924242281 70.134831754834849
-0.011878644229969 70.135237831208684
-0.011875373381412 70.135619087083455
-0.011872111726169 70.135975540250143
-0.011868859294809 70.136307208262167
-0.011865616117284 70.136614108438465
-0.011862382222260 70.136896257869381
-0.011859157639343 70.137153673412939
-0.011855942399050 70.137386371691122
-0.011852736530259 70.137594369097371
-0.011849540061468 70.137777681798596
-0.011846353022978 70.137936325727523
-0.011843175443738 70.138070316589079
-0.011840007352237 70.138179669862552
-0.011836848777939 70.138264400797780
-0.011833699749932 70.138324524417030
-0.011830560296524 70.138360055518731
-0.011827430447153 70.138371008672962
-0.011824310230103 70.138357398226660
-0.011821199673747 70.138319238303637
-0.011818098807543 70.138256542800136
-0.011815007658711 70.138169325394969
-0.011811926257426 70.138057599536822
-0.011808854630032 70.137921378461442
-0.011805792806402 70.137760675176466
-0.011802740814136 70.137575502471634
-0.011799698681119 70.137365872917954
-0.011796666435938 70.137131798864871
-0.011793644106827 70.136873292442203
-0.011790631720955 70.136590365564999
-0.011787629306596 70.136283029929189
-0.011784636891984 70.135951297011928
-0.011781654504612 70.135595178075221
-0.011778682171812 70.135214684166968
-0.011775719922017 70.134809826116410
-0.011772767782395 70.134380614540021
-0.011769825779969 70.133927059842406
-0.011766893943882 70.133449172207435
-0.011763972299575 70.132946961614650
-0.011761060875587 70.132420437826127
-0.011758159699690 70.131869610390098
-0.011755268797830 70.131294488649232
-0.011752388197766 70.130695081733066
-0.011749517927816 70.130071398555884
-0.011746658013235 70.129423447830362
-0.011743808482286 70.128751238054832
-0.011740969361721 70.128054777520077
-0.011738140678352 70.127334074309559
-0.011735322459471 70.126589136297440
-0.011732514731657 70.125819971152183
-0.011729717522005 70.125026586334513
-0.011726930856524 70.124208989102485
-0.011724154763743 70.123367186500886
-0.011721389268559 70.122501185377288
-0.011718634397910 70.121610992373519
-0.011715890179536 70.120696613922505
-0.011713156638833 70.119758056258732
-0.011710433803166 70.118795325410062
-0.011707721698383 70.117808427204608
-0.011705020351556 70.116797367265718
-0.011702329788468 70.115762151017975
-0.011699650035950 70.114702783682830
-0.011696981120434 70.113619270280779
-0.011694323067807 70.112511615633963
-0.011691675904696 70.111379824363297
-0.011689039657509 70.110223900889778
-0.011686414351856 70.109043849438194
-0.011683800014102 70.107839674034224
-0.011681196671254 70.106611378501924
-0.011678604348176 70.105358966473389
-0.011676023071236 70.104082441382516
-0.011673452867659 70.102781806461564
-0.011670893761876 70.101457064753703
-0.011668345780739 70.100108219102708
-0.011665808950376 70.098735272156475
-0.011663283296340 70.097338226369857
-0.011660768844423 70.095917084003887
-0.011658265620741 70.094471847124723
-0.011655773651607 70.093002517603054
-0.011653292962165 70.091509097119626
-0.011650823578434 70.089991587161606
-0.011648365526722 70.088449989021726
-0.011645918831780 70.086884303805320
-0.011643483520608 70.085294532420960
-0.011641059618161 70.083680675589520
-0.011638647149871 70.082042733842528
-0.011636246142493 70.080380707516696
-0.011633856621117 70.078694596761451
-0.011631478610916 70.076984401538937
-0.011629112138743 70.075250121616975
-0.011626757229039 70.073491756579926
-0.011624413908104 70.071709305820889
-0.011622082201327 70.069902768545944
-0.011619762134656 70.068072143772085
-0.011617453732958 70.066217430332259
-0.011615157022598 70.064338626869130
-0.011612872028663 70.062435731840921
-0.011610598776665 70.060508743519961
-0.011608337292476 70.058557659991351
-0.011606087601653 70.056582479154713
-0.011603849728917 70.054583198728153
-0.011601623700809 70.052559816240574
-0.011599409542645 70.050512329037403
-0.011597207279104 70.048440734283673
-0.011595016936708 70.046345028956253
-0.011592838540565 70.044225209850396
-0.011590672115847 70.042081273579754
-0.011588517688694 70.039913216572430
-0.011586375283926 70.037721035077126
-0.011584244927247 70.035504725159555
-0.011582126644633 70.033264282701552
-0.011580020460871 70.030999703406636
-0.011577926401747 70.028710982795957
-0.011575844492700 70.026398116210075
-0.011573774759516 70.024061098807792
-0.011571717226906 70.021699925571198
-0.011569671921330 70.019314591298297
-0.011567638867534 70.016905090610848
-0.011565618091474 70.014471417949352
-0.011563609618253 70.012013567577156
-0.011561613473791 70.009531533577146
-0.011559629683503 70.007025309854299
-0.011557658272583 70.004494890136996
-0.011555699266849 70.001940267974518
-0.011553752692097 69.999361436737559
-0.011551818573549 69.996758389621021
-0.011549896936333 69.994131119644692
-0.011547987806626 69.991479619649056
-0.011546091210675 69.988803882295286
-0.011544207172247 69.986103900076344
-0.011542335718204 69.983379665303843
-0.011540476874972 69.980631170110286
-0.011538630665875 69.977858406462772
-0.011536797118174 69.975061366146377
-0.011534976257646 69.972240040770757
-0.011533168109450 69.969394421773231
-0.011531372699058 69.966524500417719
-0.011529590052737 69.963630267791615
-0.011527820196118 69.960711714808895
-0.011526063154571 69.957768832211528
-0.011524318954251 69.954801610566349
-0.011522587620914 69.951810040267247
-0.011520869180839 69.948794111533076
-0.011519163658161 69.945753814417358
-0.011517471080847 69.942689138791934
-0.011515791473643 69.939600074361280
-0.011514124862929 69.936486610655777
-0.011512471273703 69.933348737037903
-0.011510830733413 69.930186442692076
-0.011509203266963 69.926999716635919
-0.011507588900351 69.923788547715873
-0.011505987660302 69.920552924604294
-0.011504399572464 69.917292835804588
-0.011502824662855 69.914008269649798
-0.011501262957683 69.910699214302142
-0.011499714483676 69.907365657751072
-0.011498179265656 69.904007587821937
-0.011496657331526 69.900624992162776
-0.011495148706027 69.897217858258571
-0.011493653416357 69.893786173420750
-0.011492171488961 69.890329924790819
-0.011490702949405 69.886849099344531
-0.011489247824429 69.883343683887048
-0.011487806140977 69.879813665052495
-0.011486377924691 69.876259029309850
-0.011484963202616 69.872679762957119
-0.011483562000886 69.869075852125789
-0.011482174346792 69.865447282775975
-0.011480800266087 69.861794040703515
-0.011479439785738 69.858116111534926
-0.011478092932657 69.854413480728113
-0.011476759733472 69.850686133573802
-0.011475440214743 69.846934055196229
-0.011474134403501 69.843157230551370
-0.011472842326762 69.839355644427371
-0.011471564010928 69.835529281447592
-0.011470299483487 69.831678126066095
-0.011469048771054 69.827802162571857
-0.011467811900914 69.823901375086152
-0.011466588899960 69.819975747564627
-0.011465379795683 69.816025263794913
-0.011464184614466 69.812049907401970
-0.011463003384679 69.808049661839604
-0.011461836132749 69.804024510399344
-0.011460682886321 69.799974436205332
-0.011459543672565 69.795899422216991
-0.011458418519522 69.791799451225287
-0.011457307453645 69.787674505860139
-0.011456210503578 69.783524568581143
-0.011455127696024 69.779349621686421
-0.011454059059106 69.775149647306648
-0.011453004620601 69.770924627407055
-0.011451964407931 69.766674543789208
-0.011450938449344 69.762399378087721
-0.011449926771736 69.758099111776588
-0.011448929404494 69.753773726158556
-0.011447946374728 69.749423202375482
-0.011446977710348 69.745047521405070
-0.011446023439509 69.740646664060236
-0.011445083591055 69.736220610986450
-0.011444158192888 69.731769342666055
-0.011443247272625 69.727292839420002
-0.011442350859150 69.722791081402548
-0.011441468981262 69.718264048602080
-0.011440601666941 69.713711720844913
-0.011439748944720 69.709134077793252
-0.011438910843329 69.704531098944770
-0.011438087391474 69.699902763632878
-0.011437278617984 69.695249051026693
-0.011436484551388 69.690569940132619
-0.011435705220658 69.685865409792754
-0.011434940655023 69.681135438684109
-0.011434190883535 69.676380005319785
-0.011433455933995 69.671599088054649
-0.011432735837675 69.666792665070716
-0.011432030622225 69.661960714393132
-0.011431340317700 69.657103213880134
-0.011430664952473 69.652220141230657
-0.011430004557550 69.647311473973289
-0.011429359161622 69.642377189476633
-0.011428728793954 69.637417264947175
-0.011428113484139 69.632431677428229
-0.011427513263266 69.627420403793778
-0.011426928159919 69.622383420759689
-0.011426358203766 69.617320704879333
-0.011425803425980 69.612232232537480
-0.011425263855862 69.607117979958716
-0.011424739523943 69.601977923202440
-0.011424230459395 69.596812038169162
-0.011423736693803 69.591620300590407
-0.011423258257242 69.586402686035527
-0.011422795179913 69.581159169911587
-0.011422347492011 69.575889727463704
-0.011421915225130 69.570594333769378
-0.011421498409571 69.565272963744420
-0.011421097075781 69.559925592142690
-0.011420711254977 69.554552193553107
-0.011420340977833 69.549152742402370
-0.011419986276363 69.543727212949506
-0.011419647180886 69.538275579293597
-0.011419323722304 69.532797815371552
-0.011419015932760 69.527293894953161
-0.011418723843545 69.521763791645100
-0.011418447486526 69.516207478888845
-0.011418186891547 69.510624929969765
-0.011417942092446 69.505016118000185
-0.011417713120367 69.499381015931377
-0.011417500006766 69.493719596552722
-0.011417302783691 69.488031832489369
-0.011417121483346 69.482317696201918
-0.011416956138737 69.476577159983449
-0.011416806780993 69.470810195967900
-0.011416673443034 69.465016776122724
-0.011416556156743 69.459196872253742
-0.011416454955909 69.453350455997267
-0.011416369871918 69.447477498830892
-0.011416300938736 69.441577972062660
-0.011416248187980 69.435651846841623
-0.011416211653811 69.429699094147225
-0.011416191368610 69.423719684797348
-0.011416187365947 69.417713589443579
-0.011416199678585 69.411680778575004
-0.011416228340911 69.405621222511698
-0.011416273385468 69.399534891412927
-0.011416334846182 69.393421755271632
-0.011416412756911 69.387281783915114
-0.011416507151783 69.381114947004178
-0.011416618063999 69.374921214037627
-0.011416745528034 69.368700554347015
-0.011416889578421 69.362452937096847
-0.011417050248783 69.356178331288959
-0.011417227573989 69.349876705757367
-0.011417421588307 69.343548029171416
-0.011417632326365 69.337192270034436
-0.011417859823067 69.330809396683136
-0.011418104113301 69.324399377287918
-0.011418365231562 69.317962179855016
-0.011418643213699 69.311497772221003
-0.011418938094274 69.305006122058813
-0.011419249909014 69.298487196873069
-0.011419578693127 69.291940964002691
-0.011419924482397 69.285367390618816
-0.011420287312365 69.278766443726312
-0.011420667218719 69.272138090163423
-0.011421064238033 69.265482296598435
-0.011421478405149 69.258799029537542
-0.011421909757864 69.252088255312472
-0.011422358331067 69.245349940093391
-0.011422824161972 69.238584049879378
-0.011423307286818 69.231790550502993
-0.011423807742773 69.224969407626631
-0.011424325566087 69.218120586746934
-0.011424860793894 69.211244053191393
-0.011425413463510 69.204339772117947
-0.011425983611481 69.197407708518725
-0.011426571276603 69.190447827210733
-0.011427176494687 69.183460092849231
-0.011427799304241 69.176444469916333
-0.011428439742925 69.169400922725274
-0.011429097848267 69.162329415421326
-0.011429773659309 69.155229911975596
-0.011430467212848 69.148102376195283
-0.011431178547982 69.140946771714056
-0.011431907702625 69.133763061997641
-0.011432654716709 69.126551210335535
-0.011433419627379 69.119311179853383
-0.011434202473799 69.112042933504853
-0.011435003295665 69.104746434069597
-0.011435822131459 69.097421644158999
-0.011436659021410 69.090068526209066
-0.011437514003431 69.082687042490875
-0.011438387118431 69.075277155097979
-0.011439278405313 69.067838825955633
-0.011440187904920 69.060372016812821
-0.011441115656381 69.052876689249942
-0.011442061699926 69.045352804674764
-0.011443026076227 69.037800324320685
-0.011444008825569 69.030219209249069
-0.011445009989380 69.022609420344622
-0.011446029607199 69.014970918324039
-0.011447067720369 69.007303663728635
-0.011448124369881 68.999607616926355
-0.011449199597996 68.991882738106739
-0.011450293445184 68.984128987289040
-0.011451405952803 68.976346324318911
-0.011452537162880 68.968534708865974
-0.011453687117785 68.960694100422742
-0.011454855859122 68.952824458308427
-0.011456043429110 68.944925741666736
-0.011457249869556 68.936997909468118
-0.011458475223878 68.929040920503240
-0.011459719534781 68.921054733386569
-0.011460982844616 68.913039306558332
-0.011462265196479 68.904994598281846
-0.011463566633497 68.896920566643729
-0.011464887199265 68.888817169552411
-0.011466226937729 68.880684364737178
-0.011467585891725 68.872522109753277
-0.011468964105324 68.864330361977210
-0.011470361622822 68.856109078606110
-0.011471778488453 68.847858216658622
-0.011473214746845 68.839577732973595
-0.011474670441826 68.831267584214004
-0.011476145618352 68.822927726862659
-0.011477640321894 68.814558117220400
-0.011479154596955 68.806158711410760
-0.011480688489233 68.797729465375369
-0.011482242043685 68.789270334877557
-0.011483815306331 68.780781275498313
-0.011485408323051 68.772262242637396
-0.011487021139395 68.763713191515208
-0.011488653801908 68.755134077169060
-0.011490306357005 68.746524854454194
-0.011491978850690 68.737885478046067
-0.011493671330400 68.729215902434731
-0.011495383842852 68.720516081928352
-0.011497116434808 68.711785970653594
-0.011498869154030 68.703025522551826
-0.011500642047434 68.694234691383215
-0.011502435163487 68.685413430720658
-0.011504248549219 68.676561693956387
-0.011506082253829 68.667679434293248
-0.011507936324393 68.658766604754291
-0.011509810809441 68.649823158177043
-0.011511705758891 68.640849047208093
-0.011513621220374 68.631844224313483
-0.011515557243473 68.622808641770746
-0.011517513876967 68.613742251672988
-0.011519491170644 68.604645005924993
-0.011521489174879 68.595516856241403
-0.011523507938268 68.586357754154690
-0.011525547511384 68.577167651007372
-0.011527607944632 68.567946497953130
-0.011529689288327 68.558694245957895
-0.011531791593867 68.549410845795649
-0.011533914910688 68.540096248057409
-0.011536059291218 68.530750403138939
-0.011538224785997 68.521373261249408
-0.011540411446831 68.511964772406529
-0.011542619326174 68.502524886434330
-0.011544848474309 68.493053552973009
-0.011547098945074 68.483550721464269
-0.011549370789622 68.474016341163377
-0.011551664061699 68.464450361128655
-0.011553978813175 68.454852730230030
-0.011556315097523 68.445223397142840
-0.011558672967810 68.435562310349979
-0.011561052477778 68.425869418139754
-0.011563453681347 68.416144668605639
-0.011565876631697 68.406388009649945
-0.011568321383520 68.396599388978103
-0.011570787991113 68.386778754100746
-0.011573276509250 68.376926052332408
-0.011575786992549 68.367041230792736
-0.011578319496182 68.357124236404701
-0.011580874075413 68.347175015894763
-0.011583450785640 68.337193515792961
-0.011586049683169 68.327179682429673
-0.011588670823696 68.317133461938724
-0.011591314262958 68.307054800257831
-0.011593980058255 68.296943643122603
-0.011596668265831 68.286799936071631
-0.011599378943335 68.276623624441100
-0.011602112146764 68.266414653372436
-0.011604867934662 68.256172967802087
-0.011607646363810 68.245898512469708
-0.011610447493494 68.235591231907947
-0.011613271380627 68.225251070453425
-0.011616118083754 68.214877972240188
-0.011618987662404 68.204471881196312
-0.011621880174829 68.194032741049838
-0.011624795680479 68.183560495324443
-0.011627734238350 68.173055087341922
-0.011630695908793 68.162516460217105
-0.011633680751348 68.151944556861949
-0.011636688826447 68.141339319982379
-0.011639720194372 68.130700692079614
-0.011642774915774 68.120028615449229
-0.011645853051865 68.109323032179404
-0.011648954663864 68.098583884151608
-0.011652079813186 68.087811113040402
-0.011655228561415 68.077004660313406
-0.011658400970883 68.066164467228774
-0.011661597104033 68.055290474835388
-0.011664817023191 68.044382623974087
-0.011668060791170 68.033440855276197
-0.011671328470838 68.022465109164060
-0.011674620126347 68.011455325846256
-0.011677935820889 68.000411445322300
-0.011681275618000 67.989333407381977
-0.011684639582977 67.978221151598476
-0.011688027778946 67.967074617338369
-0.011691440272012 67.955893743749684
-0.011694877126382 67.944678469770537
-0.011698338407618 67.933428734124305
-0.011701824181140 67.922144475320749
-0.011705334513421 67.910825631652386
-0.011708869470240 67.899472141198117
-0.011712429118061 67.888083941820994
-0.011716013523616 67.876660971167965
-0.011719622754237 67.865203166667882
-0.011723256877228 67.853710465532458
-0.011726915959986 67.842182804756632
-0.011730600070800 67.830620121115430
-0.011734309277296 67.819022351167646
-0.011738043648962 67.807389431248623
-0.011741803253675 67.795721297477868
-0.011745588161236 67.784017885751624
-0.011749398440791 67.772279131746473
-0.011753234162559 67.760504970915463
-0.011757095395605 67.748695338493874
-0.011760982211153 67.736850169490779
-0.011764894679537 67.724969398693602
-0.011768832871843 67.713052960665735
-0.011772796859496 67.701100789745922
-0.011776786713741 67.689112820049672
-0.011780802506906 67.677088985465687
-0.011784844310485 67.665029219659985
-0.011788912197972 67.652933456068382
-0.011793006241924 67.640801627901169
-0.011797126515406 67.628633668141859
-0.011801273091712 67.616429509546975
-0.011805446045104 67.604189084642812
-0.011809645449547 67.591912325727449
-0.011813871379624 67.579599164869066
-0.011818123910455 67.567249533904445
-0.011822403116272 67.554863364443577
-0.011826709073634 67.542440587860654
-0.011831041857579 67.529981135301355
-0.011835401544807 67.517484937676684
-0.011839788211342 67.504951925666660
-0.011844201934539 67.492382029715571
-0.011848642791504 67.479775180033926
-0.011853110858844 67.467131306601289
-0.011857606215620 67.454450339156992
-0.011862128939432 67.441732207207039
-0.011866679109203 67.428976840019445
-0.011871256803266 67.416184166627644
-0.011875862101746 67.403354115823774
-0.011880495082912 67.390486616167379
-0.011885155828072 67.377581595973624
-0.011889844416985 67.364638983320575
-0.011894560930203 67.351658706046877
-0.011899305449085 67.338640691749205
-0.011904078054756 67.325584867784187
-0.011908878828801 67.312491161267431
-0.011913707854119 67.299359499068885
-0.011918565212671 67.286189807817706
-0.011923450986808 67.272982013901569
-0.011928365261081 67.259736043458432
-0.011933308117519 67.246451822387925
-0.011938279641415 67.233129276338772
-0.011943279916561 67.219768330715922
-0.011948309027709 67.206368910677554
-0.011953367059934 67.192930941134648
-0.011958454098575 67.179454346750859
-0.011963570229762 67.165939051940185
-0.011968715540509 67.152384980864284
-0.011973890115788 67.138792057441933
-0.011979094043470 67.125160205337934
-0.011984327411342 67.111489347964465
-0.011989590306879 67.097779408483390
-0.011994882818210 67.084030309804490
-0.012000205034267 67.070241974583183
-0.012005557043071 67.056414325225276
-0.012010938935351 67.042547283876729
-0.012016350800517 67.028640772430236
-0.012021792728267 67.014694712524943
-0.012027264809649 67.000709025541880
-0.012032767135116 66.986683632607622
-0.012038299797001 66.972618454587320
-0.012043862886847 66.958513412089161
-0.012049456496458 66.944368425464305
-0.012055080718777 66.930183414803238
-0.012060735647095 66.915958299935340
-0.012066421374716 66.901693000430001
-0.012072137995426 66.887387435595556
-0.012077885604198 66.873041524475624
-0.012083664294780 66.858655185855156
-0.012089474163420 66.844228338251199
-0.012095315305029 66.829760899919535
-0.012101187816078 66.815252788849406
-0.012107091793218 66.800703922763716
-0.012113027332559 66.786114219122595
-0.012118994532295 66.771483595115740
-0.012124993489803 66.756811967667048
-0.012131024303885 66.742099253429728
-0.012137087072873 66.727345368789543
-0.012143181895356 66.712550229864831
-0.012149308872054 66.697713752498814
-0.012155468101982 66.682835852267885
-0.012161659686477 66.667916444473150
-0.012167883726162 66.652955444144553
-0.012174140322045 66.637952766040527
-0.012180429576613 66.622908324642992
-0.012186751591950 66.607822034160307
-0.012193106470770 66.592693808525809
-0.012199494316389 66.577523561396575
-0.012205915232614 66.562311206152657
-0.012212369323688 66.547056655896441
-0.012218856693986 66.531759823453370
-0.012225377449127 66.516420621368056
-0.012231931694250 66.501038961907526
-0.012238519535957 66.485614757056453
-0.012245141080304 66.470147918520638
-0.012251796434402 66.454638357723923
-0.012258485706610 66.439085985804383
-0.012265209004002 66.423490713620936
-0.012271966435550 66.407852451746692
-0.012278758110188 66.392171110470557
-0.012285584137346 66.376446599796367
-0.012292444627604 66.360678829439607
-0.012299339690648 66.344867708832325
-0.012306269438182 66.329013147116186
-0.012313233980956 66.313115053147769
-0.012320233432095 66.297173335490100
-0.012327267903248 66.281187902420100
-0.012334337507778 66.265158661922939
-0.012341442359249 66.249085521692550
-0.012348582571915 66.232968389130136
-0.012355758259854 66.216807171346403
-0.012362969538937 66.200601775155434
-0.012370216524216 66.184352107079619
-0.012377499331880 66.168058073346259
-0.012384818079355 66.151719579884087
-0.012392172882998 66.135336532328878
-0.012399563861140 66.118908836016928
-0.012406991131500 66.102436395989002
-0.012414454813709 66.085919116983931
-0.012421955026447 66.069356903443932
-0.012429491890098 66.052749659509203
-0.012437065525333 66.036097289018144
-0.012444676052418 66.019399695510543
-0.012452323593078 66.002656782223085
-0.012460008270407 65.985868452085313
-0.012467730205798 65.969034607728005
-0.012475489523261 65.952155151474102
-0.012483286346945 65.935229985339618
-0.012491120800345 65.918259011037904
-0.012498993008451 65.901242129974989
-0.012506903097349 65.884179243246834
-0.012514851192997 65.867070251641280
-0.012522837421660 65.849915055638434
-0.012530861911276 65.832713555405448
-0.012538924788865 65.815465650801869
-0.012547026183091 65.798171241374476
-0.012555166223182 65.780830226356670
-0.012563345038330 65.763442504670294
-0.012571562758925 65.746007974922236
-0.012579819516213 65.728526535402736
-0.012588115440655 65.710998084090178
-0.012596450664239 65.693422518646571
-0.012604825320227 65.675799736414035
-0.012613239541232 65.658129634419083
-0.012621693461140 65.640412109369237
-0.012630187214581 65.622647057651648
-0.012638720936332 65.604834375334221
-0.012647294761657 65.586973958165373
-0.012655908827045 65.569065701570850
-0.012664563269554 65.551109500653027
-0.012673258226255 65.533105250192847
-0.012681993835826 65.515052844644813
-0.012690770236468 65.496952178140916
-0.012699587567699 65.478803144486918
-0.012708445969017 65.460605637164448
-0.012717345581734 65.442359549325218
-0.012726286546747 65.424064773794711
-0.012735269006471 65.405721203067799
-0.012744293103035 65.387328729311776
-0.012753358979532 65.368887244364316
-0.012762466779548 65.350396639733319
-0.012771616648373 65.331856806591901
-0.012780808730646 65.313267635782992
-0.012790043172840 65.294629017813747
-0.012799320120577 65.275940842860919
-0.012808639721529 65.257203000764548
-0.012818002122998 65.238415381031359
-0.012827407474264 65.219577872828722
-0.012836855923902 65.200690364989526
-0.012846347622208 65.181752746007092
-0.012855882719727 65.162764904036266
-0.012865461367141 65.143726726894855
-0.012875083716462 65.124638102060231
-0.012884749920889 65.105498916666647
-0.012894460132976 65.086309057509723
-0.012904214507473 65.067068411039827
-0.012914013198701 65.047776863365797
-0.012923856361815 65.028434300253650
-0.012933744153318 65.009040607123239
-0.012943676729531 64.989595669051127
-0.012953654248435 64.970099370765993
-0.012963676868131 64.950551596650286
-0.012973744747828 64.930952230737915
-0.012983858046672 64.911301156716675
-0.012994016925551 64.891598257923391
-0.013004221545378 64.871843417346014
-0.013014472067450 64.852036517624271
-0.013024768655420 64.832177441042404
-0.013035111472335 64.812266069533862
-0.013045500681999 64.792302284680488
-0.013055936449144 64.772285967711028
-0.013066418939465 64.752216999499524
-0.013076948319224 64.732095260565401
-0.013087524755737 64.711920631071436
-0.013098148416549 64.691692990825217
-0.013108819470697 64.671412219275439
-0.013119538086915 64.651078195515538
-0.013130304435717 64.630690798278835
-0.013141118687364 64.610249905941956
-0.013151981014311 64.589755396518427
-0.013162891588815 64.569207147661842
-0.013173850583856 64.548605036665407
-0.013184858173615 64.527948940459609
-0.013195914532533 64.507238735613541
-0.013207019836231 64.486474298332681
-0.013218174261470 64.465655504456834
-0.013229377985039 64.444782229462476
-0.013240631185160 64.423854348459528
-0.013251934040433 64.402871736192452
-0.013263286730235 64.381834267039551
-0.013274689434758 64.360741815012446
-0.013286142335969 64.339594253751358
-0.013297645614958 64.318391456531401
