1.683460021525294 -0.000021043337690
1.943913727463389 -0.235313832985108
2.195642428148694 -0.230364670233044
2.439495233940773 -0.228933911435084
2.676286422916406 -0.229165096886131
2.906743697817504 -0.230181571395379
3.131498917368164 -0.231553857010879
3.351095100896456 -0.233066031035784
3.565998221897500 -0.234608208108534
3.776609262595695 -0.236124826702470
3.983274963720248 -0.237588807907611
4.186296899746851 -0.238988221691375
4.385938958898934 -0.240319224748221
4.582433448632398 -0.241582243463671
4.775986067260241 -0.242779881349961
4.966779958728059 -0.243915763476800
5.154979032219953 -0.244993899187758
5.340730693546403 -0.246018335400476
5.524168105252105 -0.246992974216031
5.705412067836184 -0.247921483739235
5.884572594941003 -0.248807261601448
6.061750240107167 -0.249653427553894
6.237037220629155 -0.250462832072060
6.410518374827620 -0.251238072717832
6.582271981730065 -0.251981513993297
6.752370466472805 -0.252695308090949
6.920881010266027 -0.253381415145099
7.087866080240651 -0.254041622235974
7.253383891678046 -0.254677560901409
7.417488812910260 -0.255290722967579
7.580231721373551 -0.255882474792928
7.741660317862822 -0.256454069983010
7.901819404859801 -0.257006660727553
8.060751133862295 -0.257541307864216
8.218495225854129 -0.258058989843713
8.375089168429708 -0.258560610651230
8.530568392533739 -0.259047006915665
8.684966431367167 -0.259518954167707
8.838315063618545 -0.259977172464561
8.990644442890099 -0.260422331382881
9.141983214922130 -0.260855054492309
9.292358624004654 -0.261275923360073
9.441796609782564 -0.261685481135761
9.590321895510780 -0.262084235730876
9.737958068619736 -0.262472662952973
9.884727654528257 -0.262851208666190
10.030652184231920 -0.263220291586072
10.175752256410551 -0.263580305214898
10.320047594555820 -0.263931619805776
10.463557099604571 -0.264274584134522
10.606298898513900 -0.264609527071060
10.748290389147181 -0.264936759066375
10.889548281823263 -0.265256573441264
11.030088637817400 -0.265569247632229
11.169926905097237 -0.265875044265786
11.309077951525664 -0.266174212194473
11.447556095752743 -0.266466987423717
11.585375135995864 -0.266753593943280
11.722548376873641 -0.267034244547174
11.859088654463969 -0.267309141529837
11.995008359723442 -0.267578477360744
12.130319460399088 -0.267842435303310
12.265033521552674 -0.268101189974536
12.399161724801909 -0.268354907877617
12.532714886377294 -0.268603747888609
12.665703474086445 -0.268847861690545
12.798137623257713 -0.269087394225746
12.930027151747385 -0.269322484060921
13.061381574076460 -0.269553263733883
13.192210114745734 -0.269779860148931
13.322521720811146 -0.270002394807850
13.452325073743589 -0.270220984176532
13.581628600639998 -0.270435739925411
13.710440484826472 -0.270646769170032
13.838768675885175 -0.270854174745407
13.966620899152232 -0.271058055408871
14.094004664719074 -0.271258506040357
14.220927275963332 -0.271455617862839
14.347395837646797 -0.271649478604241
14.473417263601245 -0.271840172685610
14.598998284031536 -0.272027781374683
14.724145452457151 -0.272212382943318
14.848865152315716 -0.272394052805060
14.973163603245926 -0.272572863661136
15.097046867073352 -0.272748885610614
15.220520853508752 -0.272922186300165
15.343591325589701 -0.273092830980603
15.466263904874557 -0.273260882593544
15.588544076324592 -0.273426402320558
15.710437193128419 -0.273589448685334
15.831948481149045 -0.273750078639700
15.953083043250640 -0.273908347171799
16.073845863424740 -0.274064307457003
16.194241810731295 -0.274218010972819
16.314275643077348 -0.274369507529262
16.433952010829124 -0.274518845374996
16.553275460275724 -0.274666071240215
16.672250436947536 -0.274811230404478
16.790881288796108 -0.274954366765825
16.909172269245161 -0.275095522889356
17.027127540120301 -0.275234740047009
17.144751174455557 -0.275372058303595
17.262047159194385 -0.275507516527422
17.379019397778094 -0.275641152475498
17.495671712641506 -0.275773002785362
17.612007847601088 -0.275903103086951
17.728031470161802 -0.276031487977057
17.843746173730182 -0.276158191096923
17.959155479744020 -0.276283245168642
18.074262839727687 -0.276406681997108
18.189071637262042 -0.276528532563115
18.303585189894790 -0.276648826973151
18.417806750965365 -0.276767594592620
18.531739511380227 -0.276884863969630
18.645386601310005 -0.277000662957606
18.758751091836618 -0.277115018675099
18.871835996538191 -0.277227957559160
18.984644273015139 -0.277339505411892
19.097178824371678 -0.277449687369648
19.209442500637934 -0.277558527981086
19.321438100145809 -0.277666051213300
19.433168370865285 -0.277772280426787
19.544636011678836 -0.277877238507067
19.655843673632678 -0.277980947755614
19.766793961133136 -0.278083429997906
19.877489433108398 -0.278184706569524
19.987932604131323 -0.278284798340046
20.098125945506702 -0.278383725724040
20.208071886319040 -0.278481508726499
20.317772814455889 -0.278578166898132
20.427231077587255 -0.278673719426641
20.536448984123865 -0.278768185085504
20.645428804135193 -0.278861582316591
20.754172770249667 -0.278953929170872
20.862683078520273 -0.279045243367338
20.970961889260661 -0.279135542324992
21.079011327864873 -0.279224843112516
21.186833485592388 -0.279313162527189
21.294430420336571 -0.279400517057616
21.401804157363458 -0.279486922940027
21.508956690036712 -0.279572396112954
21.615889980509241 -0.279656952308850
21.722605960407432 -0.279740606974747
21.829106531484570 -0.279823375356356
21.935393566259851 -0.279905272475348
22.041468908642130 -0.279986313116524
22.147334374524288 -0.280066511915250
22.252991752374292 -0.280145883271241
22.358442803796109 -0.280224441449109
22.463689264088934 -0.280302200487771
22.568732842773205 -0.280379174330002
22.673575224119102 -0.280455376709498
22.778218067646868 -0.280530821252402
22.882663008621297 -0.280605521428256
22.986911658524466 -0.280679490613153
23.090965605526090 -0.280752742022643
23.194826414933203 -0.280825288773106
23.298495629625002 -0.280897143906297
23.401974770485751 -0.280968320326207
23.505265336812158 -0.281038830902883
23.608368806726808 -0.281108688358138
23.711286637562448 -0.281177905399694
23.814020266250630 -0.281246494623089
23.916571109687869 -0.281314468603692
24.018940565101637 -0.281381839834368
24.121130010403629 -0.281448620753028
24.223140804527148 -0.281514823794787
24.324974287783327 -0.281580461200442
24.426631782105304 -0.281645545753729
24.528114591490436 -0.281710089321515
24.629424002220450 -0.281774104377175
24.730561283185672 -0.281837603209068
24.831527686175370 -0.281900598111485
24.932324446163499 -0.281963101368231
25.032952781585475 -0.282025125269474
25.133413894605713 -0.282086682131378
25.233708971386054 -0.282147784244847
25.333839182336654 -0.282208443957821
25.433805682367314 -0.282268673629427
25.533609611131382 -0.282328485642235
25.633252093265106 -0.282387892394910
25.732734238612412 -0.282446906368119
25.832057142457376 -0.282505540031137
25.931221885738676 -0.282563805935062
26.030229535266049 -0.282621716662370
26.129081143927991 -0.282679284855408
26.227777750896092 -0.282736523206652
26.326320381822718 -0.282793444474092
26.424710049035077 -0.282850061474888
26.522947751723120 -0.282906387099313
26.621034476124258 -0.282962434302896
26.718971195704114 -0.283018216105816
26.816758871328265 -0.283073745629790
26.914398451435517 -0.283129036058227
27.011890872203278 -0.283184100667050
27.109237057713976 -0.283238952789536
27.206437920108311 -0.283293605887461
27.303494359742800 -0.283348073493712
27.400407265339538 -0.283402369244693
27.497177514137356 -0.283456506845808
27.593805972031035 -0.283510500136011
27.690293493714456 -0.283564363035712
27.786640922817703 -0.283618109568821
27.882849092039383 -0.283671753876481
27.978918823280271 -0.283725310185511
28.074850927768846 -0.283778792848041
28.170646206183864 -0.283832216343250
28.266305448781910 -0.283885595219764
28.361829435513553 -0.283938944161830
28.457218936134804 -0.283992278005381
28.552474710330323 -0.284045611631146
28.647597507816744 -0.284098960095959
28.742588068452108 -0.284152338569242
28.837447122344937 -0.284205762318015
28.932175389954679 -0.284259246755447
29.026773582194103 -0.284312807409355
29.121242400529038 -0.284366459926261
29.215582537074130 -0.284420220085560
29.309794674686266 -0.284474103802209
29.403879487059765 -0.284528127097707
29.497837638811969 -0.284582306158835
29.591669785579551 -0.284636657241291
29.685376574097425 -0.284691196788400
29.778958642287581 -0.284745941341534
29.872416619337169 -0.284800907608988
29.965751125790515 -0.284856112345755
30.058962773612208 -0.284911572562905
30.152052166279486 -0.284967305289601
30.245019898849424 -0.285023327754771
30.337866558039352 -0.285079657273082
30.430592722293230 -0.285136311341234
30.523198961856028 -0.285193307565058
30.615685838847469 -0.285250663652447
30.708053907325347 -0.285308397483550
30.800303713354921 -0.285366527052504
30.892435795073830 -0.285425070491750
30.984450682758055 -0.285484046053376
31.076348898882863 -0.285543472138045
31.168130958188279 -0.285603367249691
31.259797367736631 -0.285663750047699
31.351348626975525 -0.285724639294725
31.442785227791191 -0.285786053922882
31.534107654572306 -0.285848012942310
31.625316384264654 -0.285910535504136
31.716411886423135 -0.285973640912359
31.807394623268362 -0.286037348579269
31.898265049741894 -0.286101678027736
31.989023613558267 -0.286166648907972
32.079670755253744 -0.286232281015373
32.170206908242342 -0.286298594225033
32.260632498857873 -0.286365608594788
32.350947946412077 -0.286433344229701
32.441153663237422 -0.286501821396254
32.531250054734151 -0.286571060481599
32.621237519423829 -0.286641081934194
32.711116448984797 -0.286711906400746
32.800887228307161 -0.286783554564063
32.890550235534313 -0.286856047243242
32.980105842103242 -0.286929405396428
33.069554412793401 -0.287003650046613
33.158896305769034 -0.287078802326722
33.248131872617101 -0.287154883508927
33.337261458392526 -0.287231914939817
33.426285401660259 -0.287309918059592
33.515204034532836 -0.287388914432413
33.604017682709753 -0.287468925725996
33.692726665525839 -0.287549973633128
33.781331295975214 -0.287632080063200
33.869831880766931 -0.287715266880667
33.958228720350760 -0.287799556140744
34.046522108959344 -0.287884969951898
34.134712334646956 -0.287971530498124
34.222799679324865 -0.288059260060689
34.310784418798384 -0.288148181000280
34.398666822803655 -0.288238315753345
34.486447155044594 -0.288329686826302
34.574125673224167 -0.288422316836896
34.661702629084445 -0.288516228437641
34.749178268444417 -0.288611444329547
34.836552831224175 -0.288707987369226
34.923826551491210 -0.288805880382784
35.010999657484838 -0.288905146341213
35.098072371658255 -0.289005808211394
35.185044910709337 -0.289107889043594
35.271917485612136 -0.289211411962242
35.358690301652885 -0.289316400124322
35.445363558462489 -0.289422876744330
35.531937450049945 -0.289530865082736
35.618412164832030 -0.289640388472465
35.704787885674037 -0.289751470224290
35.791064789914145 -0.289864133757713
35.877243049394529 -0.289978402542088
35.963322830504815 -0.290094299990082
36.049304294205406 -0.290211849621453
36.135187596059048 -0.290331074990442
36.220972886265812 -0.290451999654585
36.306660309695609 -0.290574647191308
36.392250005918953 -0.290699041209187
36.477742109236786 -0.290825205352343
36.563136748714655 -0.290953163261014
36.648434048210909 -0.291082938618080
36.733634126415915 -0.291214555053889
36.818737096874877 -0.291348036279997
36.903743068020574 -0.291483406003073
36.988652143211134 -0.291620687880096
37.073464420756167 -0.291759905612289
37.158179993947620 -0.291901082902692
37.242798951093526 -0.292044243429279
37.327321375550127 -0.292189410855444
37.411747345750200 -0.292336608858837
37.496076935243899 -0.292485861023806
37.580310212695132 -0.292637191212245
37.664447241969107 -0.292790622793853
37.748488082125867 -0.292946179434959
37.832432787460249 -0.293103884704388
37.916281407535074 -0.293263762128667
38.000033987210202 -0.293425835223462
38.083690566674647 -0.293590127465950
38.167251181481625 -0.293756662266887
38.250715862577344 -0.293925463021382
38.334084636332044 -0.294096553087450
38.417357524574847 -0.294269955751045
38.500534544622823 -0.294445694272897
38.583615709315481 -0.294623791840182
38.666601027045481 -0.294804271595940
38.749490501789985 -0.294987156631827
38.832284133145649 -0.295172469954495
38.914981916358101 -0.295360234530434
38.997583842355674 -0.295550473247526
39.080089897783104 -0.295743208913091
39.162500065033100 -0.295938464269876
39.244814322277790 -0.296136261994953
39.327032643505191 -0.296336624654904
39.409154998546562 -0.296539574781406
39.491181353114399 -0.296745134778270
39.573111668836070 -0.296953326956424
39.654945903282261 -0.297164173577081
39.736684010004517 -0.297377696770941
39.818325938567803 -0.297593918579420
39.899871634583711 -0.297812860946894
39.981321039743534 -0.298034545720439
40.062674091855520 -0.298258994611089
40.143930724873528 -0.298486229266834
40.225090868935396 -0.298716271186609
40.306154450397372 -0.298949141752305
40.387121391865470 -0.299184862254021
40.467991612231934 -0.299423453843441
40.548765026709610 -0.299664937550706
40.629441546869039 -0.299909334258597
40.710021080667460 -0.300156664771464
40.790503532490533 -0.300406949702578
40.870888803182851 -0.300660209569978
40.951176790087331 -0.300916464717854
41.031367387074070 -0.301175735406025
41.111460484585812 -0.301438041664079
41.191455969664510 -0.301703403454043
41.271353725990892 -0.301971840555861
41.351153633921399 -0.302243372587966
41.430855570524017 -0.302518019016248
41.510459409610824 -0.302795799180307
41.589965021779975 -0.303076732209812
41.669372274448591 -0.303360837102615
41.748681031891657 -0.303648132669808
41.827891155273932 -0.303938637596749
41.907002502694553 -0.304232370328836
41.986014929218371 -0.304529349187076
42.064928286911972 -0.304829592325930
42.143742424888615 -0.305133117651991
42.222457189337192 -0.305439942964783
42.301072423564051 -0.305750085840662
42.379587968027842 -0.306063563693644
42.458003660383383 -0.306380393693931
42.536319335511394 -0.306700592891516
42.614534825561691 -0.307024178095725
42.692649959990732 -0.307351165923613
42.770664565597116 -0.307681572817028
42.848578466563147 -0.308015414986853
42.926391484493095 -0.308352708441524
43.004103438448610 -0.308693469010655
43.081714144987686 -0.309037712312142
43.159223418210068 -0.309385453693175
43.236631069785680 -0.309736708380853
43.313936909001832 -0.310091491312456
43.391140742799379 -0.310449817233341
43.468242375809233 -0.310811700692322
43.545241610396317 -0.311177155973730
43.622138246694938 -0.311546197172798
43.698932082651048 -0.311918838132745
43.775622914058452 -0.312295092497904
43.852210534603572 -0.312674973635202
43.928694735897047 -0.313058494751475
44.005075307521899 -0.313445668743233
44.081352037067212 -0.313836508325455
44.157524710169511 -0.314231025961089
44.233593110555660 -0.314629233846320
44.309557020077918 -0.315031143979701
44.385416218756838 -0.315436768090169
44.461170484821650 -0.315846117658633
44.536819594747790 -0.316259203942510
44.612363323299483 -0.316676037928509
44.687801443569612 -0.317096630356340
44.763133727015195 -0.317520991756678
44.838359943508543 -0.317949132308637
44.913479861362532 -0.318381062072443
44.988493247387616 -0.318816790700622
45.063399866915951 -0.319256327735256
45.138199483853128 -0.319699682356231
45.212891860712745 -0.320146863535396
45.287476758660993 -0.320597879944753
45.361953937549721 -0.321052740060145
45.436323155970101 -0.321511451971896
45.510584171273585 -0.321974023682333
45.584736739633392 -0.322440462734444
45.658780616066920 -0.322910776567516
45.732715554487285 -0.323384972250042
45.806541307741931 -0.323863056596288
45.880257627648682 -0.324345036188788
45.953864265036337 -0.324830917335639
46.027360969792859 -0.325320705999280
46.100747490892964 -0.325814407984952
46.174023576450125 -0.326312028714556
46.247188973750298 -0.326813573393883
46.320243429293228 -0.327319046941626
46.393186688830930 -0.327828454014542
46.466018497411469 -0.328341798956381
46.538738599416746 -0.328859085853360
46.611346738601966 -0.329380318516343
46.683842658134097 -0.329905500489701
46.756226100635239 -0.330434635004169
46.828496808219874 -0.330967725032849
46.900654522536946 -0.331504773244781
46.972698984801674 -0.332045782099227
47.044629935846196 -0.332590753669728
47.116447116153594 -0.333139689797099
47.188150265889689 -0.333692592109499
47.259739124956887 -0.334249461815265
47.331213433020800 -0.334810299955799
47.402572929557969 -0.335375107207846
47.473817353886012 -0.335943884045818
47.544946445210257 -0.336516630586999
47.615959942656794 -0.337093346717105
47.686857585311444 -0.337674032033863
47.757639112263988 -0.338258685796814
47.828304262641417 -0.338847307028392
47.898852775638154 -0.339439894541773
47.969284390572120 -0.340036446696929
48.039598846907850 -0.340636961708697
48.109795884296041 -0.341241437491463
48.179875242621748 -0.341849871576582
48.249836662024755 -0.342462261372831
48.319679882946041 -0.343078603920007
48.389404646170114 -0.343698895926175
48.459010692849390 -0.344323133935849
48.528497764550814 -0.344951314119398
48.597865603285946 -0.345583432427255
48.667113951547741 -0.346219484526555
48.736242552351897 -0.346859465755529
48.805251149267583 -0.347503371223680
48.874139486453849 -0.348151195756426
48.942907308695922 -0.348802933895529
49.011554361439686 -0.349458579913972
49.080080390828975 -0.350118127789736
49.148485143735769 -0.350781571270469
49.216768367796270 -0.351448903817322
49.284929811451939 -0.352120118556589
49.352969223972536 -0.352795208449286
49.420886355498084 -0.353474166110172
49.488680957067800 -0.354156983930888
49.556352780658230 -0.354843653990437
49.623901579211875 -0.355534168145373
49.691327106672418 -0.356228517965267
49.758629118015591 -0.356926694773312
49.825807369285180 -0.357628689596104
49.892861617621371 -0.358334493235274
49.959791621296397 -0.359044096197242
50.026597139739984 -0.359757488788975
50.093277933578108 -0.360474660989820
50.159833764659965 -0.361195602563112
50.226264396087394 -0.361920303031366
50.292569592251546 -0.362648751605865
50.358749118856721 -0.363380937308552
50.424802742951911 -0.364116848896740
50.490730232964040 -0.364856474845963
50.556531358724556 -0.365599803412516
50.622205891496812 -0.366346822624522
50.687753604010503 -0.367097520213548
50.753174270483122 -0.367851883737698
50.818467666654705 -0.368609900452881
50.883633569809547 -0.369371557437207
50.948671758811010 -0.370136841463487
51.013582014125177 -0.370905739105564
51.078364117845410 -0.371678236729156
51.143017853723272 -0.372454320428449
51.207543007191461 -0.373233976102412
51.271939365393500 -0.374017189388761
51.336206717208412 -0.374803945710574
51.400344853275136 -0.375594230278474
51.464353566014779 -0.376388028110292
51.528232649665128 -0.377185323910370
51.591981900294222 -0.377986102272663
51.655601115829377 -0.378790347529195
51.719090096085274 -0.379598043757383
51.782448642776089 -0.380409174935698
51.845676559552196 -0.381223724701438
51.908773652012783 -0.382041676586012
51.971739727732562 -0.382863013875357
52.034574596285530 -0.383687719637934
52.097278069263091 -0.384515776779099
52.159849960299354 -0.385347167969000
52.222290085084211 -0.386181875762362
52.284598261398507 -0.387019882379380
52.346774309120235 -0.387861169990349
52.408818050254823 -0.388705720476992
52.470729308947284 -0.389553515610229
52.532507911505647 -0.390404536937977
52.594153686421457 -0.391258765812753
52.655666464386563 -0.392116183427461
52.717046078309963 -0.392976770813715
52.778292363336014 -0.393840508827292
52.839405156868601 -0.394707378088216
52.900384298579780 -0.395577359133132
52.961229630430246 -0.396450432297559
53.021940996687071 -0.397326577741562
53.082518243939141 -0.398205775471894
53.142961221113652 -0.399088005329821
53.203269779490142 -0.399973247015532
53.263443772713984 -0.400861480091749
53.323483056820585 -0.401752683876442
53.383387490237460 -0.402646837662111
53.443156933806044 -0.403543920518222
53.502791250788924 -0.404443911435605
53.562290306895832 -0.405346789138000
53.621653970285386 -0.406252532323503
53.680882111578605 -0.407161119545904
53.739974603879567 -0.408072529142226
53.798931322775360 -0.408986739439305
53.857752146358791 -0.409903728524426
53.916436955232975 -0.410823474426289
53.974985632525083 -0.411745955022098
54.033398063895945 -0.412671148078560
54.091674137549269 -0.413599031254345
54.149813744245478 -0.414529582053074
54.207816777307094 -0.415462777907307
54.265683132630414 -0.416398596114377
54.323412708691528 -0.417337013892527
54.381005406559325 -0.418278008309602
54.438461129898947 -0.419221556378253
54.495779784982233 -0.420167634984931
54.552961280696330 -0.421116220907226
54.610005528545905 -0.422067290878150
54.666912442666920 -0.423020821467368
54.723681939826037 -0.423976789227160
54.780313939433327 -0.424935170555664
54.836808363540186 -0.425895941846895
54.893165136854201 -0.426859079317120
54.949384186736310 -0.427824559184688
55.005465443210575 -0.428792357540516
55.061408838965036 -0.429762450438176
55.117214309355475 -0.430734813863688
55.172881792415680 -0.431709423668199
55.228411228853453 -0.432686255712693
55.283802562057865 -0.433665285752475
55.339055738098082 -0.434646489523091
55.394170705730538 -0.435629842653048
55.449147416400891 -0.436615320717507
55.503985824237425 -0.437602899325079
55.558685886066883 -0.438592553886416
55.613247561401636 -0.439584259908628
55.667670812451398 -0.440577992741856
55.721955604115678 -0.441573727776733
55.776101903987389 -0.442571440329067
55.830109682357651 -0.443571105626824
55.883978912203517 -0.444572698985522
55.937709569199875 -0.445576195557962
55.991301631710940 -0.446581570544631
56.044755080791084 -0.447588799096633
56.098069900183845 -0.448597856333476
56.151246076319254 -0.449608717360268
56.204283598311129 -0.450621357267359
56.257182457957356 -0.451635751098876
56.309942649734353 -0.452651873912235
56.362564170793647 -0.453669700756146
56.415047020963179 -0.454689206620080
56.467391202737737 -0.455710366548056
56.519596721277487 -0.456733155552414
56.571663584407133 -0.457757548607979
56.623591802606171 -0.458783520743523
56.675381389008983 -0.459811046938990
56.727032359397327 -0.460840102204379
56.778544732192501 -0.461870661582766
56.829918528455849 -0.462902700062317
56.881153771882396 -0.463936192647971
56.932250488787147 -0.464971114437606
56.983208708109395 -0.466007440433433
57.034028461399529 -0.467045145724129
57.084709782810641 -0.468084205435037
57.135252709104066 -0.469124594580896
57.185657279624657 -0.470166288383451
57.235923536305542 -0.471209261961520
57.286051523657399 -0.472253490493127
57.336041288759638 -0.473298949194911
57.385892881253845 -0.474345613298699
57.435606353332112 -0.475393458104135
57.485181759732498 -0.476442458903921
57.534619157727498 -0.477492591056868
57.583918607118179 -0.478543829927688
57.633080170222186 -0.479596150951869
57.682103911864615 -0.480649529604764
57.730989899370158 -0.481703941387711
57.779738202548664 -0.482759361898456
57.828348893693494 -0.483815766693525
57.876822047562605 -0.484873131473261
57.925157741375671 -0.485931431909489
57.973356054795289 -0.486990643815735
58.021417069924475 -0.488050742973234
58.069340871288198 -0.489111705300496
58.117127545830250 -0.490173506689879
58.164777182894305 -0.491236123176433
58.212289874217213 -0.492299530806203
58.259665713914721 -0.493363705717939
58.306904798471557 -0.494428624095859
58.354007226729323 -0.495494262192546
58.400973099872310 -0.496560596352075
58.447802521416698 -0.497627602972926
58.494495597197307 -0.498695258533807
58.541052435357230 -0.499763539563815
58.587473146330510 -0.500832422715763
58.633757842834946 -0.501901884657979
58.679906639854430 -0.502971902186939
58.725919654624356 -0.504042452193466
58.771797006626464 -0.505113511561684
58.817538817567481 -0.506185057343518
58.863145211367460 -0.507257066653651
58.908616314145391 -0.508329516699709
58.953952254211664 -0.509402384707174
58.999153162040699 -0.510475648135097
59.044219170273443 -0.511549284351857
59.089150413688330 -0.512623270977198
59.133947029196662 -0.513697585617503
59.178609155821583 -0.514772206043845
59.223136934686821 -0.515847110085933
59.267530509005113 -0.516922275635737
59.311790024055966 -0.517997680763090
59.355915627176060 -0.519073303578802
59.399907467744875 -0.520149122286473
59.443765697164096 -0.521225115250061
59.487490468844840 -0.522301260909652
59.531081938200671 -0.523377537716781
59.574540262616011 -0.524453924405473
59.617865601444436 -0.525530399663452
59.661058115988780 -0.526606942332864
59.704117969483995 -0.527683531379522
59.747045327079796 -0.528760145895965
59.789840355829732 -0.529836765030332
59.832503224675563 -0.530913368038740
59.875034104425517 -0.531989934352779
59.917433167743354 -0.533066443459898
59.959700589129007 -0.534142874997818
60.001836544906872 -0.535219208668996
60.043841213206690 -0.536295424323307
60.085714773943401 -0.537371501969752
60.127457408811651 -0.538447421614238
60.169069301259036 -0.539523163495345
60.210550636473855 -0.540598707923876
60.251901601369916 -0.541674035315604
60.293122384567376 -0.542749126235876
60.334213176381034 -0.543823961316731
60.375174168796285 -0.544898521394364
60.416005555456699 -0.545972787380683
60.456707531652171 -0.547046740256194
60.497280294292075 -0.548120361238307
60.537724041900347 -0.549193631536671
60.578038974587905 -0.550266532606389
60.618225294040535 -0.551339045975694
60.658283203507814 -0.552411153234831
60.698212907774987 -0.553482836226737
60.738014613154284 -0.554554076829961
60.777688527470239 -0.555624857025921
60.817234860033700 -0.556695159026771
60.856653821631006 -0.557764965104648
60.895945624509125 -0.558834257637899
60.935110482355384 -0.559903019172337
60.974148610281006 -0.560971232378124
61.013060224803041 -0.562038880069345
61.051845543836734 -0.563105945085414
61.090504786661626 -0.564172410588974
61.129038173922368 -0.565238259673553
61.167445927601499 -0.566303475681323
61.205728271003977 -0.567368042069887
61.243885428746545 -0.568431942359044
61.281917626731996 -0.569495160300974
61.319825092140491 -0.570557679688348
61.357608053408690 -0.571619484492435
61.395266740211419 -0.572680558835087
61.432801383450112 -0.573740886912136
61.470212215231960 -0.574800453099130
61.507499468858803 -0.575859241841295
61.544663378800166 -0.576917237834729
61.581704180689187 -0.577974425765097
61.618622111296276 -0.579030790563257
61.655417408519739 -0.580086317211078
61.692090311364289 -0.581140990880652
61.728641059926645 -0.582194796854033
61.765069895381949 -0.583247720513723
61.801377059960629 -0.584299747452980
61.837562796936439 -0.585350863348438
61.873627350613880 -0.586401053966720
61.909570966305786 -0.587450305278951
61.945393890316303 -0.588498603398495
61.981096369934264 -0.589545934462487
62.016678653404526 -0.590592284885383
62.052140989922748 -0.591637641089963
62.087483629613658 -0.592681989697734
62.122706823515230 -0.593725317461531
62.157810823564624 -0.594767611245781
62.192795882584313 -0.595808858024400
62.227662254259577 -0.596849044981580
62.262410193130080 -0.597888159348952
62.297039954567751 -0.598926188565362
62.331551794771073 -0.599963120086141
62.365945970735147 -0.600998941665872
62.400222740252055 -0.602033641006087
62.434382361882790 -0.603067206086753
62.468425094946845 -0.604099624961664
62.502351199509285 -0.605130885787470
62.536160936364610 -0.606160976862102
62.569854567014680 -0.607189886694683
62.603432353665035 -0.608217603791090
62.636894559199035 -0.609244116913641
62.670241447172103 -0.610269414846759
62.703473281788156 -0.611293486605658
62.736590327897474 -0.612316321186004
62.769592850966077 -0.613337907898483
62.802481117072588 -0.614358236046526
62.835255392888293 -0.615377295124972
62.867915945665580 -0.616395074721116
62.900463043224704 -0.617411564535463
62.932896953930964 -0.618426754495493
62.965217946695162 -0.619440634481055
62.997426290940325 -0.620453194723491
63.029522256608423 -0.621464425333990
63.061506114128491 -0.622474316759475
63.093378134415133 -0.623482859424994
63.125138588847861 -0.624490043959946
63.156787749257873 -0.625495861111471
63.188325887920037 -0.626500301682708
63.219753277529115 -0.627503356720371
63.251070191194280 -0.628505017298704
63.282276902426418 -0.629505274604718
63.313373685118940 -0.630504120016857
63.344360813537385 -0.631501545000511
63.375238562307914 -0.632497541121813
63.406007206400446 -0.633492100111950
63.436667021119135 -0.634485213780767
63.467218282086982 -0.635476874086241
63.497661265234406 -0.636467073088926
63.527996246785030 -0.637455802984760
63.558223503247383 -0.638443056035533
63.588343311394148 -0.639428824718373
63.618355948255754 -0.640413101554493
63.648261691110697 -0.641395879148317
63.678060817463354 -0.642377150339258
63.707753605041070 -0.643356907970025
63.737340331776736 -0.644335145061492
63.766821275800247 -0.645311854706968
63.796196715422283 -0.646287030164703
63.825466929126542 -0.647260664756953
63.854632195557265 -0.648232751926592
63.883692793503478 -0.649203285278641
63.912649001894430 -0.650172258443984
63.941501099779401 -0.651139665269735
63.970249366323209 -0.652105499630154
63.998894080795189 -0.653069755505269
64.027435522551528 -0.654032427062673
64.055873971030124 -0.654993508505798
64.084209705738004 -0.655952994164990
64.112443006234940 -0.656910878544225
64.140574152132459 -0.657867156134320
64.168603423077258 -0.658821821603258
64.196531098739428 -0.659774869737895
64.224357458802203 -0.660726295427231
64.252082782958425 -0.661676093578534
64.279707350889652 -0.662624259332246
64.307231442261525 -0.663570787862417
64.334655336715031 -0.664515674428175
64.361979313849275 -0.665458914476923
64.389203653221671 -0.666400503433242
64.416328634330270 -0.667340436917188
64.443354536602413 -0.668278710667221
64.470281639394969 -0.669215320399462
64.497110221974353 -0.670150262054861
64.523840563513232 -0.671083531596995
64.550472943075576 -0.672015125153072
64.577007639612276 -0.672945038887274
64.603444931950051 -0.673873269081146
64.629785098780062 -0.674799812140378
64.656028418655978 -0.675724664475972
64.682175169971657 -0.676647822759060
64.708225630965387 -0.677569283591336
64.734180079705752 -0.678489043733316
64.760038794080273 -0.679407100071034
64.785802051793212 -0.680323449501641
64.811470130348440 -0.681238089121298
64.837043307049044 -0.682151016015163
64.862521858984934 -0.683062227409514
64.887906063022911 -0.683971720639671
64.913196195801149 -0.684879493096792
64.938392533723544 -0.685785542229380
64.963495352941692 -0.686689865697990
64.988504929362009 -0.687592461062402
65.013421538621785 -0.688493326169615
65.038245456095481 -0.689392458776132
65.062976956876213 -0.690289856859438
65.087616315772664 -0.691185518425297
65.112163807303475 -0.692079441538684
65.136619705685121 -0.692971624407608
65.160984284829766 -0.693862065256404
65.185257818333113 -0.694750762453606
65.209440579471192 -0.695637714399435
65.233532841186701 -0.696522919656527
65.257534876093260 -0.697406376726755
65.281446956456406 -0.698288084343753
65.305269354194010 -0.699168041227754
65.329002340868428 -0.700046246191521
65.352646187677223 -0.700922698158290
65.376201165448592 -0.701797396103242
65.399667544634625 -0.702670339079563
65.423045595304544 -0.703541526221911
65.446335587139558 -0.704410956723713
65.469537789421736 -0.705278629915386
65.492652471036166 -0.706144545094725
65.515679900455837 -0.707008701747550
65.538620345743681 -0.707871099329702
65.561474074538765 -0.708731737469126
65.584241354056132 -0.709590615792702
65.606922451081630 -0.710447733989647
65.629517631959061 -0.711303091911533
65.652027162592020 -0.712156689382918
65.674451308433419 -0.713008526360891
65.696790334482714 -0.713858602836457
65.719044505282895 -0.714706918837400
65.741214084906446 -0.715553474570291
65.763299336959150 -0.716398270192525
65.785300524569791 -0.717241305992669
65.807217910382576 -0.718082582357586
65.829051756568688 -0.718922099523725
65.850802324792468 -0.719759858165461
65.872469876232472 -0.720595858685169
65.894054671563183 -0.721430101722549
65.915556970954853 -0.722262587920932
65.936977034066871 -0.723093318010215
65.958315120045228 -0.723922292755102
65.979571487513624 -0.724749513038864
66.000746394577220 -0.725574979696135
66.021840098807502 -0.726398693763136
66.042852857245222 -0.727220656239293
66.063784926393140 -0.728040868221856
66.084636562217696 -0.728859330790355
66.105408020135584 -0.729676045202682
66.126099555014520 -0.730491012710336
66.146711421169812 -0.731304234614639
66.167243872359379 -0.732115712286056
66.187697161780761 -0.732925447139276
66.208071542062541 -0.733733440705652
66.228367265270791 -0.734539694438915
66.248584582892377 -0.735344210015405
66.268723745844937 -0.736146988987981
66.288785004461388 -0.736948033118350
66.308768608493352 -0.737747344129521
66.328674807103781 -0.738544923848593
66.348503848868546 -0.739340774088022
66.368255981771114 -0.740134896738168
66.387931453192422 -0.740927293829966
66.407530509921301 -0.741717967264147
66.427053398137872 -0.742506919169006
66.446500363417741 -0.743294151625765
66.465871650732240 -0.744079666719993
66.485167504431715 -0.744863466767269
66.504388168260704 -0.745645553891656
66.523533885340569 -0.746425930455398
66.542604898172797 -0.747204598787351
66.561601448641255 -0.747981561194782
66.580523777994571 -0.748756820230042
66.599372126860189 -0.749530378266971
66.618146735232685 -0.750302237846854
66.636847842472903 -0.751072401531006
66.655475687306250 -0.751840871915737
66.674030507817605 -0.752607651675194
66.692512541453794 -0.753372743461087
66.710922025020025 -0.754136149985019
66.729259194671769 -0.754897874078016
66.747524285920178 -0.755657918510246
66.765717533627424 -0.756416286125649
66.783839172004065 -0.757172979816599
66.801889434604234 -0.757928002551342
66.819868554328835 -0.758681357267754
66.837776763421672 -0.759433046969048
66.855614293467568 -0.760183074695091
66.873381375387936 -0.760931443559588
66.891078239442649 -0.761678156663849
66.908705115229068 -0.762423217135292
66.926262231674897 -0.763166628211573
66.943749817039688 -0.763908393123856
66.961168098917071 -0.764648515086690
66.978517304226799 -0.765386997436325
66.995797659215881 -0.766123843508092
67.013009389459398 -0.766859056640563
67.030152719854939 -0.767592640261975
67.047227874625335 -0.768324597778978
67.064235077313938 -0.769054932675941
67.081174550781839 -0.769783648491720
67.098046517216233 -0.770510748665177
67.114851198118942 -0.771236236807218
67.131588814306838 -0.771960116539107
67.148259585916549 -0.772682391432354
67.164863732396526 -0.773403065183977
67.181401472513031 -0.774122141423914
67.197873024338364 -0.774839623960186
67.214278605266117 -0.775555516407082
67.230618431992923 -0.776269822647066
67.246892720530838 -0.776982546407218
67.263101686196322 -0.777693691584700
67.279245543620490 -0.778403261950910
67.295324506739632 -0.779111261425200
67.311338788794032 -0.779817693960553
67.327288602336083 -0.780522563415175
67.343174159219046 -0.781225873818824
67.358995670606973 -0.781927629083259
67.374753346960432 -0.782627833333963
67.390447398056992 -0.783326490430584
67.406078032962228 -0.784023604653090
67.421645460058016 -0.784719179906679
67.437149887023594 -0.785413220376887
67.452591520839405 -0.786105730215164
67.467970567791411 -0.786796713530067
67.483287233464424 -0.787486174542567
67.498541722748797 -0.788174117397797
67.513734239830740 -0.788860546395647
67.528864988201960 -0.789545465719193
67.543934170654310 -0.790228879645776
67.558941989276292 -0.790910792520892
67.573888645463228 -0.791591208565475
67.588774339906195 -0.792270132176201
67.603599272599737 -0.792947567659668
67.618363642836670 -0.793623519415252
67.633067649210687 -0.794297991825327
67.647711489618430 -0.794970989262244
67.662295361251878 -0.795642516225810
67.676819460608812 -0.796312577087477
67.691283983485675 -0.796981176339552
67.705689124977965 -0.797648318488584
67.720035079484106 -0.798314008006698
67.734322040704456 -0.798978249400268
67.748550201636675 -0.799641047260430
67.762719754585405 -0.800302406062922
67.776830891154177 -0.800962330417638
67.790883802250164 -0.801620824887712
67.804878678080954 -0.802277894102331
67.818815708159264 -0.802933542645094
67.832695081299832 -0.803587775163269
67.846516985621676 -0.804240596294027
67.860281608547112 -0.804892010708206
67.873989136803090 -0.805542023079587
67.887639756423312 -0.806190638071637
67.901233652743997 -0.806837860429919
67.914771010409396 -0.807483694842207
67.928252013370994 -0.808128146028833
67.941676844884526 -0.808771218773869
67.955045687514968 -0.809412917811748
67.968358723137527 -0.810053247883117
67.981616132932473 -0.810692213825367
67.994818097392439 -0.811329820391427
68.007964796319044 -0.811966072404826
68.021056408826283 -0.812600974662312
68.034093113337178 -0.813234532029617
68.047075087590372 -0.813866749299599
68.060002508633602 -0.814497631381376
68.072875552831874 -0.815127183087002
68.085694395863243 -0.815755409312196
68.098459212722560 -0.816382314919649
68.111170177717980 -0.817007904845499
68.123827464479334 -0.817632183925415
68.136431245948472 -0.818255157158064
68.148981694390500 -0.818876829400949
68.161478981391085 -0.819497205572463
68.173923277851259 -0.820116290688819
68.186314753998630 -0.820734089625959
68.198653579381570 -0.821350607365840
68.210939922870423 -0.821965848895685
68.223173952662762 -0.822579819148077
68.235355836279240 -0.823192523138446
68.247485740568266 -0.823803965836875
68.259563831705236 -0.824414152246727
68.271590275194171 -0.825023087369306
68.283565235865566 -0.825630776261081
68.295488877888204 -0.826237223826999
68.307361364754684 -0.826842435207305
68.319182859292852 -0.827446415396771
68.330953523665812 -0.828049169412563
68.342673519370209 -0.828650702320079
68.354343007241823 -0.829251019124462
68.365962147447092 -0.829850124979311
68.377531099497119 -0.830448024853668
68.389050022240482 -0.831044723845292
68.400519073866263 -0.831640227030842
68.411938411903762 -0.832234539512902
68.423308193232018 -0.832827666276895
68.434628574064888 -0.833419612551611
68.445899709969396 -0.834010383316675
68.457121755855511 -0.834599983726089
68.468294865983097 -0.835188418853975
68.479419193960908 -0.835775693812112
68.490494892750135 -0.836361813681755
68.501522114658229 -0.836946783659822
68.512501011351361 -0.837530608780740
68.523431733851083 -0.838113294150857
68.534314432530408 -0.838694844958070
68.545149257119334 -0.839275266330869
68.555936356711683 -0.839854563319354
68.566675879756986 -0.840432741116476
68.577367974066320 -0.841009804851597
68.588012786813863 -0.841585759653662
68.598610464539803 -0.842160610631169
68.609161153145621 -0.842734362986061
68.619664997900344 -0.843307021849241
68.630122143445149 -0.843878592306135
68.640532733787524 -0.844449079551818
68.650896912303352 -0.845018488774506
68.661214821745645 -0.845586825052163
68.671486604239178 -0.846154093567948
68.681712401284486 -0.846720299467048
68.691892353757027 -0.847285447930596
68.702026601911101 -0.847849544103054
68.712115285381586 -0.848412593125910
68.722158543184563 -0.848974600154311
68.732156513716845 -0.849535570373238
68.742109334758098 -0.850095508958466
68.752017143478554 -0.850654420991682
68.761880076428696 -0.851212311734762
68.771698269552502 -0.851769186269957
68.781471858183664 -0.852325049761532
68.791200977041669 -0.852879907454674
68.800885760247553 -0.853433764379399
68.810526341305405 -0.853986625868418
68.820122853127870 -0.854538496890390
68.829675428016330 -0.855089382737717
68.839184197673958 -0.855639288527006
68.848649293204687 -0.856188219413815
68.858070845112209 -0.856736180590906
68.867448983309117 -0.857283177134798
68.876783837104824 -0.857829214329083
68.886075535223810 -0.858374297201129
68.895324205792946 -0.858918430994744
68.904529976351839 -0.859461620818833
68.913692973850985 -0.860003871831782
68.922813324649610 -0.860545189249543
68.931891154530888 -0.861085578075261
68.940926588683524 -0.861625043618836
68.949919751719563 -0.862163590939146
68.958870767670405 -0.862701225177652
68.967779759984310 -0.863237951537851
68.976646851537254 -0.863773775078481
68.985472164623715 -0.864308701021719
68.994255820967908 -0.864842734440777
69.002997941717652 -0.865375880524061
69.011698647453088 -0.865908144349237
69.020358058180861 -0.866439531104832
69.028976293340975 -0.866970045897684
69.037553471808849 -0.867499693822964
69.046089711892236 -0.868028480047294
69.054585131336623 -0.868556409675476
69.063039847326365 -0.869083487816885
69.071453976482189 -0.869609719642366
69.079827634872146 -0.870135110173763
69.088160938003597 -0.870659664580858
69.096454000827478 -0.871183387989053
69.104706937743103 -0.871706285469730
69.112919862598233 -0.872228362117552
69.121092888687258 -0.872749623075613
69.129226128759782 -0.873270073375772
69.137319695014654 -0.873789718166005
69.145373699105164 -0.874308562533301
69.153388252142548 -0.874826611533408
69.161363464696450 -0.875343870235426
69.169299446789182 -0.875860343821660
69.177196307912183 -0.876376037236798
69.185054157014804 -0.876890955624343
69.192873102510248 -0.877405104055815
69.200653252277306 -0.877918487597887
69.208394713664418 -0.878431111273876
69.216097593487774 -0.878942980159777
69.223761998032202 -0.879454099338937
69.231388033056021 -0.879964473839564
69.238975803790225 -0.880474108724864
69.246525414945324 -0.880983008971009
69.254036970700596 -0.881491179746088
69.261510574722863 -0.881998625942737
69.268946330150044 -0.882505352734598
69.276344339611114 -0.883011365001839
69.283704705211832 -0.883516667870796
69.291027528543907 -0.884021266345714
69.298312910687798 -0.884525165405410
69.305560952207983 -0.885028370127285
69.312771753167141 -0.885530885382950
69.319945413105870 -0.886032716389006
69.327082031072081 -0.886533867914704
69.334181705598482 -0.887034345109040
69.341244534718271 -0.887534152892526
69.348270615956665 -0.888033296341477
69.355260046350224 -0.888531780244603
69.362212922422600 -0.889029609799364
69.369129340210179 -0.889526789814070
69.376009395245717 -0.890023325380060
69.382853182575857 -0.890519221328388
69.389660796746355 -0.891014482748719
69.396432331818900 -0.891509114480219
69.403167881358883 -0.892003121581139
69.409867538449006 -0.892496508910182
69.416531395683677 -0.892989281438056
69.423159545171984 -0.893481444107493
69.429752078541071 -0.893973001826933
69.436309086934102 -0.894463959560757
69.442830661016686 -0.894954322186681
69.449316890975794 -0.895444094623481
69.455767866519395 -0.895933281814443
69.462183676880571 -0.896421888657787
69.468564410819809 -0.896909920034157
69.474910156626166 -0.897397380826720
69.481221002113088 -0.897884276006033
69.487497034630252 -0.898370610370373
69.493738341057394 -0.898856388840012
69.499945007807028 -0.899341616309828
69.506117120829984 -0.899826297605580
69.512254765612411 -0.900310437620971
69.518358027177968 -0.900794041235500
69.524426990092081 -0.901277113278679
69.530461738459380 -0.901759658641696
69.536462355931675 -0.902241682105327
69.542428925702268 -0.902723188563493
69.548361530513247 -0.903204182810685
69.554260252647552 -0.903684669792293
69.560125173948052 -0.904164654158025
69.565956375797654 -0.904644140907111
69.571753939141672 -0.905123134688292
69.577517944467829 -0.905601640501104
69.583248471831098 -0.906079662954076
69.588945600831323 -0.906557207045990
69.594609410638142 -0.907034277381844
69.600239979971562 -0.907510878909609
69.605837387117333 -0.907987016340678
69.611401709922532 -0.908462694479689
69.616933025802254 -0.908937918040416
69.622431411728982 -0.909412691931953
69.627896944250779 -0.909887020780416
69.633329699477869 -0.910360909455477
69.638729753095632 -0.910834362628490
69.644097180358784 -0.911307385088640
69.649432056092593 -0.911779981623058
69.654734454703018 -0.912252156868948
69.660004450165872 -0.912723915664581
69.665242116036225 -0.913195262709032
69.670447525448637 -0.913666202718342
69.675620751118601 -0.914136740401183
69.680761865340259 -0.914606880525776
69.685870939995155 -0.915076627731488
69.690948046545927 -0.915545986782293
69.695993256042485 -0.916014962357853
69.701006639120337 -0.916483559185320
69.705988266008461 -0.916951781877010
69.710938206520112 -0.917419635220132
69.715856530065295 -0.917887123809341
69.720743305643907 -0.918354252374735
69.725598601851488 -0.918821025567657
69.730422486878865 -0.919287448063740
69.735215028516379 -0.919753524486402
69.739976294147468 -0.920219259585470
69.744706350762456 -0.920684657896936
69.749405264948948 -0.921149724136880
69.754073102896299 -0.921614462965085
69.758709930402219 -0.922078878947102
69.763315812867219 -0.922542976760951
69.767890815298784 -0.923006761032472
69.772435002312534 -0.923470236386153
69.776948438134383 -0.923933407427964
69.781431186602106 -0.924396278755148
69.785883311163161 -0.924858855019962
69.790304874880974 -0.925321140786597
69.794695940431836 -0.925783140689420
69.799056570111759 -0.926244859263937
69.803386825831311 -0.926706301152690
69.807686769120465 -0.927167470931451
69.811956461131842 -0.927628373140492
69.816195962635931 -0.928089012418642
69.820405334030113 -0.928549393268195
69.824584635331064 -0.929009520339488
69.828733926189400 -0.929469398049420
69.832853265871464 -0.929929031145365
69.836942713282099 -0.930388424000394
69.841002326947873 -0.930847581294756
69.845032165031611 -0.931306507476093
69.849032285325720 -0.931765207123040
69.853002745253960 -0.932223684803375
69.856943601878967 -0.932681944971387
69.860854911895430 -0.933139992216219
69.864736731639084 -0.933597830989921
69.868589117079694 -0.934055465883593
69.872412123830017 -0.934512901348631
69.876205807140636 -0.934970141945562
69.879970221908295 -0.935427192105948
69.883705422669934 -0.935884056382852
69.887411463606583 -0.936340739278830
69.891088398548689 -0.936797245221100
69.894736280971188 -0.937253578739385
69.898355163997991 -0.937709744302339
69.901945100400653 -0.938165746419321
69.905506142605134 -0.938621589498226
69.909038342687069 -0.939077278047497
69.912541752375461 -0.939532816526316
69.916016423053776 -0.939988209393509
69.919462405761308 -0.940443461099076
69.922879751195012 -0.940898576079360
69.926268509706148 -0.941353558845314
69.929628731309862 -0.941808413756665
69.932960465678249 -0.942263145312163
69.936263762147931 -0.942717757893751
69.939538669715233 -0.943172255984579
69.942785237041022 -0.943626643999597
69.946003512452194 -0.944080926344656
69.949193543941476 -0.944535107444223
69.952355379167813 -0.944989191734010
69.955489065461578 -0.945443183573282
69.958594649819560 -0.945897087426042
69.961672178909438 -0.946350907695046
69.964721699072072 -0.946804648757353
69.967743256322336 -0.947258314992019
69.970736896346793 -0.947711910835988
69.973702664508110 -0.948165440663889
69.976640605847095 -0.948618908830386
69.979550765078969 -0.949072319772921
69.982433186600588 -0.949525677815902
69.985287914485369 -0.949978987391085
69.988114992490807 -0.950432252812092
69.990914464054327 -0.950885478481713
69.993686372296636 -0.951338668760598
69.996430760021681 -0.951791828025116
69.999147669721410 -0.952244960582439
70.001837143570569 -0.952698070848833
70.004499223433768 -0.953151163130612
70.007133950862553 -0.953604241801717
70.009741367096396 -0.954057311234608
70.012321513070873 -0.954510375670015
70.014874429407229 -0.954963439552874
70.017400156421402 -0.955416507181375
70.019898734123231 -0.955869582883265
70.022370202216905 -0.956322670993827
70.024814600103653 -0.956775775816631
70.027231966878219 -0.957228901733224
70.029622341335752 -0.957682053016378
70.031985761970063 -0.958135233987079
70.034322266974669 -0.958588448961752
70.036631894244437 -0.959041702243398
70.038914681371125 -0.959494998230386
70.041170665658811 -0.959948341057784
70.043399884105398 -0.960401735210944
70.045602373419783 -0.960855184879569
70.047778170016386 -0.961308694367149
70.049927310013658 -0.961762268020077
70.052049829239010 -0.962215910110832
70.054145763229783 -0.962669624909056
70.056215147232294 -0.963123416716338
70.058258016204206 -0.963577289807898
70.060274404811267 -0.964031248531675
70.062264347438088 -0.964485297055408
70.064227878176283 -0.964939439778288
70.066165030839102 -0.965393680846764
70.068075838947678 -0.965848024673534
70.069960335745762 -0.966302475417675
70.071818554190244 -0.966757037426072
70.073650526959753 -0.967211714903118
70.075456286448770 -0.967666512176367
70.077235864774295 -0.968121433465134
70.078989293776232 -0.968576482997644
70.080716605009542 -0.969031665159711
70.082417829758867 -0.969486984084536
70.084092999030815 -0.969942444061406
70.085742143555777 -0.970398049360324
70.087365293787300 -0.970853804278657
70.088962479913647 -0.971309712914204
70.090533731842115 -0.971765779669278
70.092079079211032 -0.972222008740255
70.093598551389434 -0.972678404342032
70.095092177473347 -0.973134970774659
70.096559986292476 -0.973591712227817
70.098002006408478 -0.974048632938363
70.099418266111513 -0.974505737221396
70.100808793431483 -0.974963029197781
70.102173616128198 -0.975420513185777
70.103512761695228 -0.975878193446025
70.104826257370533 -0.976336074056192
70.106114130117462 -0.976794159462314
70.107376406645571 -0.977252453736206
70.108613113400992 -0.977710961144108
70.109824276566215 -0.978169685970410
70.111009922068746 -0.978628632352329
70.112170075573260 -0.979087804588320
70.113304762486493 -0.979547206898158
70.114414007962552 -0.980006843418114
70.115497836893965 -0.980466718465621
70.116556273916657 -0.980926836278614
70.117589343419468 -0.981387200931348
70.118597069525734 -0.981847816857329
70.119579476115945 -0.982308688079400
70.120536586813557 -0.982769818899847
70.121468424986787 -0.983231213602458
70.122375013760106 -0.983692876268291
70.123256376002445 -0.984154811214418
70.124112534334714 -0.984617022630500
70.124943511132798 -0.985079514662630
70.125749328517415 -0.985542291664388
70.126530008365847 -0.986005357779450
70.127285572313738 -0.986468717132744
70.128016041742782 -0.986932374095209
70.128721437794809 -0.987396332785499
70.129401781367449 -0.987860597418822
70.130057093112157 -0.988325172259398
70.130687393440311 -0.988790061472611
70.131292702520710 -0.989255269282693
70.131873040280979 -0.989720799901991
70.132428426405696 -0.990186657592373
70.132958880346507 -0.990652846436152
70.133464421307423 -0.991119370809753
70.133945068261369 -0.991586234788726
70.134400839937541 -0.992053442701831
70.134831754834849 -0.992520998636037
70.135237831208684 -0.992988906943934
70.135619087083455 -0.993457171753036
70.135975540250143 -0.993925797250700
70.136307208262167 -0.994394787716637
70.136614108438465 -0.994864147385571
70.136896257869381 -0.995333880392605
70.137153673412939 -0.995803990958430
70.137386371691122 -0.996274483387811
70.137594369097371 -0.996745361855896
70.137777681798596 -0.997216630511790
70.137936325727523 -0.997688293665119
70.138070316589079 -0.998160355517696
70.138179669862552 -0.998632820241004
70.138264400797780 -0.999105692094782
70.138324524417030 -0.999578975315487
70.138360055518731 -1.000052674080289
70.138371008672962 -1.000526792668481
70.138357398226660 -1.001001335270372
70.138319238303637 -1.001476306089872
70.138256542800136 -1.001951709430349
70.138169325394969 -1.002427549412327
70.138057599536822 -1.002903830414714
70.137921378461442 -1.003380556497513
70.137760675176466 -1.003857732027657
70.137575502471634 -1.004335361187394
70.137365872917954 -1.004813448187697
70.137131798864871 -1.005291997308644
70.136873292442203 -1.005771012805883
70.136590365564999 -1.006250498852468
70.136283029929189 -1.006730459720815
70.135951297011928 -1.007210899689000
70.135595178075221 -1.007691822977378
70.135214684166968 -1.008173233799786
70.134809826116410 -1.008655136471533
70.134380614540021 -1.009137535206156
70.133927059842406 -1.009620434211731
70.133449172207435 -1.010103837885267
70.132946961614650 -1.010587750312511
70.132420437826127 -1.011072175852256
70.131869610390098 -1.011557118804379
70.131294488649232 -1.012042583318554
70.130695081733066 -1.012528573707131
70.130071398555884 -1.013015094337433
70.129423447830362 -1.013502149319523
70.128751238054832 -1.013989743029837
70.128054777520077 -1.014477879721601
70.127334074309559 -1.014966563658072
70.126589136297440 -1.015455799153465
70.125819971152183 -1.015945590464907
70.125026586334513 -1.016435941902003
70.124208989102485 -1.016926857686778
70.123367186500886 -1.017418342265546
70.122501185377288 -1.017910399777799
70.121610992373519 -1.018403034545875
70.120696613922505 -1.018896250967796
70.119758056258732 -1.019390053246475
70.118795325410062 -1.019884445760436
70.117808427204608 -1.020379432764473
70.116797367265718 -1.020875018625753
70.115762151017975 -1.021371207606142
70.114702783682830 -1.021868004065024
70.113619270280779 -1.022365412334243
70.112511615633963 -1.022863436703637
70.111379824363297 -1.023362081535508
70.110223900889778 -1.023861351178002
70.109043849438194 -1.024361249918084
70.107839674034224 -1.024861782113168
70.106611378501924 -1.025362952184581
70.105358966473389 -1.025864764372516
70.104082441382516 -1.026367223055405
70.102781806461564 -1.026870332692561
70.101457064753703 -1.027374097505733
70.100108219102708 -1.027878521935108
70.098735272156475 -1.028383610363899
70.097338226369857 -1.028889367131093
70.095917084003887 -1.029395796603539
70.094471847124723 -1.029902903182268
70.093002517603054 -1.030410691293777
70.091509097119626 -1.030919165265648
70.089991587161606 -1.031428329511180
70.088449989021726 -1.031938188474356
70.086884303805320 -1.032448746468816
70.085294532420960 -1.032960008012480
70.083680675589520 -1.033471977449853
70.082042733842528 -1.033984659173906
70.080380707516696 -1.034498057700158
70.078694596761451 -1.035012177403998
70.076984401538937 -1.035527022675089
70.075250121616975 -1.036042598056662
70.073491756579926 -1.036558907886181
70.071709305820889 -1.037075956671071
70.069902768545944 -1.037593748845614
70.068072143772085 -1.038112288899393
70.066217430332259 -1.038631581231759
70.064338626869130 -1.039151630382469
70.062435731840921 -1.039672440784307
70.060508743519961 -1.040194016912809
70.058557659991351 -1.040716363283284
70.056582479154713 -1.041239484389063
70.054583198728153 -1.041763384654332
70.052559816240574 -1.042288068673701
70.050512329037403 -1.042813540937437
70.048440734283673 -1.043339805885345
70.046345028956253 -1.043866868129575
70.044225209850396 -1.044394732160524
70.042081273579754 -1.044923402481441
70.039913216572430 -1.045452883689216
70.037721035077126 -1.045983180267551
70.035504725159555 -1.046514296786567
70.033264282701552 -1.047046237847302
70.030999703406636 -1.047579007949909
70.028710982795957 -1.048112611690468
70.026398116210075 -1.048647053641218
70.024061098807792 -1.049182338410956
70.021699925571198 -1.049718470518397
70.019314591298297 -1.050255454646791
70.016905090610848 -1.050793295329807
70.014471417949352 -1.051331997217966
70.012013567577156 -1.051871564890644
70.009531533577146 -1.052412003007702
70.007025309854299 -1.052953316189079
70.004494890136996 -1.053495509041075
70.001940267974518 -1.054038586233905
69.999361436737559 -1.054582552441510
69.996758389621021 -1.055127412291422
69.994131119644692 -1.055673170410292
69.991479619649056 -1.056219831525608
69.988803882295286 -1.056767400378377
69.986103900076344 -1.057315881489146
69.983379665303843 -1.057865279667728
69.980631170110286 -1.058415599690135
69.977858406462772 -1.058966846056609
69.975061366146377 -1.059519023631045
69.972240040770757 -1.060072137151134
69.969394421773231 -1.060626191302269
69.966524500417719 -1.061181190805719
69.963630267791615 -1.061737140462046
69.960711714808895 -1.062294045019337
69.957768832211528 -1.062851909208913
69.954801610566349 -1.063410737840343
69.951810040267247 -1.063970535692781
69.948794111533076 -1.064531307599920
69.945753814417358 -1.065093058204534
69.942689138791934 -1.065655792509713
69.939600074361280 -1.066219515226750
69.936486610655777 -1.066784231224377
69.933348737037903 -1.067349945251626
69.930186442692076 -1.067916662288130
69.926999716635919 -1.068484387086725
69.923788547715873 -1.069053124506748
69.920552924604294 -1.069622879482448
69.917292835804588 -1.070193656853293
69.914008269649798 -1.070765461500530
69.910699214302142 -1.071338298329995
69.907365657751072 -1.071912172301036
69.904007587821937 -1.072487088203606
69.900624992162776 -1.073063051120285
69.897217858258571 -1.073640065845298
69.893786173420750 -1.074218137409249
69.890329924790819 -1.074797270778562
69.886849099344531 -1.075377470844679
69.883343683887048 -1.075958742614805
69.879813665052495 -1.076541091121415
69.876259029309850 -1.077124521282496
69.872679762957119 -1.077709038154540
69.869075852125789 -1.078294646713464
69.865447282775975 -1.078881352052054
69.861794040703515 -1.079469159124042
69.858116111534926 -1.080058073005540
69.854413480728113 -1.080648098772043
69.850686133573802 -1.081239241480276
69.846934055196229 -1.081831506187034
69.843157230551370 -1.082424898000218
69.839355644427371 -1.083019422033028
69.835529281447592 -1.083615083346597
69.831678126066095 -1.084211887112520
69.827802162571857 -1.084809838425801
69.823901375086152 -1.085408942452327
69.819975747564627 -1.086009204326138
69.816025263794913 -1.086610629247232
69.812049907401970 -1.087213222314019
69.808049661839604 -1.087816988822645
69.804024510399344 -1.088421933890567
69.799974436205332 -1.089028062759340
69.795899422216991 -1.089635380628672
69.791799451225287 -1.090243892791695
69.787674505860139 -1.090853604395208
69.783524568581143 -1.091464520801851
69.779349621686421 -1.092076647196302
69.775149647306648 -1.092689988905923
69.770924627407055 -1.093304551231012
69.766674543789208 -1.093920339445249
69.762399378087721 -1.094537358909064
69.758099111776588 -1.095155614858814
69.753773726158556 -1.095775112778004
69.749423202375482 -1.096395857936904
69.745047521405070 -1.097017855692320
69.740646664060236 -1.097641111429015
69.736220610986450 -1.098265630604794
69.731769342666055 -1.098891418596483
69.727292839420002 -1.099518480758478
69.722791081402548 -1.100146822574392
69.718264048602080 -1.100776449526720
69.713711720844913 -1.101407367026912
69.709134077793252 -1.102039580546168
69.704531098944770 -1.102673095580941
69.699902763632878 -1.103307917635228
69.695249051026693 -1.103944052228447
69.690569940132619 -1.104581504860680
69.685865409792754 -1.105220281081249
69.681135438684109 -1.105860386471580
69.676380005319785 -1.106501826602780
69.671599088054649 -1.107144606933605
69.666792665070716 -1.107788733263324
69.661960714393132 -1.108434211050507
69.657103213880134 -1.109081045992507
69.652220141230657 -1.109729243631143
69.647311473973289 -1.110378809771010
69.642377189476633 -1.111029749999903
69.637417264947175 -1.111682069967912
69.632431677428229 -1.112335775364807
69.627420403793778 -1.112990872032660
69.622383420759689 -1.113647365578328
69.617320704879333 -1.114305261720856
69.612232232537480 -1.114964566333208
69.607117979958716 -1.115625285113697
69.601977923202440 -1.116287423888598
69.596812038169162 -1.116950988358091
69.591620300590407 -1.117615984465480
69.586402686035527 -1.118282418015244
69.581159169911587 -1.118950294830897
69.575889727463704 -1.119619620743266
69.570594333769378 -1.120290401727211
69.565272963744420 -1.120962643639207
69.559925592142690 -1.121636352357686
69.554552193553107 -1.122311533843503
69.549152742402370 -1.122988194013192
69.543727212949506 -1.123666338921609
69.538275579293597 -1.124345974464655
69.532797815371552 -1.125027106604329
69.527293894953161 -1.125709741432164
69.521763791645100 -1.126393884962687
69.516207478888845 -1.127079543276353
69.510624929969765 -1.127766722260717
69.505016118000185 -1.128455428206780
69.499381015931377 -1.129145667146615
69.493719596552722 -1.129837445150099
69.488031832489369 -1.130530768355305
69.482317696201918 -1.131225642923646
69.476577159983449 -1.131922075101495
69.470810195967900 -1.132620070961057
69.465016776122724 -1.133319636756361
69.459196872253742 -1.134020778649996
69.453350455997267 -1.134723502998952
69.447477498830892 -1.135427815931522
69.441577972062660 -1.136133723839968
69.435651846841623 -1.136841232891150
69.429699094147225 -1.137550349513162
69.423719684797348 -1.138261079965338
69.417713589443579 -1.138973430633243
69.411680778575004 -1.139687407831327
69.405621222511698 -1.140403018042324
69.399534891412927 -1.141120267575552
69.393421755271632 -1.141839162885544
69.387281783915114 -1.142559710428294
69.381114947004178 -1.143281916696229
69.374921214037627 -1.144005788095169
69.368700554347015 -1.144731331170573
69.362452937096847 -1.145458552478989
69.356178331288959 -1.146187458495138
69.349876705757367 -1.146918055828480
69.343548029171416 -1.147650351034922
69.337192270034436 -1.148384350716951
69.330809396683136 -1.149120061511423
69.324399377287918 -1.149857490063698
69.317962179855016 -1.150596642987973
69.311497772221003 -1.151337527043372
69.305006122058813 -1.152080148868075
69.298487196873069 -1.152824515225681
69.291940964002691 -1.153570632838443
69.285367390618816 -1.154318508493544
69.278766443726312 -1.155068148962243
69.272138090163423 -1.155819561041833
69.265482296598435 -1.156572751626452
69.258799029537542 -1.157327727443116
69.252088255312472 -1.158084495528802
69.245349940093391 -1.158843062635025
69.238584049879378 -1.159603435755967
69.231790550502993 -1.160365621797260
69.224969407626631 -1.161129627768551
69.218120586746934 -1.161895460594659
69.211244053191393 -1.162663127298816
69.204339772117947 -1.163432634933392
69.197407708518725 -1.164203990480624
69.190447827210733 -1.164977201161136
69.183460092849231 -1.165752273900744
69.176444469916333 -1.166529215910773
69.169400922725274 -1.167308034323602
69.162329415421326 -1.168088736268150
69.155229911975596 -1.168871329038168
69.148102376195283 -1.169655819706814
69.140946771714056 -1.170442215591456
69.133763061997641 -1.171230523899456
69.126551210335535 -1.172020752052296
69.119311179853383 -1.172812907197847
69.112042933504853 -1.173606996698175
69.104746434069597 -1.174403027981489
69.097421644158999 -1.175201008360416
69.090068526209066 -1.176000945336424
69.082687042490875 -1.176802846183191
69.075277155097979 -1.177606718492661
69.067838825955633 -1.178412569658899
69.060372016812821 -1.179220407286306
69.052876689249942 -1.180030238814296
69.045352804674764 -1.180842071802349
69.037800324320685 -1.181655913868916
69.030219209249069 -1.182471772599749
69.022609420344622 -1.183289655710645
69.014970918324039 -1.184109570731460
69.007303663728635 -1.184931525389453
68.999607616926355 -1.185755527384366
68.991882738106739 -1.186581584558434
68.984128987289040 -1.187409704579109
68.976346324318911 -1.188239895215773
68.968534708865974 -1.189072164315916
68.960694100422742 -1.189906519776912
68.952824458308427 -1.190742969422916
68.944925741666736 -1.191581521154368
68.936997909468118 -1.192422182839588
68.929040920503240 -1.193264962524405
68.921054733386569 -1.194109868191448
68.913039306558332 -1.194956907796433
68.904994598281846 -1.195806089383531
68.896920566643729 -1.196657421011844
68.888817169552411 -1.197510910799727
68.880684364737178 -1.198366566911022
68.872522109753277 -1.199224397407086
68.864330361977210 -1.200084410487857
68.856109078606110 -1.200946614388415
68.847858216658622 -1.201811017347074
68.839577732973595 -1.202677627655655
68.831267584214004 -1.203546453533094
68.822927726862659 -1.204417503326973
68.814558117220400 -1.205290785450427
68.806158711410760 -1.206166308226185
68.797729465375369 -1.207044080113380
68.789270334877557 -1.207924109505549
68.780781275498313 -1.208806404917471
68.772262242637396 -1.209690974862696
68.763713191515208 -1.210577827829572
68.755134077169060 -1.211466972424169
68.746524854454194 -1.212358417249026
68.737885478046067 -1.213252170875891
68.729215902434731 -1.214148242038627
68.720516081928352 -1.215046639407537
68.711785970653594 -1.215947371668276
68.703025522551826 -1.216850447624678
68.694234691383215 -1.217755876002392
68.685413430720658 -1.218663665703854
68.676561693956387 -1.219573825489980
68.667679434293248 -1.220486364364655
68.658766604754291 -1.221401291117237
68.649823158177043 -1.222318614704595
68.640849047208093 -1.223238344242867
68.631844224313483 -1.224160488616211
68.622808641770746 -1.225085056929858
68.613742251672988 -1.226012058214490
68.604645005924993 -1.226941501622103
68.595516856241403 -1.227873396376650
68.586357754154690 -1.228807751528449
68.577167651007372 -1.229744576347351
68.567946497953130 -1.230683880101556
68.558694245957895 -1.231625672058406
68.549410845795649 -1.232569961615810
68.540096248057409 -1.233516757974012
68.530750403138939 -1.234466070665410
68.521373261249408 -1.235417909034374
68.511964772406529 -1.236372282571849
68.502524886434330 -1.237329200851773
68.493053552973009 -1.238288673228771
68.483550721464269 -1.239250709450692
68.474016341163377 -1.240215318991445
68.464450361128655 -1.241182511614574
68.454852730230030 -1.242152296897006
68.445223397142840 -1.243124684599569
68.435562310349979 -1.244099684453806
68.425869418139754 -1.245077306277027
68.416144668605639 -1.246057559917195
68.406388009649945 -1.247040455159200
68.396599388978103 -1.248026001960464
68.386778754100746 -1.249014210253270
68.376926052332408 -1.250005090031414
68.367041230792736 -1.250998651287246
68.357124236404701 -1.251994904085619
68.347175015894763 -1.252993858517628
68.337193515792961 -1.253995524698565
68.327179682429673 -1.254999912858242
68.317133461938724 -1.256007033174166
68.307054800257831 -1.257016895841913
68.296943643122603 -1.258029511240695
68.286799936071631 -1.259044889647981
68.276623624441100 -1.260063041510251
68.266414653372436 -1.261083977106192
68.256172967802087 -1.262107707006925
68.245898512469708 -1.263134241605682
68.235591231907947 -1.264163591583482
68.225251070453425 -1.265195767375259
68.214877972240188 -1.266230779610806
68.204471881196312 -1.267268639039340
68.194032741049838 -1.268309356287261
68.183560495324443 -1.269352942125085
68.173055087341922 -1.270399407289326
68.162516460217105 -1.271448762678298
68.151944556861949 -1.272501019117055
68.141339319982379 -1.273556187543706
68.130700692079614 -1.274614278893484
68.120028615449229 -1.275675304157959
68.109323032179404 -1.276739274406085
68.098583884151608 -1.277806200720436
68.087811113040402 -1.278876094222098
68.077004660313406 -1.279948966065475
68.066164467228774 -1.281024827502566
68.055290474835388 -1.282103689812689
68.044382623974087 -1.283185564277851
68.033440855276197 -1.284270462249596
68.022465109164060 -1.285358395100483
68.011455325846256 -1.286449374360251
68.000411445322300 -1.287543411468756
67.989333407381977 -1.288640517919980
67.978221151598476 -1.289740705417495
67.967074617338369 -1.290843985441367
67.955893743749684 -1.291950369815622
67.944678469770537 -1.293059870173701
67.933428734124305 -1.294172498310991
67.922144475320749 -1.295288266026152
67.910825631652386 -1.296407185250071
67.899472141198117 -1.297529267852401
67.888083941820994 -1.298654525796513
67.876660971167965 -1.299782971089661
67.865203166667882 -1.300914615824907
67.853710465532458 -1.302049472107779
67.842182804756632 -1.303187552069215
67.830620121115430 -1.304328867959469
67.819022351167646 -1.305473431969056
67.807389431248623 -1.306621256513389
67.795721297477868 -1.307772353845711
67.784017885751624 -1.308926736451409
67.772279131746473 -1.310084416758035
67.760504970915463 -1.311245407332430
67.748695338493874 -1.312409720628312
67.736850169490779 -1.313577369358059
67.724969398693602 -1.314748366152459
67.713052960665735 -1.315922723744211
67.701100789745922 -1.317100454919785
67.689112820049672 -1.318281572465931
67.677088985465687 -1.319466089305941
67.665029219659985 -1.320654018288554
67.652933456068382 -1.321845372505138
67.640801627901169 -1.323040164958805
67.628633668141859 -1.324238408728952
67.616429509546975 -1.325440116936789
67.604189084642812 -1.326645302833034
67.591912325727449 -1.327853979652435
67.579599164869066 -1.329066160716628
67.567249533904445 -1.330281859426945
67.554863364443577 -1.331501089103620
67.542440587860654 -1.332723863346831
67.529981135301355 -1.333950195604924
67.517484937676684 -1.335180099531511
67.504951925666660 -1.336413588724205
67.492382029715571 -1.337650676947641
67.479775180033926 -1.338891377959584
67.467131306601289 -1.340135705480022
67.454450339156992 -1.341383673524034
67.441732207207039 -1.342635295962795
67.428976840019445 -1.343890586835863
67.416184166627644 -1.345149560134419
67.403354115823774 -1.346412230074622
67.390486616167379 -1.347678610679641
67.377581595973624 -1.348948716337777
67.364638983320575 -1.350222561281760
67.351658706046877 -1.351500159853868
67.338640691749205 -1.352781526508626
67.325584867784187 -1.354066675693298
67.312491161267431 -1.355355621928261
67.299359499068885 -1.356648379902481
67.286189807817706 -1.357944964221260
67.272982013901569 -1.359245389551423
67.259736043458432 -1.360549670832864
67.246451822387925 -1.361857822739319
67.233129276338772 -1.363169860335186
67.219768330715922 -1.364485798537127
67.206368910677554 -1.365805652389976
67.192930941134648 -1.367129436998151
67.179454346750859 -1.368457167516908
67.165939051940185 -1.369788859212373
67.152384980864284 -1.371124527474386
67.138792057441933 -1.372464187479399
67.125160205337934 -1.373807854758522
67.111489347964465 -1.375155544853533
67.097779408483390 -1.376507273292646
67.084030309804490 -1.377863055702069
67.070241974583183 -1.379222907819885
67.056414325225276 -1.380586845303470
67.042547283876729 -1.381954884142484
67.028640772430236 -1.383327040196482
67.014694712524943 -1.384703329382523
67.000709025541880 -1.386083767794104
66.986683632607622 -1.387468371477721
66.972618454587320 -1.388857156721314
66.958513412089161 -1.390250139742077
66.944368425464305 -1.391647336812530
66.930183414803238 -1.393048764357097
66.915958299935340 -1.394454438865838
66.901693000430001 -1.395864376850579
66.887387435595556 -1.397278594905214
66.873041524475624 -1.398697109781180
66.858655185855156 -1.400119938114373
66.844228338251199 -1.401547096851180
66.829760899919535 -1.402978602808636
66.815252788849406 -1.404414473006636
66.800703922763716 -1.405854724511723
66.786114219122595 -1.407299374350114
66.771483595115740 -1.408748439814090
66.756811967667048 -1.410201938125826
66.742099253429728 -1.411659886697367
66.727345368789543 -1.413122302909941
66.712550229864831 -1.414589204199112
66.697713752498814 -1.416060608274200
66.682835852267885 -1.417536532669142
66.667916444473150 -1.419016995214424
66.652955444144553 -1.420502013681296
66.637952766040527 -1.421991605911768
66.622908324642992 -1.423485789945701
66.607822034160307 -1.424984583799698
66.592693808525809 -1.426488005591280
66.577523561396575 -1.427996073532841
66.562311206152657 -1.429508805919681
66.547056655896441 -1.431026221123815
66.531759823453370 -1.432548337559387
66.516420621368056 -1.434075173811801
66.501038961907526 -1.435606748435439
66.485614757056453 -1.437143080183481
66.470147918520638 -1.438684187770872
66.454638357723923 -1.440230090063946
66.439085985804383 -1.441780806099886
66.423490713620936 -1.443336354793213
66.407852451746692 -1.444896755308900
66.392171110470557 -1.446462026831984
66.376446599796367 -1.448032188635771
66.360678829439607 -1.449607260154364
66.344867708832325 -1.451187260744363
66.329013147116186 -1.452772210027038
66.313115053147769 -1.454362127539956
66.297173335490100 -1.455957033127295
66.281187902420100 -1.457556946487880
66.265158661922939 -1.459161887549514
66.249085521692550 -1.460771876292595
66.232968389130136 -1.462386932808796
66.216807171346403 -1.464007077193260
66.200601775155434 -1.465632329786915
66.184352107079619 -1.467262710857252
66.168058073346259 -1.468898240839569
66.151719579884087 -1.470538940339904
66.135336532328878 -1.472184829871806
66.118908836016928 -1.473835930208047
66.102436395989002 -1.475492262079223
66.085919116983931 -1.477153846472921
66.069356903443932 -1.478820704292529
66.052749659509203 -1.480492856674099
66.036097289018144 -1.482170324816538
66.019399695510543 -1.483853129902439
66.002656782223085 -1.485541293316009
65.985868452085313 -1.487234836635486
65.969034607728005 -1.488933781268009
65.952155151474102 -1.490638148961186
65.935229985339618 -1.492347961509913
65.918259011037904 -1.494063240663701
65.901242129974989 -1.495784008380169
65.884179243246834 -1.497510286777895
65.867070251641280 -1.499242097992960
65.849915055638434 -1.500979464229406
65.832713555405448 -1.502722407921076
65.815465650801869 -1.504470951425554
65.798171241374476 -1.506225117328212
65.780830226356670 -1.507984928313926
65.763442504670294 -1.509750407094030
65.746007974922236 -1.511521576558714
65.728526535402736 -1.513298459730654
65.710998084090178 -1.515081079570926
65.693422518646571 -1.516869459258403
65.675799736414035 -1.518663622155298
65.658129634419083 -1.520463591580742
65.640412109369237 -1.522269391039683
65.622647057651648 -1.524081044158397
65.604834375334221 -1.525898574615874
65.586973958165373 -1.527722006184031
65.569065701570850 -1.529551362811931
65.551109500653027 -1.531386668557312
65.533105250192847 -1.533227947506768
65.515052844644813 -1.535075223980973
65.496952178140916 -1.536928522273223
65.478803144486918 -1.538787866872756
65.460605637164448 -1.540653282298745
65.442359549325218 -1.542524793327435
65.424064773794711 -1.544402424717029
65.405721203067799 -1.546286201446316
65.387328729311776 -1.548176148493662
65.368887244364316 -1.550072290990616
65.350396639733319 -1.551974654163130
65.331856806591901 -1.553883263480616
65.313267635782992 -1.555798144368435
65.294629017813747 -1.557719322510157
65.275940842860919 -1.559646823524941
65.257203000764548 -1.561580673314278
65.238415381031359 -1.563520897773243
65.219577872828722 -1.565467523072650
65.200690364989526 -1.567420575336071
65.181752746007092 -1.569380080933046
65.162764904036266 -1.571346066300884
65.143726726894855 -1.573318557929795
65.124638102060231 -1.575297582511745
65.105498916666647 -1.577283166918327
65.086309057509723 -1.579275337984580
65.067068411039827 -1.581274122848591
65.047776863365797 -1.583279548634349
65.028434300253650 -1.585291642607680
65.009040607123239 -1.587310432237335
64.989595669051127 -1.589335945008551
64.970099370765993 -1.591368208647721
64.950551596650286 -1.593407250936985
64.930952230737915 -1.595453099832692
64.911301156716675 -1.597505783322224
64.891598257923391 -1.599565329647466
64.871843417346014 -1.601631767092664
64.852036517624271 -1.603705124029561
64.832177441042404 -1.605785429158873
64.812266069533862 -1.607872711148084
64.792302284680488 -1.609966998797680
64.772285967711028 -1.612068321063274
64.752216999499524 -1.614176707060707
64.732095260565401 -1.616292186015260
64.711920631071436 -1.618414787324953
64.691692990825217 -1.620544540456159
64.671412219275439 -1.622681475102618
64.651078195515538 -1.624825620960670
64.630690798278835 -1.626977007989814
64.610249905941956 -1.629135666160046
64.589755396518427 -1.631301625754775
64.569207147661842 -1.633474917076199
64.548605036665407 -1.635655570558828
64.527948940459609 -1.637843616827320
64.507238735613541 -1.640039086583263
64.486474298332681 -1.642242010718300
64.465655504456834 -1.644452420306727
64.444782229462476 -1.646670346472050
64.423854348459528 -1.648895820559134
64.402871736192452 -1.651128874003698
64.381834267039551 -1.653369538382625
64.360741815012446 -1.655617845417767
64.339594253751358 -1.657873827098391
64.318391456531401 -1.660137515346467
