1.000000000000000 1.346773685319070
1.683460021525294 1.346768017220235
1.943913727463389 1.295942484975593
2.195642428148694 1.254652816084968
2.439495233940773 1.219747616970386
2.676286422916406 1.189460632407291
2.906743697817504 1.162697479127001
3.131498917368164 1.138726879042969
3.351095100896456 1.117031700298819
3.565998221897500 1.097230222122308
3.776609262595695 1.079031217884484
3.983274963720248 1.062206656992066
4.186296899746851 1.046574224936713
4.385938958898934 1.031985637387985
4.582433448632398 1.018318544140533
4.775986067260241 1.005470751002156
4.966779958728059 0.993355991745612
5.154979032219953 0.981900768041896
5.340730693546403 0.971041944281164
5.524168105252105 0.960724887869931
5.705412067836184 0.950902011306031
5.884572594941003 0.941531615190561
6.061750240107167 0.932576960016487
6.237037220629155 0.924005514167282
6.410518374827620 0.915788339261089
6.582271981730065 0.907899583686905
6.752370466472805 0.900316062196374
6.920881010266027 0.893016904550455
7.087866080240651 0.885983260030081
7.253383891678046 0.879198047476127
7.417488812910260 0.872645742695325
7.580231721373551 0.866312196728406
7.741660317862822 0.860184479762536
7.901819404859801 0.854250746471330
8.060751133862295 0.848500119353926
8.218495225854129 0.842922587267090
8.375089168429708 0.837508916842971
8.530568392533739 0.832250574881340
8.684966431367167 0.827139660130206
8.838315063618545 0.822168843127307
8.990644442890099 0.817331312990009
9.141983214922130 0.812620730215300
9.292358624004654 0.808031184696057
9.441796609782564 0.803557158279367
9.590321895510780 0.799193491292565
9.737958068619736 0.794935352540387
9.884727654528257 0.790778212362261
10.030652184231920 0.786717818371131
10.175752256410551 0.782750173570042
10.320047594555820 0.778871516570251
10.463557099604571 0.775078303674413
10.606298898513900 0.771367192619193
10.748290389147181 0.767735027796227
10.889548281823263 0.764178826794615
11.030088637817400 0.760695768125338
11.169926905097237 0.757283180006592
11.309077951525664 0.753938530101711
11.447556095752743 0.750659416114934
11.585375135995864 0.747443557161024
11.722548376873641 0.744288785833247
11.859088654463969 0.741193040903998
11.995008359723442 0.738154360598366
12.130319460399088 0.735170876387824
12.265033521552674 0.732240807256876
12.399161724801909 0.729362454400112
12.532714886377294 0.726534196311727
12.665703474086445 0.723754484233511
12.798137623257713 0.721021837930012
12.930027151747385 0.718334841763744
13.061381574076460 0.715692141045285
13.192210114745734 0.713092438634905
13.322521720811146 0.710534491776594
13.452325073743589 0.708017109144399
13.581628600639998 0.705539148085195
13.710440484826472 0.703099512042383
13.838768675885175 0.700697148146085
13.966620899152232 0.698331044957612
14.094004664719074 0.696000230356497
14.220927275963332 0.693703769559187
14.347395837646797 0.691440763260087
14.473417263601245 0.689210345885774
14.598998284031536 0.687011683954425
14.724145452457151 0.684843974532891
14.848865152315716 0.682706443784631
14.973163603245926 0.680598345602088
15.097046867073352 0.678518960317903
15.220520853508752 0.676467593489278
15.343591325589701 0.674443574751196
15.466263904874557 0.672446256733676
15.588544076324592 0.670475014035466
15.710437193128419 0.668529242260784
15.831948481149045 0.666608357101012
15.953083043250640 0.664711793468777
16.073845863424740 0.662839004677309
16.194241810731295 0.660989461662502
16.314275643077348 0.659162652245549
16.433952010829124 0.657358080433165
16.553275460275724 0.655575265753494
16.672250436947536 0.653813742625394
16.790881288796108 0.652073059759072
16.909172269245161 0.650352779586352
17.027127540120301 0.648652477718869
17.144751174455557 0.646971742432285
17.262047159194385 0.645310174175491
17.379019397778094 0.643667385102892
17.495671712641506 0.642042998629046
17.612007847601088 0.640436649003676
17.728031470161802 0.638847980906732
17.843746173730182 0.637276649061792
17.959155479744020 0.635722317867045
18.074262839727687 0.634184661043077
18.189071637262042 0.632663361296071
18.303585189894790 0.631158109996372
18.417806750965365 0.629668606870611
18.531739511380227 0.628194559707804
18.645386601310005 0.626735684077647
18.758751091836618 0.625291703061221
18.871835996538191 0.623862346992998
18.984644273015139 0.622447353213611
19.097178824371678 0.621046465833225
19.209442500637934 0.619659435504449
19.321438100145809 0.618286019204666
19.433168370865285 0.616925980027469
19.544636011678836 0.615579086982011
19.655843673632678 0.614245114801021
19.766793961133136 0.612923843756066
19.877489433108398 0.611615059480258
19.987932604131323 0.610318552797903
20.098125945506702 0.609034119560809
20.208071886319040 0.607761560490798
20.317772814455889 0.606500681028534
20.427231077587255 0.605251291187771
20.536448984123865 0.604013205415408
20.645428804135193 0.602786242456502
20.754172770249667 0.601570225224628
20.862683078520273 0.600364980676842
20.970961889260661 0.599170339693162
21.079011327864873 0.597986136960706
21.186833485592388 0.596812210861757
21.294430420336571 0.595648403366058
21.401804157363458 0.594494559926763
21.508956690036712 0.593350529380323
21.615889980509241 0.592216163849568
21.722605960407432 0.591091318650542
21.829106531484570 0.589975852202286
21.935393566259851 0.588869625939862
22.041468908642130 0.587772504230457
22.147334374524288 0.586684354292034
22.252991752374292 0.585605046115113
22.358442803796109 0.584534452386826
22.463689264088934 0.583472448417894
22.568732842773205 0.582418912071567
22.673575224119102 0.581373723695362
22.778218067646868 0.580336766054697
22.882663008621297 0.579307924268894
22.986911658524466 0.578287085749043
23.090965605526090 0.577274140138152
23.194826414933203 0.576268979252999
23.298495629625002 0.575271497027778
23.401974770485751 0.574281589459773
23.505265336812158 0.573299154556394
23.608368806726808 0.572324092284286
23.711286637562448 0.571356304519577
23.814020266250630 0.570395695000015
23.916571109687869 0.569442169278283
24.018940565101637 0.568495634676962
24.121130010403629 0.567556000244791
24.223140804527148 0.566623176714085
24.324974287783327 0.565697076460077
24.426631782105304 0.564777613459082
24.528114591490436 0.563864703252654
24.629424002220450 0.562958262907896
24.730561283185672 0.562058210981493
24.831527686175370 0.561164467484189
24.932324446163499 0.560276953846371
25.032952781585475 0.559395592884592
25.133413894605713 0.558520308769016
25.233708971386054 0.557651026991957
25.333839182336654 0.556787674337069
25.433805682367314 0.555930178849559
25.533609611131382 0.555078469807204
25.633252093265106 0.554232477692219
25.732734238612412 0.553392134163708
25.832057142457376 0.552557372031174
25.931221885738676 0.551728125228482
26.030229535266049 0.550904328788699
26.129081143927991 0.550085918819537
26.227777750896092 0.549272832479499
26.326320381822718 0.548465007954640
26.424710049035077 0.547662384435960
26.522947751723120 0.546864902097384
26.621034476124258 0.546072502074344
26.718971195704114 0.545285126442941
26.816758871328265 0.544502718199559
26.914398451435517 0.543725221241122
27.011890872203278 0.542952580345795
27.109237057713976 0.542184741154280
27.206437920108311 0.541421650151409
27.303494359742800 0.540663254648372
27.400407265339538 0.539909502765311
27.497177514137356 0.539160343414458
27.593805972031035 0.538415726283532
27.690293493714456 0.537675601819698
27.786640922817703 0.536939921213869
27.882849092039383 0.536208636385373
27.978918823280271 0.535481699967086
28.074850927768846 0.534759065290835
28.170646206183864 0.534040686373154
28.266305448781910 0.533326517901546
28.361829435513553 0.532616515220912
28.457218936134804 0.531910634320277
28.552474710330323 0.531208831820099
28.647597507816744 0.530511064959569
28.742588068452108 0.529817291584371
28.837447122344937 0.529127470134769
28.932175389954679 0.528441559633875
29.026773582194103 0.527759519676256
29.121242400529038 0.527081310416815
29.215582537074130 0.526406892559894
29.309794674686266 0.525736227348633
29.403879487059765 0.525069276554639
29.497837638811969 0.524406002467768
29.591669785579551 0.523746367886364
29.685376574097425 0.523090336107444
29.778958642287581 0.522437870917326
29.872416619337169 0.521788936582309
29.965751125790515 0.521143497839835
30.058962773612208 0.520501519889389
30.152052166279486 0.519862968384129
30.245019898849424 0.519227809422308
30.337866558039352 0.518596009539134
30.430592722293230 0.517967535698608
30.523198961856028 0.517342355285695
30.615685838847469 0.516720436098691
30.708053907325347 0.516101746341602
30.800303713354921 0.515486254616819
30.892435795073830 0.514873929917897
30.984450682758055 0.514264741622540
31.076348898882863 0.513658659485667
31.168130958188279 0.513055653632729
31.259797367736631 0.512455694553060
31.351348626975525 0.511858753093478
31.442785227791191 0.511264800451889
31.534107654572306 0.510673808171211
31.625316384264654 0.510085748133301
31.716411886423135 0.509500592552982
31.807394623268362 0.508918313972294
31.898265049741894 0.508338885254851
31.989023613558267 0.507762279580290
32.079670755253744 0.507188470438794
32.170206908242342 0.506617431625864
32.260632498857873 0.506049137236986
32.350947946412077 0.505483561662689
32.441153663237422 0.504920679583462
32.531250054734151 0.504360465964871
32.621237519423829 0.503802896052878
32.711116448984797 0.503247945368997
32.800887228307161 0.502695589705857
32.890550235534313 0.502145805122661
32.980105842103242 0.501598567940734
33.069554412793401 0.501053854739294
33.158896305769034 0.500511642351231
33.248131872617101 0.499971907858904
33.337261458392526 0.499434628590150
33.426285401660259 0.498899782114332
33.515204034532836 0.498367346238407
33.604017682709753 0.497837299003107
33.692726665525839 0.497309618679348
33.781331295975214 0.496784283764341
33.869831880766931 0.496261272978270
33.958228720350760 0.495740565260595
34.046522108959344 0.495222139766681
34.134712334646956 0.494705975864449
34.222799679324865 0.494192053131045
34.310784418798384 0.493680351349617
34.398666822803655 0.493170850506146
34.486447155044594 0.492663530786351
34.574125673224167 0.492158372572586
34.661702629084445 0.491655356440914
34.749178268444417 0.491154463158225
34.836552831224175 0.490655673679214
34.923826551491210 0.490158969143736
35.010999657484838 0.489664330873914
35.098072371658255 0.489171740371544
35.185044910709337 0.488681179315407
35.271917485612136 0.488192629558646
35.358690301652885 0.487706073126247
35.445363558462489 0.487221492212543
35.531937450049945 0.486738869178766
35.618412164832030 0.486258186550608
35.704787885674037 0.485779427015973
35.791064789914145 0.485302573422565
35.877243049394529 0.484827608775602
35.963322830504815 0.484354516235755
36.049304294205406 0.483883279116851
36.135187596059048 0.483413880883733
36.220972886265812 0.482946305150211
36.306660309695609 0.482480535677018
36.392250005918953 0.482016556369787
36.477742109236786 0.481554351277053
36.563136748714655 0.481093904588351
36.648434048210909 0.480635200632274
36.733634126415915 0.480178223874718
36.818737096874877 0.479722958916937
36.903743068020574 0.479269390493774
36.988652143211134 0.478817503471989
37.073464420756167 0.478367282848467
37.158179993947620 0.477918713748522
37.242798951093526 0.477471781424276
37.327321375550127 0.477026471253037
37.411747345750200 0.476582768735671
37.496076935243899 0.476140659495161
37.580310212695132 0.475700129274622
37.664447241969107 0.475261163936519
37.748488082125867 0.474823749460703
37.832432787460249 0.474387871943075
37.916281407535074 0.473953517594188
38.000033987210202 0.473520672737822
38.083690566674647 0.473089323809623
38.167251181481625 0.472659457355810
38.250715862577344 0.472231060031819
38.334084636332044 0.471804118601010
38.417357524574847 0.471378619933434
38.500534544622823 0.470954551004561
38.583615709315481 0.470531898894091
38.666601027045481 0.470110650784747
38.749490501789985 0.469690793961091
38.832284133145649 0.469272315808407
38.914981916358101 0.468855203811543
38.997583842355674 0.468439445553822
39.080089897783104 0.468025028715965
39.162500065033100 0.467611941075022
39.244814322277790 0.467200170503307
39.327032643505191 0.466789704967421
39.409154998546562 0.466380532527178
39.491181353114399 0.465972641334683
39.573111668836070 0.465566019633366
39.654945903282261 0.465160655756977
39.736684010004517 0.464756538128708
39.818325938567803 0.464353655260266
39.899871634583711 0.463951995750973
39.981321039743534 0.463551548286882
40.062674091855520 0.463152301639948
40.143930724873528 0.462754244667130
40.225090868935396 0.462357366309602
40.306154450397372 0.461961655591947
40.387121391865470 0.461567101621320
40.467991612231934 0.461173693586689
40.548765026709610 0.460781420758064
40.629441546869039 0.460390272485768
40.710021080667460 0.460000238199632
40.790503532490533 0.459611307408344
40.870888803182851 0.459223469698684
40.951176790087331 0.458836714734872
41.031367387074070 0.458451032257811
41.111460484585812 0.458066412084522
41.191455969664510 0.457682844107383
41.271353725990892 0.457300318293528
41.351153633921399 0.456918824684214
41.430855570524017 0.456538353394204
41.510459409610824 0.456158894611108
41.589965021779975 0.455780438594849
41.669372274448591 0.455402975677034
41.748681031891657 0.455026496260400
41.827891155273932 0.454650990818195
41.907002502694553 0.454276449893708
41.986014929218371 0.453902864099658
42.064928286911972 0.453530224117649
42.143742424888615 0.453158520697727
42.222457189337192 0.452787744657771
42.301072423564051 0.452417886883038
42.379587968027842 0.452048938325630
42.458003660383383 0.451680890004079
42.536319335511394 0.451313733002773
42.614534825561691 0.450947458471552
42.692649959990732 0.450582057625232
42.770664565597116 0.450217521743128
42.848578466563147 0.449853842168642
42.926391484493095 0.449491010308828
43.004103438448610 0.449129017633928
43.081714144987686 0.448767855676955
43.159223418210068 0.448407516033351
43.236631069785680 0.448047990360473
43.313936909001832 0.447689270377280
43.391140742799379 0.447331347863911
43.468242375809233 0.446974214661277
43.545241610396317 0.446617862670731
43.622138246694938 0.446262283853657
43.698932082651048 0.445907470231133
43.775622914058452 0.445553413883547
43.852210534603572 0.445200106950290
43.928694735897047 0.444847541629337
44.005075307521899 0.444495710176989
44.081352037067212 0.444144604907478
44.157524710169511 0.443794218192658
44.233593110555660 0.443444542461711
44.309557020077918 0.443095570200779
44.385416218756838 0.442747293952687
44.461170484821650 0.442399706316633
44.536819594747790 0.442052799947869
44.612363323299483 0.441706567557421
44.687801443569612 0.441361001911799
44.763133727015195 0.441016095832662
44.838359943508543 0.440671842196644
44.913479861362532 0.440328233934927
44.988493247387616 0.439985264033131
45.063399866915951 0.439642925530887
45.138199483853128 0.439301211521685
45.212891860712745 0.438960115152551
45.287476758660993 0.438619629623835
45.361953937549721 0.438279748188886
45.436323155970101 0.437940464153929
45.510584171273585 0.437601770877631
45.584736739633392 0.437263661771064
45.658780616066920 0.436926130297291
45.732715554487285 0.436589169971239
45.806541307741931 0.436252774359447
45.880257627648682 0.435916937079797
45.953864265036337 0.435581651801292
46.027360969792859 0.435246912243904
46.100747490892964 0.434912712178236
46.174023576450125 0.434579045425413
46.247188973750298 0.434245905856810
46.320243429293228 0.433913287393848
46.393186688830930 0.433581184007766
46.466018497411469 0.433249589719454
46.538738599416746 0.432918498599226
46.611346738601966 0.432587904766608
46.683842658134097 0.432257802390131
46.756226100635239 0.431928185687162
46.828496808219874 0.431599048923686
46.900654522536946 0.431270386414133
46.972698984801674 0.430942192521116
47.044629935846196 0.430614461655343
47.116447116153594 0.430287188275375
47.188150265889689 0.429960366887378
47.259739124956887 0.429633992045063
47.331213433020800 0.429308058349395
47.402572929557969 0.428982560448488
47.473817353886012 0.428657493037346
47.544946445210257 0.428332850857750
47.615959942656794 0.428008628698039
47.686857585311444 0.427684821392928
47.757639112263988 0.427361423823391
47.828304262641417 0.427038430916441
47.898852775638154 0.426715837644883
47.969284390572120 0.426393639027308
48.039598846907850 0.426071830127786
48.109795884296041 0.425750406055717
48.179875242621748 0.425429361965755
48.249836662024755 0.425108693057487
48.319679882946041 0.424788394575350
48.389404646170114 0.424468461808510
48.459010692849390 0.424148890090585
48.528497764550814 0.423829674799570
48.597865603285946 0.423510811357612
48.667113951547741 0.423192295230850
48.736242552351897 0.422874121929301
48.805251149267583 0.422556287006646
48.874139486453849 0.422238786060076
48.942907308695922 0.421921614730137
49.011554361439686 0.421604768700556
49.080080390828975 0.421288243698103
49.148485143735769 0.420972035492383
49.216768367796270 0.420656139895695
49.284929811451939 0.420340552762916
49.352969223972536 0.420025269991256
49.420886355498084 0.419710287520154
49.488680957067800 0.419395601331083
49.556352780658230 0.419081207447427
49.623901579211875 0.418767101934277
49.691327106672418 0.418453280898294
49.758629118015591 0.418139740487526
49.825807369285180 0.417826476891280
49.892861617621371 0.417513486339928
49.959791621296397 0.417200765104772
50.026597139739984 0.416888309497833
50.093277933578108 0.416576115871751
50.159833764659965 0.416264180619585
50.226264396087394 0.415952500174637
50.292569592251546 0.415641071010343
50.358749118856721 0.415329889640055
50.424802742951911 0.415018952616888
50.490730232964040 0.414708256533586
50.556531358724556 0.414397798022332
50.622205891496812 0.414087573754575
50.687753604010503 0.413777580440902
50.753174270483122 0.413467814830820
50.818467666654705 0.413158273712640
50.883633569809547 0.412848953913262
50.948671758811010 0.412539852298065
51.013582014125177 0.412230965770709
51.078364117845410 0.411922291272947
51.143017853723272 0.411613825784493
51.207543007191461 0.411305566322823
51.271939365393500 0.410997509943034
51.336206717208412 0.410689653737667
51.400344853275136 0.410381994836528
51.464353566014779 0.410074530406492
51.528232649665128 0.409767257651413
51.591981900294222 0.409460173811859
51.655601115829377 0.409153276164985
51.719090096085274 0.408846562024390
51.782448642776089 0.408540028739851
51.845676559552196 0.408233673697261
51.908773652012783 0.407927494318372
51.971739727732562 0.407621488060648
52.034574596285530 0.407315652417108
52.097278069263091 0.407009984916118
52.159849960299354 0.406704483121243
52.222290085084211 0.406399144631006
52.284598261398507 0.406093967078823
52.346774309120235 0.405788948132715
52.408818050254823 0.405484085495202
52.470729308947284 0.405179376903068
52.532507911505647 0.404874820127211
52.594153686421457 0.404570412972473
52.655666464386563 0.404266153277440
52.717046078309963 0.403962038914253
52.778292363336014 0.403658067788421
52.839405156868601 0.403354237838692
52.900384298579780 0.403050547036798
52.961229630430246 0.402746993387302
53.021940996687071 0.402443574927416
53.082518243939141 0.402140289726812
53.142961221113652 0.401837135887438
53.203269779490142 0.401534111543322
53.263443772713984 0.401231214860369
53.323483056820585 0.400928444036245
53.383387490237460 0.400625797300094
53.443156933806044 0.400323272912405
53.502791250788924 0.400020869164777
53.562290306895832 0.399718584379820
53.621653970285386 0.399416416910878
53.680882111578605 0.399114365141848
53.739974603879567 0.398812427487047
53.798931322775360 0.398510602390929
53.857752146358791 0.398208888327976
53.916436955232975 0.397907283802457
53.974985632525083 0.397605787348251
54.033398063895945 0.397304397528647
54.091674137549269 0.397003112936141
54.149813744245478 0.396701932192275
54.207816777307094 0.396400853947401
54.265683132630414 0.396099876880514
54.323412708691528 0.395798999699028
54.381005406559325 0.395498221138613
54.438461129898947 0.395197539962969
54.495779784982233 0.394896954963639
54.552961280696330 0.394596464959829
54.610005528545905 0.394296068798165
54.666912442666920 0.393995765352554
54.723681939826037 0.393695553523928
54.780313939433327 0.393395432240096
54.836808363540186 0.393095400455485
54.893165136854201 0.392795457151014
54.949384186736310 0.392495601333831
55.005465443210575 0.392195832037152
55.061408838965036 0.391896148320036
55.117214309355475 0.391596549267179
55.172881792415680 0.391297033988764
55.228411228853453 0.390997601620201
55.283802562057865 0.390698251321964
55.339055738098082 0.390398982279352
55.394170705730538 0.390099793702328
55.449147416400891 0.389800684825314
55.503985824237425 0.389501654906929
55.558685886066883 0.389202703229891
55.613247561401636 0.388903829100711
55.667670812451398 0.388605031849573
55.721955604115678 0.388306310830074
55.776101903987389 0.388007665419043
55.830109682357651 0.387709095016373
55.883978912203517 0.387410599044738
55.937709569199875 0.387112176949480
55.991301631710940 0.386813828198348
56.044755080791084 0.386515552281318
56.098069900183845 0.386217348710388
56.151246076319254 0.385919217019376
56.204283598311129 0.385621156763713
56.257182457957356 0.385323167520256
56.309942649734353 0.385025248887073
56.362564170793647 0.384727400483233
56.415047020963179 0.384429621948642
56.467391202737737 0.384131912943794
56.519596721277487 0.383834273149592
56.571663584407133 0.383536702267167
56.623591802606171 0.383239200017639
56.675381389008983 0.382941766141953
56.727032359397327 0.382644400400657
56.778544732192501 0.382347102573687
56.829918528455849 0.382049872460207
56.881153771882396 0.381752709878405
56.932250488787147 0.381455614665241
56.983208708109395 0.381158586676317
57.034028461399529 0.380861625785640
57.084709782810641 0.380564731885404
57.135252709104066 0.380267904885884
57.185657279624657 0.379971144715114
57.235923536305542 0.379674451318776
57.286051523657399 0.379377824659983
57.336041288759638 0.379081264719072
57.385892881253845 0.378784771493425
57.435606353332112 0.378488344997246
57.485181759732498 0.378191985261398
57.534619157727498 0.377895692333186
57.583918607118179 0.377599466276185
57.633080170222186 0.377303307170031
57.682103911864615 0.377007215110226
57.730989899370158 0.376711190207962
57.779738202548664 0.376415232589894
57.828348893693494 0.376119342398006
57.876822047562605 0.375823519789368
57.925157741375671 0.375527764935985
57.973356054795289 0.375232078024565
58.021417069924475 0.374936459256378
58.069340871288198 0.374640908847021
58.117127545830250 0.374345427026282
58.164777182894305 0.374050014037905
58.212289874217213 0.373754670139436
58.259665713914721 0.373459395602017
58.306904798471557 0.373164190710218
58.354007226729323 0.372869055761849
58.400973099872310 0.372573991067766
58.447802521416698 0.372278996951699
58.494495597197307 0.371984073750062
58.541052435357230 0.371689221811792
58.587473146330510 0.371394441498133
58.633757842834946 0.371099733182500
58.679906639854430 0.370805097250265
58.725919654624356 0.370510534098576
58.771797006626464 0.370216044136230
58.817538817567481 0.369921627783443
58.863145211367460 0.369627285471695
58.908616314145391 0.369333017643545
58.953952254211664 0.369038824752499
58.999153162040699 0.368744707262754
59.044219170273443 0.368450665649132
59.089150413688330 0.368156700396812
59.133947029196662 0.367862812001223
59.178609155821583 0.367569000967836
59.223136934686821 0.367275267812011
59.267530509005113 0.366981613058855
59.311790024055966 0.366688037243004
59.355915627176060 0.366394540908494
59.399907467744875 0.366101124608597
59.443765697164096 0.365807788905625
59.487490468844840 0.365514534370782
59.531081938200671 0.365221361584053
59.574540262616011 0.364928271133942
59.617865601444436 0.364635263617397
59.661058115988780 0.364342339639626
59.704117969483995 0.364049499813927
59.747045327079796 0.363756744761521
59.789840355829732 0.363464075111427
59.832503224675563 0.363171491500307
59.875034104425517 0.362878994572276
59.917433167743354 0.362586584978780
59.959700589129007 0.362294263378423
60.001836544906872 0.362002030436844
60.043841213206690 0.361709886826546
60.085714773943401 0.361417833226727
60.127457408811651 0.361125870323193
60.169069301259036 0.360833998808150
60.210550636473855 0.360542219380083
60.251901601369916 0.360250532743617
60.293122384567376 0.359958939609357
60.334213176381034 0.359667440693777
60.375174168796285 0.359376036719026
60.416005555456699 0.359084728412818
60.456707531652171 0.358793516508321
60.497280294292075 0.358502401743953
60.537724041900347 0.358211384863316
60.578038974587905 0.357920466614995
60.618225294040535 0.357629647752452
60.658283203507814 0.357338929033919
60.698212907774987 0.357048311222206
60.738014613154284 0.356757795084607
60.777688527470239 0.356467381392787
60.817234860033700 0.356177070922599
60.856653821631006 0.355886864453982
60.895945624509125 0.355596762770856
60.935110482355384 0.355306766660964
60.974148610281006 0.355016876915756
61.013060224803041 0.354727094330250
61.051845543836734 0.354437419702971
61.090504786661626 0.354147853835720
61.129038173922368 0.353858397533559
61.167445927601499 0.353569051604633
61.205728271003977 0.353279816860052
61.243885428746545 0.352990694113813
61.281917626731996 0.352701684182630
61.319825092140491 0.352412787885865
61.357608053408690 0.352124006045387
61.395266740211419 0.351835339485452
61.432801383450112 0.351546789032619
61.470212215231960 0.351258355515611
61.507499468858803 0.350970039765243
61.544663378800166 0.350681842614246
61.581704180689187 0.350393764897236
61.618622111296276 0.350105807450547
61.655417408519739 0.349817971112169
61.692090311364289 0.349530256721611
61.728641059926645 0.349242665119811
61.765069895381949 0.348955197149051
61.801377059960629 0.348667853652810
61.837562796936439 0.348380635475698
61.873627350613880 0.348093543463369
61.909570966305786 0.347806578462392
61.945393890316303 0.347519741320148
61.981096369934264 0.347233032884786
62.016678653404526 0.346946454005060
62.052140989922748 0.346660005530295
62.087483629613658 0.346373688310257
62.122706823515230 0.346087503195071
62.157810823564624 0.345801451035130
62.192795882584313 0.345515532681024
62.227662254259577 0.345229748983410
62.262410193130080 0.344944100792964
62.297039954567751 0.344658588960264
62.331551794771073 0.344373214335752
62.365945970735147 0.344087977769573
62.400222740252055 0.343802880111582
62.434382361882790 0.343517922211185
62.468425094946845 0.343233104917290
62.502351199509285 0.342948429078240
62.536160936364610 0.342663895541724
62.569854567014680 0.342379505154663
62.603432353665035 0.342095258763197
62.636894559199035 0.341811157212546
62.670241447172103 0.341527201346987
62.703473281788156 0.341243392009731
62.736590327897474 0.340959730042921
62.769592850966077 0.340676216287469
62.802481117072588 0.340392851583049
62.835255392888293 0.340109636768002
62.867915945665580 0.339826572679273
62.900463043224704 0.339543660152360
62.932896953930964 0.339260900021191
62.965217946695162 0.338978293118144
62.997426290940325 0.338695840273873
63.029522256608423 0.338413542317361
63.061506114128491 0.338131400075756
63.093378134415133 0.337849414374378
63.125138588847861 0.337567586036620
63.156787749257873 0.337285915883887
63.188325887920037 0.337004404735574
63.219753277529115 0.336723053408943
63.251070191194280 0.336441862719119
63.282276902426418 0.336160833479025
63.313373685118940 0.335879966499305
63.344360813537385 0.335599262588278
63.375238562307914 0.335318722551894
63.406007206400446 0.335038347193662
63.436667021119135 0.334758137314613
63.467218282086982 0.334478093713238
63.497661265234406 0.334198217185444
63.527996246785030 0.333918508524494
63.558223503247383 0.333638968520984
63.588343311394148 0.333359597962748
63.618355948255754 0.333080397634847
63.648261691110697 0.332801368319533
63.678060817463354 0.332522510796153
63.707753605041070 0.332243825841153
63.737340331776736 0.331965314228004
63.766821275800247 0.331686976727179
63.796196715422283 0.331408814106090
63.825466929126542 0.331130827129061
63.854632195557265 0.330853016557292
63.883692793503478 0.330575383148789
63.912649001894430 0.330297927658369
63.941501099779401 0.330020650837571
63.970249366323209 0.329743553434656
63.998894080795189 0.329466636194570
64.027435522551528 0.329189899858877
64.055873971030124 0.328913345165752
64.084209705738004 0.328636972849938
64.112443006234940 0.328360783642689
64.140574152132459 0.328084778271777
64.168603423077258 0.327808957461442
64.196531098739428 0.327533321932344
64.224357458802203 0.327257872401540
64.252082782958425 0.326982609582486
64.279707350889652 0.326707534184954
64.307231442261525 0.326432646915033
64.334655336715031 0.326157948475108
64.361979313849275 0.325883439563794
64.389203653221671 0.325609120875963
64.416328634330270 0.325334993102678
64.443354536602413 0.325061056931160
64.470281639394969 0.324787313044811
64.497110221974353 0.324513762123141
64.523840563513232 0.324240404841775
64.550472943075576 0.323967241872399
64.577007639612276 0.323694273882768
64.603444931950051 0.323421501536671
64.629785098780062 0.323148925493900
64.656028418655978 0.322876546410267
64.682175169971657 0.322604364937514
64.708225630965387 0.322332381723364
64.734180079705752 0.322060597411471
64.760038794080273 0.321789012641393
64.785802051793212 0.321517628048602
64.811470130348440 0.321246444264428
64.837043307049044 0.320975461916084
64.862521858984934 0.320704681626625
64.887906063022911 0.320434104014928
64.913196195801149 0.320163729695690
64.938392533723544 0.319893559279426
64.963495352941692 0.319623593372407
64.988504929362009 0.319353832576718
65.013421538621785 0.319084277490168
65.038245456095481 0.318814928706350
65.062976956876213 0.318545786814571
65.087616315772664 0.318276852399866
65.112163807303475 0.318008126042996
65.136619705685121 0.317739608320415
65.160984284829766 0.317471299804286
65.185257818333113 0.317203201062448
65.209440579471192 0.316935312658426
65.233532841186701 0.316667635151392
65.257534876093260 0.316400169096210
65.281446956456406 0.316132915043372
65.305269354194010 0.315865873539028
65.329002340868428 0.315599045124968
65.352646187677223 0.315332430338611
65.376201165448592 0.315066029713005
65.399667544634625 0.314799843776821
65.423045595304544 0.314533873054349
65.446335587139558 0.314268118065496
65.469537789421736 0.314002579325764
65.492652471036166 0.313737257346281
65.515679900455837 0.313472152633760
65.538620345743681 0.313207265690531
65.561474074538765 0.312942597014505
65.584241354056132 0.312678147099195
65.606922451081630 0.312413916433722
65.629517631959061 0.312149905502778
65.652027162592020 0.311886114786660
65.674451308433419 0.311622544761250
65.696790334482714 0.311359195898022
65.719044505282895 0.311096068664061
65.741214084906446 0.310833163522016
65.763299336959150 0.310570480930149
65.785300524569791 0.310308021342310
65.807217910382576 0.310045785207927
65.829051756568688 0.309783772972088
65.850802324792468 0.309521985075405
65.872469876232472 0.309260421954143
65.894054671563183 0.308999084040156
65.915556970954853 0.308737971760913
65.936977034066871 0.308477085539494
65.958315120045228 0.308216425794604
65.979571487513624 0.307955992940554
66.000746394577220 0.307695787387306
66.021840098807502 0.307435809540431
66.042852857245222 0.307176059801141
66.063784926393140 0.306916538566286
66.084636562217696 0.306657246228388
66.105408020135584 0.306398183175599
66.126099555014520 0.306139349791734
66.146711421169812 0.305880746456277
66.167243872359379 0.305622373544385
66.187697161780761 0.305364231426901
66.208071542062541 0.305106320470334
66.228367265270791 0.304848641036920
66.248584582892377 0.304591193484563
66.268723745844937 0.304333978166911
66.288785004461388 0.304076995433309
66.308768608493352 0.303820245628836
66.328674807103781 0.303563729094296
66.348503848868546 0.303307446166256
66.368255981771114 0.303051397177037
66.387931453192422 0.302795582454697
66.407530509921301 0.302540002323104
66.427053398137872 0.302284657101879
66.446500363417741 0.302029547106444
66.465871650732240 0.301774672648046
66.485167504431715 0.301520034033704
66.504388168260704 0.301265631566300
66.523533885340569 0.301011465544527
66.542604898172797 0.300757536262928
66.561601448641255 0.300503844011924
66.580523777994571 0.300250389077766
66.599372126860189 0.299997171742613
66.618146735232685 0.299744192284511
66.636847842472903 0.299491450977406
66.655475687306250 0.299238948091162
66.674030507817605 0.298986683891559
66.692512541453794 0.298734658640331
66.710922025020025 0.298482872595168
66.729259194671769 0.298231326009706
66.747524285920178 0.297980019133572
66.765717533627424 0.297728952212385
66.783839172004065 0.297478125487769
66.801889434604234 0.297227539197349
66.819868554328835 0.296977193574795
66.837776763421672 0.296727088849819
66.855614293467568 0.296477225248193
66.873381375387936 0.296227602991752
66.891078239442649 0.295978222298419
66.908705115229068 0.295729083382228
66.926262231674897 0.295480186453311
66.943749817039688 0.295231531717926
66.961168098917071 0.294983119378489
66.978517304226799 0.294734949633561
66.995797659215881 0.294487022677872
67.013009389459398 0.294239338702346
67.030152719854939 0.293991897894101
67.047227874625335 0.293744700436475
67.064235077313938 0.293497746509033
67.081174550781839 0.293251036287571
67.098046517216233 0.293004569944176
67.114851198118942 0.292758347647193
67.131588814306838 0.292512369561250
67.148259585916549 0.292266635847297
67.164863732396526 0.292021146662594
67.181401472513031 0.291775902160751
67.197873024338364 0.291530902491707
67.214278605266117 0.291286147801803
67.230618431992923 0.291041638233736
67.246892720530838 0.290797373926620
67.263101686196322 0.290553355015967
67.279245543620490 0.290309581633745
67.295324506739632 0.290066053908360
67.311338788794032 0.289822771964668
67.327288602336083 0.289579735924026
67.343174159219046 0.289336945904271
67.358995670606973 0.289094402019772
67.374753346960432 0.288852104381395
67.390447398056992 0.288610053096604
67.406078032962228 0.288368248269357
67.421645460058016 0.288126690000248
67.437149887023594 0.287885378386440
67.452591520839405 0.287644313521703
67.467970567791411 0.287403495496449
67.483287233464424 0.287162924397721
67.498541722748797 0.286922600309240
67.513734239830740 0.286682523311383
67.528864988201960 0.286442693481238
67.543934170654310 0.286203110892603
67.558941989276292 0.285963775615984
67.573888645463228 0.285724687718661
67.588774339906195 0.285485847264651
67.603599272599737 0.285247254314767
67.618363642836670 0.285008908926603
67.633067649210687 0.284770811154571
67.647711489618430 0.284532961049920
67.662295361251878 0.284295358660722
67.676819460608812 0.284058004031936
67.691283983485675 0.283820897205391
67.705689124977965 0.283584038219803
67.720035079484106 0.283347427110812
67.734322040704456 0.283111063910990
67.748550201636675 0.282874948649840
67.762719754585405 0.282639081353849
67.776830891154177 0.282403462046476
67.790883802250164 0.282168090748180
67.804878678080954 0.281932967476428
67.818815708159264 0.281698092245729
67.832695081299832 0.281463465067634
67.846516985621676 0.281229085950763
67.860281608547112 0.280994954900816
67.873989136803090 0.280761071920592
67.887639756423312 0.280527437010014
67.901233652743997 0.280294050166126
67.914771010409396 0.280060911383132
67.928252013370994 0.279828020652404
67.941676844884526 0.279595377962488
67.955045687514968 0.279362983299137
67.968358723137527 0.279130836645329
67.981616132932473 0.278898937981261
67.994818097392439 0.278667287284395
68.007964796319044 0.278435884529454
68.021056408826283 0.278204729688451
68.034093113337178 0.277973822730693
68.047075087590372 0.277743163622818
68.060002508633602 0.277512752328781
68.072875552831874 0.277282588809906
68.085694395863243 0.277052673024876
68.098459212722560 0.276823004929767
68.111170177717980 0.276593584478043
68.123827464479334 0.276364411620606
68.136431245948472 0.276135486305769
68.148981694390500 0.275906808479314
68.161478981391085 0.275678378084494
68.173923277851259 0.275450195062025
68.186314753998630 0.275222259350146
68.198653579381570 0.274994570884603
68.210939922870423 0.274767129598672
68.223173952662762 0.274539935423190
68.235355836279240 0.274312988286550
68.247485740568266 0.274086288114732
68.259563831705236 0.273859834831315
68.271590275194171 0.273633628357492
68.283565235865566 0.273407668612074
68.295488877888204 0.273181955511553
68.307361364754684 0.272956488970049
68.319182859292852 0.272731268899373
68.330953523665812 0.272506295209036
68.342673519370209 0.272281567806256
68.354343007241823 0.272057086595987
68.365962147447092 0.271832851480903
68.377531099497119 0.271608862361458
68.389050022240482 0.271385119135875
68.400519073866263 0.271161621700164
68.411938411903762 0.270938369948134
68.423308193232018 0.270715363771442
68.434628574064888 0.270492603059545
68.445899709969396 0.270270087699780
68.457121755855511 0.270047817577339
68.468294865983097 0.269825792575303
68.479419193960908 0.269604012574649
68.490494892750135 0.269382477454278
68.501522114658229 0.269161187090995
68.512501011351361 0.268940141359574
68.523431733851083 0.268719340132749
68.534314432530408 0.268498783281216
68.545149257119334 0.268278470673657
68.555936356711683 0.268058402176781
68.566675879756986 0.267838577655301
68.577367974066320 0.267618996971966
68.588012786813863 0.267399659987578
68.598610464539803 0.267180566561012
68.609161153145621 0.266961716549205
68.619664997900344 0.266743109807193
68.630122143445149 0.266524746188136
68.640532733787524 0.266306625543308
68.650896912303352 0.266088747722106
68.661214821745645 0.265871112572103
68.671486604239178 0.265653719939030
68.681712401284486 0.265436569666800
68.691892353757027 0.265219661597517
68.702026601911101 0.265002995571499
68.712115285381586 0.264786571427289
68.722158543184563 0.264570389001673
68.732156513716845 0.264354448129680
68.742109334758098 0.264138748644604
68.752017143478554 0.263923290378037
68.761880076428696 0.263708073159842
68.771698269552502 0.263493096818209
68.781471858183664 0.263278361179650
68.791200977041669 0.263063866068993
68.800885760247553 0.262849611309446
68.810526341305405 0.262635596722540
68.820122853127870 0.262421822128228
68.829675428016330 0.262208287344824
68.839184197673958 0.261994992189054
68.848649293204687 0.261781936476063
68.858070845112209 0.261569120019420
68.867448983309117 0.261356542631154
68.876783837104824 0.261144204121724
68.886075535223810 0.260932104300090
68.895324205792946 0.260720242973672
68.904529976351839 0.260508619948400
68.913692973850985 0.260297235028710
68.922813324649610 0.260086088017546
68.931891154530888 0.259875178716422
68.940926588683524 0.259664506925362
68.949919751719563 0.259454072442971
68.958870767670405 0.259243875066430
68.967779759984310 0.259033914591490
68.976646851537254 0.258824190812523
68.985472164623715 0.258614703522488
68.994255820967908 0.258405452512988
69.002997941717652 0.258196437574248
69.011698647453088 0.257987658495152
69.020358058180861 0.257779115063234
69.028976293340975 0.257570807064705
69.037553471808849 0.257362734284469
69.046089711892236 0.257154896506116
69.054585131336623 0.256947293511950
69.063039847326365 0.256739925082998
69.071453976482189 0.256532790999005
69.079827634872146 0.256325891038487
69.088160938003597 0.256119224978697
69.096454000827478 0.255912792595657
69.104706937743103 0.255706593664174
69.112919862598233 0.255500627957849
69.121092888687258 0.255294895249076
69.129226128759782 0.255089395309077
69.137319695014654 0.254884127907888
69.145373699105164 0.254679092814384
69.153388252142548 0.254474289796293
69.161363464696450 0.254269718620208
69.169299446789182 0.254065379051567
69.177196307912183 0.253861270854724
69.185054157014804 0.253657393792905
69.192873102510248 0.253453747628243
69.200653252277306 0.253250332121783
69.208394713664418 0.253047147033508
69.216097593487774 0.252844192122330
69.223761998032202 0.252641467146103
69.231388033056021 0.252438971861645
69.238975803790225 0.252236706024737
69.246525414945324 0.252034669390156
69.254036970700596 0.251832861711639
69.261510574722863 0.251631282741954
69.268946330150044 0.251429932232850
69.276344339611114 0.251228809935126
69.283704705211832 0.251027915598594
69.291027528543907 0.250827248972105
69.298312910687798 0.250626809803572
69.305560952207983 0.250426597839957
69.312771753167141 0.250226612827318
69.319945413105870 0.250026854510752
69.327082031072081 0.249827322634494
69.334181705598482 0.249628016941849
69.341244534718271 0.249428937175246
69.348270615956665 0.249230083076214
69.355260046350224 0.249031454385459
69.362212922422600 0.248833050842772
69.369129340210179 0.248634872187133
69.376009395245717 0.248436918156654
69.382853182575857 0.248239188488644
69.389660796746355 0.248041682919558
69.396432331818900 0.247844401185067
69.403167881358883 0.247647343020014
69.409867538449006 0.247450508158464
69.416531395683677 0.247253896333691
69.423159545171984 0.247057507278192
69.429752078541071 0.246861340723702
69.436309086934102 0.246665396401187
69.442830661016686 0.246469674040876
69.449316890975794 0.246274173372255
69.455767866519395 0.246078894124072
69.462183676880571 0.245883836024356
69.468564410819809 0.245688998800424
69.474910156626166 0.245494382178891
69.481221002113088 0.245299985885660
69.487497034630252 0.245105809645962
69.493738341057394 0.244911853184343
69.499945007807028 0.244718116224673
69.506117120829984 0.244524598490167
69.512254765612411 0.244331299703383
69.518358027177968 0.244138219586226
69.524426990092081 0.243945357859972
69.530461738459380 0.243752714245256
69.536462355931675 0.243560288462107
69.542428925702268 0.243368080229929
69.548361530513247 0.243176089267529
69.554260252647552 0.242984315293092
69.560125173948052 0.242792758024251
69.565956375797654 0.242601417178021
69.571753939141672 0.242410292470877
69.577517944467829 0.242219383618687
69.583248471831098 0.242028690336804
69.588945600831323 0.241838212339987
69.594609410638142 0.241647949342494
69.600239979971562 0.241457901058011
69.605837387117333 0.241268067199713
69.611401709922532 0.241078447480251
69.616933025802254 0.240889041611773
69.622431411728982 0.240699849305891
69.627896944250779 0.240510870273751
69.633329699477869 0.240322104225981
69.638729753095632 0.240133550872744
69.644097180358784 0.239945209923717
69.649432056092593 0.239757081088098
69.654734454703018 0.239569164074645
69.660004450165872 0.239381458591635
69.665242116036225 0.239193964346906
69.670447525448637 0.239006681047851
69.675620751118601 0.238819608401435
69.680761865340259 0.238632746114179
69.685870939995155 0.238446093892199
69.690948046545927 0.238259651441183
69.695993256042485 0.238073418466413
69.701006639120337 0.237887394672766
69.705988266008461 0.237701579764735
69.710938206520112 0.237515973446406
69.715856530065295 0.237330575421499
69.720743305643907 0.237145385393347
69.725598601851488 0.236960403064916
69.730422486878865 0.236775628138808
69.735215028516379 0.236591060317274
69.739976294147468 0.236406699302195
69.744706350762456 0.236222544795131
69.749405264948948 0.236038596497289
69.754073102896299 0.235854854109539
69.758709930402219 0.235671317332440
69.763315812867219 0.235487985866218
69.767890815298784 0.235304859410788
69.772435002312534 0.235121937665754
69.776948438134383 0.234939220330419
69.781431186602106 0.234756707103792
69.785883311163161 0.234574397684582
69.790304874880974 0.234392291771221
69.794695940431836 0.234210389061852
69.799056570111759 0.234028689254356
69.803386825831311 0.233847192046336
69.807686769120465 0.233665897135131
69.811956461131842 0.233484804217832
69.816195962635931 0.233303912991265
69.820405334030113 0.233123223152020
69.824584635331064 0.232942734396434
69.828733926189400 0.232762446420631
69.832853265871464 0.232582358920471
69.836942713282099 0.232402471591621
69.841002326947873 0.232222784129503
69.845032165031611 0.232043296229341
69.849032285325720 0.231864007586143
69.853002745253960 0.231684917894706
69.856943601878967 0.231506026849640
69.860854911895430 0.231327334145349
69.864736731639084 0.231148839476060
69.868589117079694 0.230970542535801
69.872412123830017 0.230792443018431
69.876205807140636 0.230614540617626
69.879970221908295 0.230436835026903
69.883705422669934 0.230259325939604
69.887411463606583 0.230082013048911
69.891088398548689 0.229904896047858
69.894736280971188 0.229727974629322
69.898355163997991 0.229551248486036
69.901945100400653 0.229374717310585
69.905506142605134 0.229198380795427
69.909038342687069 0.229022238632881
69.912541752375461 0.228846290515141
69.916016423053776 0.228670536134272
69.919462405761308 0.228494975182227
69.922879751195012 0.228319607350841
69.926268509706148 0.228144432331831
69.929628731309862 0.227969449816821
69.932960465678249 0.227794659497323
69.936263762147931 0.227620061064761
69.939538669715233 0.227445654210456
69.942785237041022 0.227271438625641
69.946003512452194 0.227097414001468
69.949193543941476 0.226923580029007
69.952355379167813 0.226749936399247
69.955489065461578 0.226576482803114
69.958594649819560 0.226403218931455
69.961672178909438 0.226230144475051
69.964721699072072 0.226057259124627
69.967743256322336 0.225884562570855
69.970736896346793 0.225712054504344
69.973702664508110 0.225539734615659
69.976640605847095 0.225367602595321
69.979550765078969 0.225195658133802
69.982433186600588 0.225023900921545
69.985287914485369 0.224852330648949
69.988114992490807 0.224680947006391
69.990914464054327 0.224509749684216
69.993686372296636 0.224338738372746
69.996430760021681 0.224167912762279
69.999147669721410 0.223997272543108
70.001837143570569 0.223826817405501
70.004499223433768 0.223656547039725
70.007133950862553 0.223486461136034
70.009741367096396 0.223316559384677
70.012321513070873 0.223146841475923
70.014874429407229 0.222977307100023
70.017400156421402 0.222807955947244
70.019898734123231 0.222638787707864
70.022370202216905 0.222469802072174
70.024814600103653 0.222300998730488
70.027231966878219 0.222132377373127
70.029622341335752 0.221963937690446
70.031985761970063 0.221795679372827
70.034322266974669 0.221627602110679
70.036631894244437 0.221459705594449
70.038914681371125 0.221291989514601
70.041170665658811 0.221124453561669
70.043399884105398 0.220957097426200
70.045602373419783 0.220789920798802
70.047778170016386 0.220622923370130
70.049927310013658 0.220456104830885
70.052049829239010 0.220289464871821
70.054145763229783 0.220123003183754
70.056215147232294 0.219956719457558
70.058258016204206 0.219790613384170
70.060274404811267 0.219624684654581
70.062264347438088 0.219458932959869
70.064227878176283 0.219293357991162
70.066165030839102 0.219127959439684
70.068075838947678 0.218962736996711
70.069960335745762 0.218797690353617
70.071818554190244 0.218632819201842
70.073650526959753 0.218468123232922
70.075456286448770 0.218303602138470
70.077235864774295 0.218139255610192
70.078989293776232 0.217975083339895
70.080716605009542 0.217811085019455
70.082417829758867 0.217647260340866
70.084092999030815 0.217483608996217
70.085742143555777 0.217320130677692
70.087365293787300 0.217156825077575
70.088962479913647 0.216993691888278
70.090533731842115 0.216830730802296
70.092079079211032 0.216667941512244
70.093598551389434 0.216505323710855
70.095092177473347 0.216342877090967
70.096559986292476 0.216180601345543
70.098002006408478 0.216018496167669
70.099418266111513 0.215856561250536
70.100808793431483 0.215694796287482
70.102173616128198 0.215533200971954
70.103512761695228 0.215371774997528
70.104826257370533 0.215210518057930
70.106114130117462 0.215049429846986
70.107376406645571 0.214888510058684
70.108613113400992 0.214727758387139
70.109824276566215 0.214567174526599
70.111009922068746 0.214406758171464
70.112170075573260 0.214246509016267
70.113304762486493 0.214086426755684
70.114414007962552 0.213926511084554
70.115497836893965 0.213766761697847
70.116556273916657 0.213607178290683
70.117589343419468 0.213447760558355
70.118597069525734 0.213288508196276
70.119579476115945 0.213129420900048
70.120536586813557 0.212970498365417
70.121468424986787 0.212811740288276
70.122375013760106 0.212653146364701
70.123256376002445 0.212494716290917
70.124112534334714 0.212336449763315
70.124943511132798 0.212178346478465
70.125749328517415 0.212020406133084
70.126530008365847 0.211862628424066
70.127285572313738 0.211705013048494
70.128016041742782 0.211547559703598
70.128721437794809 0.211390268086797
70.129401781367449 0.211233137895685
70.130057093112157 0.211076168828028
70.130687393440311 0.210919360581775
70.131292702520710 0.210762712855058
70.131873040280979 0.210606225346189
70.132428426405696 0.210449897753655
70.132958880346507 0.210293729776151
70.133464421307423 0.210137721112532
70.133945068261369 0.209981871461860
70.134400839937541 0.209826180523373
70.134831754834849 0.209670647996517
70.135237831208684 0.209515273580907
70.135619087083455 0.209360056976369
70.135975540250143 0.209204997882924
70.136307208262167 0.209050096000781
70.136614108438465 0.208895351030345
70.136896257869381 0.208740762672230
70.137153673412939 0.208586330627250
70.137386371691122 0.208432054596408
70.137594369097371 0.208277934280913
70.137777681798596 0.208123969382192
70.137936325727523 0.207970159601861
70.138070316589079 0.207816504641745
70.138179669862552 0.207663004203886
70.138264400797780 0.207509657990526
70.138324524417030 0.207356465704115
70.138360055518731 0.207203427047323
70.138371008672962 0.207050541723020
70.138357398226660 0.206897809434297
70.138319238303637 0.206745229884462
70.138256542800136 0.206592802777025
70.138169325394969 0.206440527815732
70.138057599536822 0.206288404704520
70.137921378461442 0.206136433147572
70.137760675176466 0.205984612849270
70.137575502471634 0.205832943514223
70.137365872917954 0.205681424847267
70.137131798864871 0.205530056553450
70.136873292442203 0.205378838338045
70.136590365564999 0.205227769906555
70.136283029929189 0.205076850964705
70.135951297011928 0.204926081218442
70.135595178075221 0.204775460373942
70.135214684166968 0.204624988137613
70.134809826116410 0.204474664216083
70.134380614540021 0.204324488316213
70.133927059842406 0.204174460145102
70.133449172207435 0.204024579410058
70.132946961614650 0.203874845818647
70.132420437826127 0.203725259078653
70.131869610390098 0.203575818898084
70.131294488649232 0.203426524985204
70.130695081733066 0.203277377048502
70.130071398555884 0.203128374796686
70.129423447830362 0.202979517938728
70.128751238054832 0.202830806183817
70.128054777520077 0.202682239241388
70.127334074309559 0.202533816821111
70.126589136297440 0.202385538632893
70.125819971152183 0.202237404386884
70.125026586334513 0.202089413793471
70.124208989102485 0.201941566563290
70.123367186500886 0.201793862407197
70.122501185377288 0.201646301036311
70.121610992373519 0.201498882161993
70.120696613922505 0.201351605495829
70.119758056258732 0.201204470749666
70.118795325410062 0.201057477635584
70.117808427204608 0.200910625865916
70.116797367265718 0.200763915153230
70.115762151017975 0.200617345210352
70.114702783682830 0.200470915750344
70.113619270280779 0.200324626486516
70.112511615633963 0.200178477132431
70.111379824363297 0.200032467401892
70.110223900889778 0.199886597008952
70.109043849438194 0.199740865667915
70.107839674034224 0.199595273093336
70.106611378501924 0.199449819000005
70.105358966473389 0.199304503102981
70.104082441382516 0.199159325117564
70.102781806461564 0.199014284759295
70.101457064753703 0.198869381743982
70.100108219102708 0.198724615787676
70.098735272156475 0.198579986606676
70.097338226369857 0.198435493917537
70.095917084003887 0.198291137437069
70.094471847124723 0.198146916882331
70.093002517603054 0.198002831970630
70.091509097119626 0.197858882419533
70.089991587161606 0.197715067946859
70.088449989021726 0.197571388270674
70.086884303805320 0.197427843109311
70.085294532420960 0.197284432181340
70.083680675589520 0.197141155205596
70.082042733842528 0.196998011901174
70.080380707516696 0.196855001987406
70.078694596761451 0.196712125183892
70.076984401538937 0.196569381210488
70.075250121616975 0.196426769787294
70.073491756579926 0.196284290634678
70.071709305820889 0.196141943473257
70.069902768545944 0.195999728023905
70.068072143772085 0.195857644007749
70.066217430332259 0.195715691146180
70.064338626869130 0.195573869160835
70.062435731840921 0.195432177773615
70.060508743519961 0.195290616706676
70.058557659991351 0.195149185682427
70.056582479154713 0.195007884423534
70.054583198728153 0.194866712652929
70.052559816240574 0.194725670093789
70.050512329037403 0.194584756469548
70.048440734283673 0.194443971503910
70.046345028956253 0.194303314920822
70.044225209850396 0.194162786444492
70.042081273579754 0.194022385799390
70.039913216572430 0.193882112710235
70.037721035077126 0.193741966902011
70.035504725159555 0.193601948099957
70.033264282701552 0.193462056029562
70.030999703406636 0.193322290416581
70.028710982795957 0.193182650987023
70.026398116210075 0.193043137467154
70.024061098807792 0.192903749583493
70.021699925571198 0.192764487062825
70.019314591298297 0.192625349632182
70.016905090610848 0.192486337018861
70.014471417949352 0.192347448950410
70.012013567577156 0.192208685154639
70.009531533577146 0.192070045359608
70.007025309854299 0.191931529293638
70.004494890136996 0.191793136685307
70.001940267974518 0.191654867263448
69.999361436737559 0.191516720757148
69.996758389621021 0.191378696895751
69.994131119644692 0.191240795408865
69.991479619649056 0.191103016026346
69.988803882295286 0.190965358478295
69.986103900076344 0.190827822495096
69.983379665303843 0.190690407807367
69.980631170110286 0.190553114145978
69.977858406462772 0.190415941242076
69.975061366146377 0.190278888827047
69.972240040770757 0.190141956632529
69.969394421773231 0.190005144390423
69.966524500417719 0.189868451832884
69.963630267791615 0.189731878692316
69.960711714808895 0.189595424701379
69.957768832211528 0.189459089592990
69.954801610566349 0.189322873100315
69.951810040267247 0.189186774956774
69.948794111533076 0.189050794896035
69.945753814417358 0.188914932652039
69.942689138791934 0.188779187958953
69.939600074361280 0.188643560551210
69.936486610655777 0.188508050163493
69.933348737037903 0.188372656530742
69.930186442692076 0.188237379388135
69.926999716635919 0.188102218471112
69.923788547715873 0.187967173515365
69.920552924604294 0.187832244256828
69.917292835804588 0.187697430431690
69.914008269649798 0.187562731776391
69.910699214302142 0.187428148027620
69.907365657751072 0.187293678922307
69.904007587821937 0.187159324197649
69.900624992162776 0.187025083591071
69.897217858258571 0.186890956840264
69.893786173420750 0.186756943683155
69.890329924790819 0.186623043857919
69.886849099344531 0.186489257102987
69.883343683887048 0.186355583157032
69.879813665052495 0.186222021758967
69.876259029309850 0.186088572647962
69.872679762957119 0.185955235563425
69.869075852125789 0.185822010245015
69.865447282775975 0.185688896432627
69.861794040703515 0.185555893866410
69.858116111534926 0.185423002286755
69.854413480728113 0.185290221434292
69.850686133573802 0.185157551049897
69.846934055196229 0.185024990874692
69.843157230551370 0.184892540650037
69.839355644427371 0.184760200117533
69.835529281447592 0.184627969019029
69.831678126066095 0.184495847096608
69.827802162571857 0.184363834092599
69.823901375086152 0.184231929749568
69.819975747564627 0.184100133810322
69.816025263794913 0.183968446017905
69.812049907401970 0.183836866115608
69.808049661839604 0.183705393846946
69.804024510399344 0.183574028955685
69.799974436205332 0.183442771185822
69.795899422216991 0.183311620281594
69.791799451225287 0.183180575987468
69.787674505860139 0.183049638048158
69.783524568581143 0.182918806208601
69.779349621686421 0.182788080213979
69.775149647306648 0.182657459809703
69.770924627407055 0.182526944741418
69.766674543789208 0.182396534755004
69.762399378087721 0.182266229596571
69.758099111776588 0.182136029012472
69.753773726158556 0.182005932749272
69.749423202375482 0.181875940553782
69.745047521405070 0.181746052173043
69.740646664060236 0.181616267354324
69.736220610986450 0.181486585845118
69.731769342666055 0.181357007393150
69.727292839420002 0.181227531746381
69.722791081402548 0.181098158652994
69.718264048602080 0.180968887861394
69.713711720844913 0.180839719120220
69.709134077793252 0.180710652178336
69.704531098944770 0.180581686784831
69.699902763632878 0.180452822689017
69.695249051026693 0.180324059640431
69.690569940132619 0.180195397388837
69.685865409792754 0.180066835684219
69.681135438684109 0.179938374276783
69.676380005319785 0.179810012916954
69.671599088054649 0.179681751355396
69.666792665070716 0.179553589342966
69.661960714393132 0.179425526630761
69.657103213880134 0.179297562970090
69.652220141230657 0.179169698112490
69.647311473973289 0.179041931809700
69.642377189476633 0.178914263813684
69.637417264947175 0.178786693876629
69.632431677428229 0.178659221750938
69.627420403793778 0.178531847189215
69.622383420759689 0.178404569944291
69.617320704879333 0.178277389769217
69.612232232537480 0.178150306417242
69.607117979958716 0.178023319641838
69.601977923202440 0.177896429196684
69.596812038169162 0.177769634835681
69.591620300590407 0.177642936312930
69.586402686035527 0.177516333382744
69.581159169911587 0.177389825799647
69.575889727463704 0.177263413318379
69.570594333769378 0.177137095693875
69.565272963744420 0.177010872681284
69.559925592142690 0.176884744035964
69.554552193553107 0.176758709513477
69.549152742402370 0.176632768869593
69.543727212949506 0.176506921860278
69.538275579293597 0.176381168241709
69.532797815371552 0.176255507770270
69.527293894953161 0.176129940202541
69.521763791645100 0.176004465295304
69.516207478888845 0.175879082805538
69.510624929969765 0.175753792490442
69.505016118000185 0.175628594107391
69.499381015931377 0.175503487413968
69.493719596552722 0.175378472167956
69.488031832489369 0.175253548127338
69.482317696201918 0.175128715050288
69.476577159983449 0.175003972695172
69.470810195967900 0.174879320820561
69.465016776122724 0.174754759185214
69.459196872253742 0.174630287548092
69.453350455997267 0.174505905668335
69.447477498830892 0.174381613305288
69.441577972062660 0.174257410218476
69.435651846841623 0.174133296167628
69.429699094147225 0.174009270912650
69.423719684797348 0.173885334213644
69.417713589443579 0.173761485830898
69.411680778575004 0.173637725524891
69.405621222511698 0.173514053056279
69.399534891412927 0.173390468185916
69.393421755271632 0.173266970674836
69.387281783915114 0.173143560284255
69.381114947004178 0.173020236775572
69.374921214037627 0.172896999910374
69.368700554347015 0.172773849450428
69.362452937096847 0.172650785157677
69.356178331288959 0.172527806794251
69.349876705757367 0.172404914122455
69.343548029171416 0.172282106904774
69.337192270034436 0.172159384903872
69.330809396683136 0.172036747882588
69.324399377287918 0.171914195603938
69.317962179855016 0.171791727831115
69.311497772221003 0.171669344327482
69.305006122058813 0.171547044856581
69.298487196873069 0.171424829182123
69.291940964002691 0.171302697067992
69.285367390618816 0.171180648278243
69.278766443726312 0.171058682577102
69.272138090163423 0.170936799728966
69.265482296598435 0.170814999498393
69.258799029537542 0.170693281650123
69.252088255312472 0.170571645949046
69.245349940093391 0.170450092160230
69.238584049879378 0.170328620048904
69.231790550502993 0.170207229380462
69.224969407626631 0.170085919920459
69.218120586746934 0.169964691434615
69.211244053191393 0.169843543688813
69.204339772117947 0.169722476449094
69.197407708518725 0.169601489481664
69.190447827210733 0.169480582552874
69.183460092849231 0.169359755429251
69.176444469916333 0.169239007877471
69.169400922725274 0.169118339664365
69.162329415421326 0.168997750556924
69.155229911975596 0.168877240322285
69.148102376195283 0.168756808727749
69.140946771714056 0.168636455540766
69.133763061997641 0.168516180528940
69.126551210335535 0.168395983460013
69.119311179853383 0.168275864101895
69.112042933504853 0.168155822222640
69.104746434069597 0.168035857590443
69.097421644158999 0.167915969973655
69.090068526209066 0.167796159140763
69.082687042490875 0.167676424860415
69.075277155097979 0.167556766901390
69.067838825955633 0.167437185032620
69.060372016812821 0.167317679023169
69.052876689249942 0.167198248642252
69.045352804674764 0.167078893659225
69.037800324320685 0.166959613843581
69.030219209249069 0.166840408964952
69.022609420344622 0.166721278793103
69.014970918324039 0.166602223097946
69.007303663728635 0.166483241649526
68.999607616926355 0.166364334218026
68.991882738106739 0.166245500573751
68.984128987289040 0.166126740487150
68.976346324318911 0.166008053728806
68.968534708865974 0.165889440069431
68.960694100422742 0.165770899279862
68.952824458308427 0.165652431131071
68.944925741666736 0.165534035394158
68.936997909468118 0.165415711840355
68.929040920503240 0.165297460241015
68.921054733386569 0.165179280367613
68.913039306558332 0.165061171991756
68.904994598281846 0.164943134885175
68.896920566643729 0.164825168819722
68.888817169552411 0.164707273567370
68.880684364737178 0.164589448900208
68.872522109753277 0.164471694590456
68.864330361977210 0.164354010410447
68.856109078606110 0.164236396132632
68.847858216658622 0.164118851529580
68.839577732973595 0.164001376373969
68.831267584214004 0.163883970438605
68.822927726862659 0.163766633496401
68.814558117220400 0.163649365320381
68.806158711410760 0.163532165683686
68.797729465375369 0.163415034359561
68.789270334877557 0.163297971121371
68.780781275498313 0.163180975742582
68.772262242637396 0.163064047996769
68.763713191515208 0.162947187657619
68.755134077169060 0.162830394498920
68.746524854454194 0.162713668294566
68.737885478046067 0.162597008818560
68.729215902434731 0.162480415844999
68.720516081928352 0.162363889148088
68.711785970653594 0.162247428502134
68.703025522551826 0.162131033681538
68.694234691383215 0.162014704460809
68.685413430720658 0.161898440614545
68.676561693956387 0.161782241917447
68.667679434293248 0.161666108144304
68.658766604754291 0.161550039070010
68.649823158177043 0.161434034469552
68.640849047208093 0.161318094117998
68.631844224313483 0.161202217790519
68.622808641770746 0.161086405262373
68.613742251672988 0.160970656308910
68.604645005924993 0.160854970705569
68.595516856241403 0.160739348227865
68.586357754154690 0.160623788651416
68.577167651007372 0.160508291751919
68.567946497953130 0.160392857305154
68.558694245957895 0.160277485086985
68.549410845795649 0.160162174873354
68.540096248057409 0.160046926440297
68.530750403138939 0.159931739563918
68.521373261249408 0.159816614020407
68.511964772406529 0.159701549586029
68.502524886434330 0.159586546037121
68.493053552973009 0.159471603150112
68.483550721464269 0.159356720701488
68.474016341163377 0.159241898467822
68.464450361128655 0.159127136225749
68.454852730230030 0.159012433751986
68.445223397142840 0.158897790823315
68.435562310349979 0.158783207216589
68.425869418139754 0.158668682708730
68.416144668605639 0.158554217076722
68.406388009649945 0.158439810097626
68.396599388978103 0.158325461548560
68.386778754100746 0.158211171206711
68.376926052332408 0.158096938849323
68.367041230792736 0.157982764253709
68.357124236404701 0.157868647197240
68.347175015894763 0.157754587457345
68.337193515792961 0.157640584811518
68.327179682429673 0.157526639037302
68.317133461938724 0.157412749912301
68.307054800257831 0.157298917214180
68.296943643122603 0.157185140720650
68.286799936071631 0.157071420209480
68.276623624441100 0.156957755458485
68.266414653372436 0.156844146245543
68.256172967802087 0.156730592348570
68.245898512469708 0.156617093545541
68.235591231907947 0.156503649614468
68.225251070453425 0.156390260333418
68.214877972240188 0.156276925480504
68.204471881196312 0.156163644833878
68.194032741049838 0.156050418171739
68.183560495324443 0.155937245272326
68.173055087341922 0.155824125913924
68.162516460217105 0.155711059874853
68.151944556861949 0.155598046933475
68.141339319982379 0.155485086868186
68.130700692079614 0.155372179457422
68.120028615449229 0.155259324479656
68.109323032179404 0.155146521713393
68.098583884151608 0.155033770937169
68.087811113040402 0.154921071929557
68.077004660313406 0.154808424469161
68.066164467228774 0.154695828334611
68.055290474835388 0.154583283304566
68.044382623974087 0.154470789157716
68.033440855276197 0.154358345672776
68.022465109164060 0.154245952628490
68.011455325846256 0.154133609803618
68.000411445322300 0.154021316976947
67.989333407381977 0.153909073927294
67.978221151598476 0.153796880433481
67.967074617338369 0.153684736274366
67.955893743749684 0.153572641228813
67.944678469770537 0.153460595075710
67.933428734124305 0.153348597593960
67.922144475320749 0.153236648562483
67.910825631652386 0.153124747760208
67.899472141198117 0.153012894966080
67.888083941820994 0.152901089959056
67.876660971167965 0.152789332518105
67.865203166667882 0.152677622422200
67.853710465532458 0.152565959450326
67.842182804756632 0.152454343381476
67.830620121115430 0.152342773994644
67.819022351167646 0.152231251068839
67.807389431248623 0.152119774383059
67.795721297477868 0.152008343716318
67.784017885751624 0.151896958847623
67.772279131746473 0.151785619555983
67.760504970915463 0.151674325620404
67.748695338493874 0.151563076819897
67.736850169490779 0.151451872933462
67.724969398693602 0.151340713740097
67.713052960665735 0.151229599018796
67.701100789745922 0.151118528548540
67.689112820049672 0.151007502108309
67.677088985465687 0.150896519477070
67.665029219659985 0.150785580433783
67.652933456068382 0.150674684757391
67.640801627901169 0.150563832226825
67.628633668141859 0.150453022621005
67.616429509546975 0.150342255718837
67.604189084642812 0.150231531299206
67.591912325727449 0.150120849140983
67.579599164869066 0.150010209023017
67.567249533904445 0.149899610724136
67.554863364443577 0.149789054023156
67.542440587860654 0.149678538698860
67.529981135301355 0.149568064530014
67.517484937676684 0.149457631295355
67.504951925666660 0.149347238773599
67.492382029715571 0.149236886743429
67.479775180033926 0.149126574983500
67.467131306601289 0.149016303272449
67.454450339156992 0.148906071388868
67.441732207207039 0.148795879111323
67.428976840019445 0.148685726218345
67.416184166627644 0.148575612488436
67.403354115823774 0.148465537700052
67.390486616167379 0.148355501631629
67.377581595973624 0.148245504061548
67.364638983320575 0.148135544768160
67.351658706046877 0.148025623529773
67.338640691749205 0.147915740124655
67.325584867784187 0.147805894331030
67.312491161267431 0.147696085927082
67.299359499068885 0.147586314690941
67.286189807817706 0.147476580400696
67.272982013901569 0.147366882834396
67.259736043458432 0.147257221770024
67.246451822387925 0.147147596985532
67.233129276338772 0.147038008258805
67.219768330715922 0.146928455367685
67.206368910677554 0.146818938089956
67.192930941134648 0.146709456203351
67.179454346750859 0.146600009485545
67.165939051940185 0.146490597714155
67.152384980864284 0.146381220666734
67.138792057441933 0.146271878120789
67.125160205337934 0.146162569853757
67.111489347964465 0.146053295643013
67.097779408483390 0.145944055265869
67.084030309804490 0.145834848499575
67.070241974583183 0.145725675121311
67.056414325225276 0.145616534908198
67.042547283876729 0.145507427637280
67.028640772430236 0.145398353085532
67.014694712524943 0.145289311029864
67.000709025541880 0.145180301247111
66.986683632607622 0.145071323514039
66.972618454587320 0.144962377607332
66.958513412089161 0.144853463303600
66.944368425464305 0.144744580379382
66.930183414803238 0.144635728611136
66.915958299935340 0.144526907775238
66.901693000430001 0.144418117647987
66.887387435595556 0.144309358005600
66.873041524475624 0.144200628624206
66.858655185855156 0.144091929279860
66.844228338251199 0.143983259748522
66.829760899919535 0.143874619806070
66.815252788849406 0.143766009228293
66.800703922763716 0.143657427790890
66.786114219122595 0.143548875269474
66.771483595115740 0.143440351439561
66.756811967667048 0.143331856076580
66.742099253429728 0.143223388955858
66.727345368789543 0.143114949852632
66.712550229864831 0.143006538542047
66.697713752498814 0.142898154799140
66.682835852267885 0.142789798398861
66.667916444473150 0.142681469116047
66.652955444144553 0.142573166725443
66.637952766040527 0.142464891001690
66.622908324642992 0.142356641719323
66.607822034160307 0.142248418652772
66.592693808525809 0.142140221576362
66.577523561396575 0.142032050264313
66.562311206152657 0.141923904490731
66.547056655896441 0.141815784029614
66.531759823453370 0.141707688654853
66.516420621368056 0.141599618140219
66.501038961907526 0.141491572259378
66.485614757056453 0.141383550785872
66.470147918520638 0.141275553493136
66.454638357723923 0.141167580154485
66.439085985804383 0.141059630543109
66.423490713620936 0.140951704432087
66.407852451746692 0.140843801594373
66.392171110470557 0.140735921802799
66.376446599796367 0.140628064830077
66.360678829439607 0.140520230448787
66.344867708832325 0.140412418431391
66.329013147116186 0.140304628550219
66.313115053147769 0.140196860577479
66.297173335490100 0.140089114285241
66.281187902420100 0.139981389445449
66.265158661922939 0.139873685829916
66.249085521692550 0.139766003210322
66.232968389130136 0.139658341358208
66.216807171346403 0.139550700044987
66.200601775155434 0.139443079041928
66.184352107079619 0.139335478120168
66.168058073346259 0.139227897050702
66.151719579884087 0.139120335604383
66.135336532328878 0.139012793551926
66.118908836016928 0.138905270663901
66.102436395989002 0.138797766710738
66.085919116983931 0.138690281462715
66.069356903443932 0.138582814689972
66.052749659509203 0.138475366162493
66.036097289018144 0.138367935650117
66.019399695510543 0.138260522922535
66.002656782223085 0.138153127749290
65.985868452085313 0.138045749899760
65.969034607728005 0.137938389143185
65.952155151474102 0.137831045248640
65.935229985339618 0.137723717985044
65.918259011037904 0.137616407121165
65.901242129974989 0.137509112425613
65.884179243246834 0.137401833666834
65.867070251641280 0.137294570613114
65.849915055638434 0.137187323032580
65.832713555405448 0.137080090693192
65.815465650801869 0.136972873362751
65.798171241374476 0.136865670808891
65.780830226356670 0.136758482799078
65.763442504670294 0.136651309100614
65.746007974922236 0.136544149480628
65.728526535402736 0.136437003706077
65.710998084090178 0.136329871543756
65.693422518646571 0.136222752760283
65.675799736414035 0.136115647122102
65.658129634419083 0.136008554395482
65.640412109369237 0.135901474346520
65.622647057651648 0.135794406741131
65.604834375334221 0.135687351345055
65.586973958165373 0.135580307923856
65.569065701570850 0.135473276242915
65.551109500653027 0.135366256067430
65.533105250192847 0.135259247162421
65.515052844644813 0.135152249292718
65.496952178140916 0.135045262222971
65.478803144486918 0.134938285717644
65.460605637164448 0.134831319541018
65.442359549325218 0.134724363457180
65.424064773794711 0.134617417230030
65.405721203067799 0.134510480623276
65.387328729311776 0.134403553400435
65.368887244364316 0.134296635324837
65.350396639733319 0.134189726159617
65.331856806591901 0.134082825667710
65.313267635782992 0.133975933611863
65.294629017813747 0.133869049754616
65.275940842860919 0.133762173858322
65.257203000764548 0.133655305685130
65.238415381031359 0.133548444996994
65.219577872828722 0.133441591555660
65.200690364989526 0.133334745122678
65.181752746007092 0.133227905459391
65.162764904036266 0.133121072326938
65.143726726894855 0.133014245486258
65.124638102060231 0.132907424698082
65.105498916666647 0.132800609722930
65.086309057509723 0.132693800321121
65.067068411039827 0.132586996252756
65.047776863365797 0.132480197277731
65.028434300253650 0.132373403155733
65.009040607123239 0.132266613646232
64.989595669051127 0.132159828508492
64.970099370765993 0.132053047501557
64.950551596650286 0.131946270384257
64.930952230737915 0.131839496915204
64.911301156716675 0.131732726852799
64.891598257923391 0.131625959955220
64.871843417346014 0.131519195980428
64.852036517624271 0.131412434686169
64.832177441042404 0.131305675829959
64.812266069533862 0.131198919169097
64.792302284680488 0.131092164460659
64.772285967711028 0.130985411461499
64.752216999499524 0.130878659928246
64.732095260565401 0.130771909617304
64.711920631071436 0.130665160284849
64.691692990825217 0.130558411686832
64.671412219275439 0.130451663578972
64.651078195515538 0.130344915716765
64.630690798278835 0.130238167855474
64.610249905941956 0.130131419750135
64.589755396518427 0.130024671155548
64.569207147661842 0.129917921826281
64.548605036665407 0.129811171516673
64.527948940459609 0.129704419980823
64.507238735613541 0.129597666972604
64.486474298332681 0.129490912245648
64.465655504456834 0.129384155553350
64.444782229462476 0.129277396648872
64.423854348459528 0.129170635285132
64.402871736192452 0.129063871214815
64.381834267039551 0.128957104190365
64.360741815012446 0.128850333963989
64.339594253751358 0.128743560287647
64.318391456531401 0.128636782913063
