############### INTEGRATION OF E_0 ################################
P2_0	P2_f	w_0	w_f	niter	E_0
0	1000	0	100	5000	0.357633873972691
0	10000	0	100	5000	0.385005295071284
	
0	1000	0	200	5000	0.358642656253948
0	1000	0	400	5000	0.360659208165429

0	1000	0	600	5000	0.362674411286638
0	1000	0	800	5000	0.364688268207057

0	1000	0	600	10000	0.358113423936555
0	1000	0	800	10000	0.359124580677660

0	1000	0	600	5000	0.362674411286638
0	4000	0	600	5000	0.371643543735606
0	16000	0	600	5000	0.408295203625568
0	16000	0	600	10000	0.380743530597733

0	1000	0	600	10000	0.358113423936555
0	1000	0	800	10000	0.359124580677660
0	1000	0	1000	10000	0.360135568811426
0	1000	0	1200	10000	0.361146388483393
0	1000	0	200	10000	0.356090604203989
0	1000	0	400	10000	0.357102098474021
0	1000	0	50	10000	0.355331872641603
0	1000	0	100	10000	0.355584793736598
0	1000	0	10	10000	0.354139237284089
0	1000	0	20	10000	0.355179689765346

#doubling "niter". Observation: this was very slow

0	1000	0	600	20000	0.355818288968443
0	1000	0	800	20000	0.356324552137418
0	1000	0	1000	20000	0.356830794203147
0	1000	0	1200	20000	0.357337015171404
0	1000	0	200	20000	0.354805699276520
0	1000	0	400	20000	0.355312004689334
0	1000	0	50	20000	0.354425956169439
0	1000	0	100	20000	0.354552538597342
0	1000	0	10	20000	0.353335608199690
0	1000	0	20	20000	0.354349581328264


0	500	0	10	5000	0.354189426456779
0	1000	0	10	5000	0.357633873972691
0	2000	0	10	5000	0.358786856735238
0	3000	0	10	5000	0.361817104053220
0	100	0	10	5000	0.351533015407991
0	50	0	10	5000	0.339968076767791
0	20	0	10	5000	0.281205526580798
0	10	0	10	5000	0.206031193207524
0	5	0	10	5000	0.131101527830020
0	5000	0	10	5000	0.356424750049103

#NITER=10000 is too much
0	500	0	10	10000	0.353360709236962 //good one
0	1000	0	10	10000	0.355584793736598 //These 2 can also be considered good
0	2000	0	10	10000	0.355682867293532
0	3000	0	10	10000	0.357214157853874
0	100	0	10	10000	0.351325761170314
0	50	0	10	10000	0.339841932792732
0	20	0	10	10000	0.281137210413422
0	10	0	10	10000	0.205990242834092
0	5	0	10	10000	0.131078944036939
0	5000	0	10	10000	0.360254273830277

0	300	0	10	5000	0.353564080182747
0	1200	0	10	5000	0.353564080182747
0	400	0	10	5000	0.353878447381371
0	500	0	10	5000	0.354189426456779

## TABLA FINAL
P2_0	P2_f	w_0	w_f	niter	E_0			P_0
0	300	0	10	6000	0.353391178821053	1.456348932205328
0	300	0	10	7000	0.353267515722756	1.455937905147336
0	300	0	10	8000	0.353174674404345	1.455629699610127
0	300	0	10	9000	0.353102406060704	1.455390022552131
0	300	0	10	10000	0.353044553060184	1.455198305064176
0	300	0	10	11000	0.352997192551941	1.455041461271867
0	300	0	10	12000	0.352957706868342	1.454910769088527
0	300	0	10	13000	0.352924282341928	1.454800191187510
0	300	0	10	14000	0.352895622609354	1.454705415814543
0	300	0	10	15000	0.352870776437202	1.454623281403259





################### TIME INTEGRATION ###############################








