0.309355398228444 13.814645344405747
0.411137800146695 3.454752495627809
0.493947511396733 1.237172307278048
0.566532673732275 0.575273477555965
0.632384354040484 0.309002875692062
0.693386876858365 0.179921903855159
0.750711329107207 0.109052519657598
0.805146699248633 0.066632461248640
0.857252740228095 0.039626512983518
0.907441029097151 0.021644183642835
0.956022265515239 0.009267988426631
1.003235851764134 0.000540926312285
1.049269372817857 -0.005720760659943
1.094271937724239 -0.010265735320945
1.138363596094559 -0.013585241228631
1.181642142045079 -0.016011716584579
1.224188122413683 -0.017776110613008
1.266068578624155 -0.019042528461355
1.307339876938479 -0.019929887964034
1.348049871451371 -0.020525856880560
1.388239571996112 -0.020896052959252
1.427944440542462 -0.021090254527828
1.467195406160239 -0.021146677389516
1.506019665035088 -0.021094973267742
1.544441315137077 -0.020958366252790
1.582481862878048 -0.020755197696496
1.620160630079712 -0.020500058574388
1.657495082882250 -0.020204629902678
1.694501099210183 -0.019878313752381
1.731193187632729 -0.019528712147152
1.767584667582918 -0.019161994195469
1.803687818707121 -0.018783180188497
1.839514005433341 -0.018396363375521
1.875073781547358 -0.018004884518452
1.910376978559409 -0.017611470339345
1.945432780862796 -0.017218344106820
1.980249790071856 -0.016827314582333
2.014836080451346 -0.016439847978203
2.049199246968170 -0.016057126541603
2.083346447202761 -0.015680096477893
2.117284438119202 -0.015309507365770
2.151019608506616 -0.014945944717973
2.184558007755734 -0.014589856986624
2.217905371514184 -0.014241578052240
2.251067144667938 -0.013901346017405
2.284048502019888 -0.013569318956176
2.316854366973981 -0.013245588148290
2.349489428481008 -0.012930189238104
2.381958156463676 -0.012623111645931
2.414264815902421 -0.012324306533924
2.446413479736037 -0.012033693557822
2.478408040710881 -0.011751166580664
2.510252222289416 -0.011476598536276
2.541949588716918 -0.011209845550398
2.573503554329953 -0.010950750444818
2.604917392180333 -0.010699145710883
2.636194242038144 -0.010454856036068
2.667337117830864 -0.010217700442251
2.698348914567361 -0.009987494101213
2.729232414791871 -0.009764049863025
2.759990294606731 -0.009547179546588
2.790625129298459 -0.009336695026188
2.821139398599754 -0.009132409134809
2.851535491614672 -0.008934136421267
2.881815711433365 -0.008741693772370
2.911982279459194 -0.008554900925067
2.942037339469342 -0.008373580881988
2.971982961428438 -0.008197560242770
3.001821145072325 -0.008026669466826
3.031553823278350 -0.007860743073619
3.061182865236898 -0.007699619791355
3.090710079437659 -0.007543142661581
3.120137216483139 -0.007391159105926
3.149465971740826 -0.007243520961258
3.178697987844932 -0.007100084486282
3.207834857057177 -0.006960710347110
3.236878123496228 -0.006825263581208
3.265829285243520 -0.006693613548675
3.294689796333996 -0.006565633867040
3.323461068638611 -0.006441202337274
3.352144473645515 -0.006320200860227
3.380741344146192 -0.006202515346251
3.409252975832525 -0.006088035618828
3.437680628809828 -0.005976655315890
3.466025529031575 -0.005868271785453
3.494288869659931 -0.005762785981744
3.522471812357015 -0.005660102358354
3.550575488510863 -0.005560128761364
3.578601000399381 -0.005462776324977
3.606549422297327 -0.005367959362074
3.634421801527987 -0.005275595262644
3.662219159463977 -0.005185604388548
3.689942492479307 -0.005097909973158
3.717592772856213 -0.005012438020186
3.745170949648679 -0.004929117207106
3.772677949505537 -0.004847878789170
3.800114677454880 -0.004768656507804
3.827482017652762 -0.004691386498421
3.854780834097327 -0.004616007203870
3.882011971310960 -0.004542459288008
3.909176254991251 -0.004470685555178
3.936274492633916 -0.004400630867179
3.963307474127558 -0.004332242068626
3.990275972323053 -0.004265467910292
4.017180743578048 -0.004200258978073
4.044022528278627 -0.004136567621830
4.070802051338394 -0.004074347890011
4.097520022677394 -0.004013555462315
4.124177137680247 -0.003954147590470
4.150774077636379 -0.003896083035031
4.177311510162268 -0.003839322007906
4.203790089605679 -0.003783826120048
4.230210457435413 -0.003729558322517
4.256573242614649 -0.003676482858445
4.282879061959722 -0.003624565213461
4.309128520485555 -0.003573772066383
4.335322211737682 -0.003524071244117
4.361460718111149 -0.003475431679465
4.387544611158938 -0.003427823364176
4.413574451886799 -0.003381217315206
4.439550791039109 -0.003335585529850
4.465474169373655 -0.003290900950536
4.491345117926057 -0.003247137430255
4.517164158265540 -0.003204269695766
4.542931802741283 -0.003162273315591
4.568648554719956 -0.003121124668960
4.594314908815512 -0.003080800913713
4.619931351110662 -0.003041279958430
4.645498359370859 -0.003002540434175
4.671016403251604 -0.002964561666006
4.696485944497995 -0.002927323649549
4.721907437138228 -0.002890807024562
4.747281327670948 -0.002854993050598
4.772608055245512 -0.002819863586982
4.797888051837708 -0.002785401067240
4.823121742419325 -0.002751588479675
4.848309545122188 -0.002718409347594
4.873451871396769 -0.002685847710619
4.898549126167371 -0.002653888101956
4.923601707980515 -0.002622515536080
4.948610009150290 -0.002591715487378
4.973574415898326 -0.002561473876349
4.998495308490957 -0.002531777050021
5.023373061370475 -0.002502611771635
5.048208043283721 -0.002473965202708
5.073000617406644 -0.002445824889781
5.097751141465356 -0.002418178750566
5.122459967853321 -0.002391015062025
5.147127443745705 -0.002364322446538
5.171753911209893 -0.002338089861452
5.196339707313620 -0.002312306585744
5.220885164229649 -0.002286962210036
5.245390609337078 -0.002262046627155
5.269856365321311 -0.002237550018239
5.294282750269559 -0.002213462847290
5.318670077765308 -0.002189775847820
5.343018656978657 -0.002166480017689
5.367328792756047 -0.002143566605891
5.391600785706156 -0.002121027107713
5.415834932284306 -0.002098853254760
5.440031524874212 -0.002077037008234
5.464190851868194 -0.002055570549990
5.488313197744436 -0.002034446277462
5.512398843143414 -0.002013656793923
5.536448064941345 -0.001993194904308
5.560461136322769 -0.001973053606358
5.584438326849637 -0.001953226088372
5.608379902531204 -0.001933705717257
5.632286125889841 -0.001914486038291
5.656157256026623 -0.001895560766272
5.679993548684723 -0.001876923781548
5.703795256311277 -0.001858569124794
5.727562628118324 -0.001840490990752
5.751295910141741 -0.001822683724664
5.774995345298311 -0.001805141818655
5.798661173443135 -0.001787859903455
5.822293631423592 -0.001770832748801
5.845892953133666 -0.001754055255631
5.869459369566045 -0.001737522454208
5.892993108863619 -0.001721229498897
5.916494396369340 -0.001705171665437
5.939963454675286 -0.001689344346585
5.963400503670289 -0.001673743049293
5.986805760586702 -0.001658363390884
6.010179440046650 -0.001643201094671
6.033521754105431 -0.001628251990699
6.056832912296650 -0.001613512006904
6.080113121673469 -0.001598977172377
6.103362586852085 -0.001584643607856
6.126581510050577 -0.001570507530773
6.149770091130747 -0.001556565244492
6.172928527635980 -0.001542813142249
6.196057014829935 -0.001529247701189
6.219155745734025 -0.001515865480793
6.242224911164112 -0.001502663120522
6.265264699766056 -0.001489637338354
6.288275298051352 -0.001476784926875
6.311256890430911 -0.001464102753458
6.334209659249135 -0.001451587756179
6.357133784816901 -0.001439236942674
6.380029445443541 -0.001427047388842
6.402896817468740 -0.001415016235862
6.425736075293298 -0.001403140689375
6.448547391409710 -0.001391418016881
6.471330936431753 -0.001379845546787
6.494086879123622 -0.001368420666513
6.516815386428388 -0.001357140821106
6.539516623496326 -0.001346003510842
6.562190753711897 -0.001335006291298
6.584837938720728 -0.001324146770865
6.607458338456536 -0.001313422608485
6.630052111165839 -0.001302831515495
6.652619413434449 -0.001292371250031
6.675160400211548 -0.001282039619367
6.697675224834283 -0.001271834476834
6.720164039051738 -0.001261753720907
6.742626993048441 -0.001251795294054
6.765064235466840 -0.001241957182741
6.787475913430597 -0.001232237413974
6.809862172566100 -0.001222634056779
6.832223157024461 -0.001213145219506
6.854559009502742 -0.001203769049518
6.876869871264906 -0.001194503731973
6.899155882162226 -0.001185347489203
6.921417180653643 -0.001176298579195
6.943653903825305 -0.001167355295502
6.965866187409863 -0.001158515966198
6.988054165805793 -0.001149778952319
7.010217972096339 -0.001141142647176
7.032357738067037 -0.001132605477437
7.054473594224493 -0.001124165899555
7.076565669813838 -0.001115822400825
7.098634092835896 -0.001107573498571
7.120678990065040 -0.001099417737712
7.142700487064781 -0.001091353693526
7.164698708205278 -0.001083379967073
7.186673776678909 -0.001075495187473
7.208625814516654 -0.001067698009333
7.230554942603336 -0.001059987113666
7.252461280693005 -0.001052361206552
7.274344947424397 -0.001044819017981
7.296206060335261 -0.001037359302798
7.318044735877479 -0.001029980838353
7.339861089430713 -0.001022682426051
7.361655235317254 -0.001015462888379
7.383427286815150 -0.001008321070917
7.405177356172444 -0.001001255839565
7.426905554620074 -0.000994266081937
7.448611992385290 -0.000987350705645
7.470296778704388 -0.000980508638634
7.491960021835798 -0.000973738827776
7.513601829072138 -0.000967040239802
7.535222306752853 -0.000960411859594
7.556821560275844 -0.000953852691076
7.578399694110409 -0.000947361754358
7.599956811807372 -0.000940938089641
7.621493016012503 -0.000934580751118
7.643008408475617 -0.000928288813368
7.664503090063667 -0.000922061364206
7.685977160771248 -0.000915897508223
7.707430719730327 -0.000909796367440
7.728863865222084 -0.000903757077256
7.750276694686759 -0.000897778789078
7.771669304734087 -0.000891860668798
7.793041791153628 -0.000886001896395
7.814394248924142 -0.000880201666871
7.835726772224096 -0.000874459187954
7.857039454440884 -0.000868773681579
7.878332388180074 -0.000863144383323
7.899605665275757 -0.000857570540199
7.920859376798615 -0.000852051413691
7.942093613065350 -0.000846586277181
7.963308463648214 -0.000841174415327
7.984504017383138 -0.000835815125736
8.005680362378401 -0.000830507717725
8.026837586023277 -0.000825251511885
8.047975774996807 -0.000820045839462
8.069095015275407 -0.000814890043751
8.090195392141345 -0.000809783478319
8.111276990190996 -0.000804725506969
8.132339893341864 -0.000799715505203
8.153384184842327 -0.000794752855740
8.174409947275894 -0.000789836956388
8.195417262572731 -0.000784967208780
8.216406212014340 -0.000780143028260
8.237376876241557 -0.000775363838581
8.258329335262664 -0.000770629071393
8.279263668459016 -0.000765938169583
8.300179954593553 -0.000761290582713
8.321078271816425 -0.000756685770910
8.341958697672865 -0.000752123201287
8.362821309109005 -0.000747602350639
8.383666182479111 -0.000743122703064
8.404493393552372 -0.000738683750316
8.425303017517788 -0.000734284994298
8.446095128992621 -0.000729925941599
8.466869802026977 -0.000725606108822
8.487627110110868 -0.000721325018735
8.508367126180206 -0.000717082201534
8.529089922622344 -0.000712877195265
