0.309352936695517 0.691741265885189
0.409448788000894 -0.199370899112963
0.489786087828257 -0.334961225110429
0.559295495710852 -0.385520265703164
0.621607469856691 -0.410788003095047
0.678716883431167 -0.424886355414071
0.731882381990754 -0.432875737882726
0.781962221329608 -0.437072193888388
0.829571047294126 -0.438729442624540
0.875164088015122 -0.438612036564629
0.919086885305838 -0.437226805240227
0.961606737949409 -0.434929370183722
1.002933604356118 -0.431978790927265
1.043234534458365 -0.428568355787666
1.082643929359853 -0.424844391869035
1.121271004576735 -0.420918560088267
1.159205320294027 -0.416876338748564
1.196520941882173 -0.412783124554491
1.233279609977864 -0.408688755826240
1.269533182356195 -0.404630939626936
1.305325532861587 -0.400637888261637
1.340694040686053 -0.396730369014775
1.375670767359663 -0.392923309303034
1.410283393503537 -0.389227059952439
1.444555969263950 -0.385648392774031
1.478509519170909 -0.382191290154924
1.512162532480229 -0.378857570920233
1.545531362858223 -0.375647386868970
1.578630555870876 -0.372559616817417
1.611473118656123 -0.369592179260489
1.644070743047587 -0.366742280283806
1.676433991031287 -0.364006609896054
1.708572449574539 -0.361381497213037
1.740494860435451 -0.358863032779879
1.772209229443231 -0.356447164639261
1.803722918862288 -0.354129773397009
1.835042725759980 -0.351906730493129
1.866174948748636 -0.349773943033308
1.897125445034321 -0.347727387876684
1.927899679354931 -0.345763137124493
1.958502766107097 -0.343877376767979
1.988939505734865 -0.342066419866265
2.019214416268375 -0.340326715379158
2.049331760749475 -0.338654853581580
2.079295571159688 -0.337047568761053
2.109109669364962 -0.335501739791428
2.138777685507839 -0.334014389077864
2.168303074210039 -0.332582680237082
2.197689128891847 -0.331203914818022
2.226938994467189 -0.329875528318564
2.256055678633333 -0.328595085713403
2.285042061942620 -0.327360276620337
2.313900906815419 -0.326168910248457
2.342634865629700 -0.325018910243672
2.371246488004072 -0.323908309488979
2.399738227374389 -0.322835244927226
2.428112446949671 -0.321797952464660
2.456371425121362 -0.320794761988388
2.484517360390385 -0.319824092513660
2.512552375867122 -0.318884447498231
2.540478523392436 -0.317974410330131
2.568297787321899 -0.317092639990202
2.596012088009282 -0.316237866911635
2.623623285021178 -0.315408889028895
2.651133180110895 -0.314604568008323
2.678543519975772 -0.313823825672789
2.705855998819108 -0.313065640616485
2.733072260736629 -0.312329044971600
2.760193901942184 -0.311613121398642
2.787222472850125 -0.310917000173481
2.814159480024415 -0.310239856511867
2.841006388008373 -0.309580907987270
2.867764621044364 -0.308939412121022
2.894435564692473 -0.308314664115580
2.921020567357142 -0.307705994700308
2.947520941728089 -0.307112768129695
2.973937966143172 -0.306534380272991
3.000272885878176 -0.305970256840966
3.026526914369946 -0.305419851690946
3.052701234376277 -0.304882645269683
3.078796999078578 -0.304358143106668
3.104815333129984 -0.303845874431673
3.130757333653327 -0.303345390853728
3.156624071191385 -0.302856265143086
3.182416590614185 -0.302378090038510
3.208135911983462 -0.301910477196533
3.233783031379429 -0.301453056134015
3.259358921690563 -0.301005473275872
3.284864533368993 -0.300567391048254
3.310300795153811 -0.300138487015749
3.335668614763134 -0.299718453096430
3.360968879558277 -0.299306994778392
3.386202457179647 -0.298903830434472
3.411370196157283 -0.298508690638056
3.436472926496933 -0.298121317530824
3.461511460242639 -0.297741464235087
3.486486592017412 -0.297368894289140
3.511399099542800 -0.297003381123426
3.536249744138718 -0.296644707557285
3.561039271204139 -0.296292665334164
3.585768410679702 -0.295947054679578
3.610437877493417 -0.295607683874217
3.635048371989438 -0.295274368874837
3.659600580341583 -0.294946932929745
3.684095174951812 -0.294625206230105
3.708532814834265 -0.294309025582284
3.732914145985805 -0.293998234089127
3.757239801743705 -0.293692680847702
3.781510403130137 -0.293392220689007
3.805726559185477 -0.293096713890386
3.829888867290121 -0.292806025925066
3.853997913474361 -0.292520027252961
3.878054272719240 -0.292238593051912
3.902058509246225 -0.291961603036337
3.926011176797635 -0.291688941243119
3.949912818907481 -0.291420495848780
3.973763969164196 -0.291156158964357
3.997565151463900 -0.290895826490254
4.021316880255760 -0.290639397943321
4.045019660779998 -0.290386776285573
4.068673989297352 -0.290137867805548
4.092280353312089 -0.289892581952860
4.115839231787744 -0.289650831212523
4.139351095355904 -0.289412530985599
4.162816406518676 -0.289177599462483
4.186235619845008 -0.288945957505956
4.209609182160754 -0.288717528549412
4.232937532733417 -0.288492238478558
4.256221103450664 -0.288270015552528
4.279460318993973 -0.288050790294173
4.302655597006913 -0.287834495406037
4.325807348258323 -0.287621065688086
4.348915976800972 -0.287410437947013
4.371981880125472 -0.287202550921386
4.395005449309456 -0.286997345215776
4.417987069162695 -0.286794763221019
4.440927118368013 -0.286594749048287
4.463825969618116 -0.286397248465610
4.486683989748727 -0.286202208830112
4.509501539867384 -0.286009579047695
4.532278975479724 -0.285819309481023
4.555016646610573 -0.285631351949015
4.577714897923727 -0.285445659609739
4.600374068836560 -0.285262186970758
4.622994493632710 -0.285080889802709
4.645576501571099 -0.284901725113294
4.668120416992256 -0.284724651095466
4.690626559421752 -0.284549627086358
4.713095243670618 -0.284376613536296
4.735526779933357 -0.284205571960695
4.757921473883473 -0.284036464900904
4.780279626765940 -0.283869255906239
4.802601535487952 -0.283703909477255
4.824887492706658 -0.283540391055271
4.847137786915259 -0.283378666970254
4.869352702525866 -0.283218704444349
4.891532519952126 -0.283060471501563
4.913677515687302 -0.282903937020505
4.935787962382182 -0.282749070648322
4.957864128920660 -0.282595842787366
4.979906280492580 -0.282444224598629
5.001914678666090 -0.282294187934740
5.023889581457070 -0.282145705354520
5.045831243397376 -0.281998750083696
5.067739915601436 -0.281853295993696
5.089615845830870 -0.281709317592527
5.111459278558187 -0.281566789984291
5.133270455027939 -0.281425688884138
5.155049613317702 -0.281285990556670
5.176796988396331 -0.281147671841305
5.198512812181526 -0.281010710112454
5.220197313596092 -0.280875083261029
5.241850718622539 -0.280740769690837
5.263473250356514 -0.280607748299537
5.285065129059346 -0.280475998452454
5.306626572208428 -0.280345500000330
5.328157794547601 -0.280216233226631
5.349659008135934 -0.280088178849848
5.371130422394428 -0.279961318043575
5.392572244153766 -0.279835632352895
5.413984677698681 -0.279711103760850
5.435367924813144 -0.279587714615745
5.456722184822997 -0.279465447672186
5.478047654639475 -0.279344286018464
5.499344528799656 -0.279224213138042
5.520612999507802 -0.279105212838897
5.541853256674770 -0.278987269278600
5.563065487956802 -0.278870366947880
5.584249878793726 -0.278754490651654
5.605406612445943 -0.278639625514921
5.626535870030825 -0.278525756966767
5.647637830558584 -0.278412870723273
5.668712670966731 -0.278300952803101
5.689760566154285 -0.278189989502081
5.710781689015191 -0.278079967388786
5.731776210471242 -0.277970873290459
5.752744299503450 -0.277862694315886
5.773686123183798 -0.277755417812389
5.794601846706214 -0.277649031364174
5.815491633415729 -0.277543522826738
5.836355644838735 -0.277438880261686
5.857194040711291 -0.277335091976964
5.878006979007371 -0.277232146503638
5.898794615967188 -0.277130032567338
5.919557106123145 -0.277028739146114
5.940294602327458 -0.276928255387982
5.961007255777616 -0.276828570663041
5.981695216041703 -0.276729674545176
6.002358631084187 -0.276631556772863
6.022997647289386 -0.276534207309443
6.043612409486564 -0.276437616263938
6.064203060972338 -0.276341773964852
6.084769743534850 -0.276246670877710
6.105312597475701 -0.276152297664046
6.125831761632266 -0.276058645148474
6.146327373399766 -0.275965704308369
6.166799568752405 -0.275873466288273
6.187248482264213 -0.275781922392655
6.207674247129719 -0.275691064073619
6.228076995184479 -0.275600882919226
6.248456856923856 -0.275511370698765
6.268813961523549 -0.275422519284008
6.289148436858263 -0.275334320698897
6.309460409519879 -0.275246767122544
6.329750004836613 -0.275159850837707
6.350017346890325 -0.275073564282155
6.370262558534669 -0.274987900004270
6.390485761412596 -0.274902850671290
6.410687075972444 -0.274818409106199
6.430866621485698 -0.274734568214130
6.451024516063034 -0.274651321030476
6.471160876670306 -0.274568660709778
6.491275819144568 -0.274486580511957
6.511369458209744 -0.274405073801692
6.531441907491409 -0.274324134069228
6.551493279532285 -0.274243754891729
6.571523685807114 -0.274163929944232
6.591533236736359 -0.274084653030888
6.611522041701335 -0.274005918021475
6.631490209057540 -0.273927718905772
6.651437846148907 -0.273850049749535
6.671365059320771 -0.273772904730296
6.691271953933623 -0.273696278098796
6.711158634375900 -0.273620164203424
6.731025204076712 -0.273544557483127
6.750871765518818 -0.273469452448449
6.770698420250607 -0.273394843708149
6.790505268898298 -0.273320725952172
6.810292411178539 -0.273247093927580
6.830059945909111 -0.273173942499585
6.849807971021430 -0.273101266576325
6.869536583571412 -0.273029061160576
6.889245879750955 -0.272957321318843
6.908935954898880 -0.272886042192609
6.928606903511255 -0.272815219013394
6.948258819253113 -0.272744847043424
6.967891794967830 -0.272674921653880
6.987505922688124 -0.272605438257672
7.007101293645737 -0.272536392350776
7.026677998281810 -0.272467779478986
7.046236126256627 -0.272399595254329
7.065775766458820 -0.272331835368202
7.085297007015146 -0.272264495562868
7.104799935300424 -0.272197571618623
7.124284637945793 -0.272131059410524
7.143751200848223 -0.272064954854097
7.163199709179362 -0.271999253924618
7.182630247394333 -0.271933952652120
7.202042899240424 -0.271869047119520
7.221437747765348 -0.271804533472720
7.240814875325849 -0.271740407901521
7.260174363596049 -0.271676666643781
7.279516293575137 -0.271613306004137
7.298840745595422 -0.271550322335110
7.318147799330852 -0.271487712013768
7.337437533803867 -0.271425471499078
7.356710027393560 -0.271363597277531
7.375965357843113 -0.271302085885135
7.395203602266986 -0.271240933911767
7.414424837158422 -0.271180137984092
7.433629138396496 -0.271119694777953
7.452816581253124 -0.271059601015102
7.471987240400487 -0.270999853442606
7.491141189917037 -0.270940448882307
7.510278503295364 -0.270881384155045
7.529399253447465 -0.270822656175508
7.548503512712657 -0.270764261846872
7.567591352863180 -0.270706198144345
7.586662845111158 -0.270648462059405
7.605718060114079 -0.270591050652381
7.624757067981806 -0.270533960988925
7.643779938282149 -0.270477190192052
7.662786740047019 -0.270420735415302
7.681777541778599 -0.270364593838151
7.700752411454973 -0.270308762683360
7.719711416535381 -0.270253239227290
7.738654623966878 -0.270198020742313
7.757582100188970 -0.270143104570824
7.776493911140378 -0.270088488039993
7.795390122262545 -0.270034168583608
