1.000000000000000 1.346773688198506
1.413417225098815 1.346111642951253
1.458189746453687 1.325627042230624
1.502592109834544 1.306601834638734
1.546627165581358 1.288855971317798
1.590298607947549 1.272238886358039
1.633610851044053 1.256623731572349
1.676568905437346 1.241902892916553
1.719178262386208 1.227984473133006
1.761444789138727 1.214789509750846
1.803374636563260 1.202249757708840
1.844974159132298 1.190305909117612
1.886249846586576 1.178906154116610
1.927208266256755 1.168005009852579
1.967856014885849 1.157562361697558
2.008199678779345 1.147542673588197
2.048245801168448 1.137914333982471
2.088000855762276 1.128649111222852
2.127471225569098 1.119721697667946
2.166663186183220 1.111109326247805
2.205582892825638 1.102791446412819
2.244236370535991 1.094749449041947
2.282629506991727 1.086966431900823
2.320768047511038 1.079426998842343
2.358657591860956 1.072117087209525
2.396303592551139 1.065023818911617
2.433711354343851 1.058135371453848
2.470886034752175 1.051440865851989
2.507832645336087 1.044930268890036
2.544556053635894 1.038594307606487
2.581060985609920 1.032424394243968
2.617352028463221 1.026412560181655
2.653433633776006 1.020551397606156
2.689310120852676 1.014834007868934
2.724985680229043 1.009253955640386
2.760464377283378 1.003805228103047
2.795750155908685 0.998482198538816
2.830846842210684 0.993279593758135
2.865758148201621 0.988192464897111
2.900487675467583 0.983216161175452
2.935038918789838 0.978346306263279
2.969415269705316 0.973578776952563
3.003620019995308 0.968909683869454
3.037656365092650 0.964335353997667
3.071527407401053 0.959852314812829
3.105236159521757 0.955457279852848
3.138785547385534 0.951147135571374
3.172178413281706 0.946918929337823
3.205417518797886 0.942769858469966
3.238505547651536 0.938697260188851
3.271445108427697 0.934698602407913
3.304238737219152 0.930771475273001
3.336888900170203 0.926913583380612
3.369397995927998 0.923122738610410
3.401768358001391 0.919396853513889
3.434002257031567 0.915733935208418
3.466101902976224 0.912132079730585
3.498069447209759 0.908589466807729
3.529906984542924 0.905104355011006
3.561616555163676 0.901675077256627
3.593200146503093 0.898300036625773
3.624659695028467 0.894977702476164
3.655997087966296 0.891706606821048
3.687214164958037 0.888485340953744
3.718312719651322 0.885312552297934
3.749294501228612 0.882186941465556
3.780161215876860 0.879107259506246
3.810914528199280 0.876072305333168
3.841556062572738 0.873080923311986
3.872087404452402 0.870132001000540
3.902510101625839 0.867224467027964
3.932825665418388 0.864357289102942
3.963035571853234 0.861529472142007
3.993141262766144 0.858740056508848
4.023144146878340 0.855988116357094
4.053045600827732 0.853272758068996
4.082846970162461 0.850593118783846
4.112549570295934 0.847948365009471
4.142154687426680 0.845337691311567
4.171663579423624 0.842760319075480
4.201077476678289 0.840215495335658
4.230397582926988 0.837702491668711
4.259625076040354 0.835220603145167
4.288761108786501 0.832769147337185
4.317806809564526 0.830347463377793
4.346763283113183 0.827954911069178
4.375631611192339 0.825590870036290
4.404412853242038 0.823254738923745
4.433108047016109 0.820945934632613
4.461718209195020 0.818663891595416
4.490244335976851 0.816408061086700
4.518687403646457 0.814177910566929
4.547048369126662 0.811972923058332
4.575328170509256 0.809792596550311
4.603527727568102 0.807636443433000
4.631647942254637 0.805503989957328
4.659689699176963 0.803394775720166
4.687653866062131 0.801308353173014
4.715541294203903 0.799244287153204
4.743352818894518 0.797202154436053
4.771089259842461 0.795181543307077
4.798751421577711 0.793182053153341
4.826340093841704 0.791203294072410
4.853856051966211 0.789244886498571
4.881300057239415 0.787306460845067
4.908672857259818 0.785387657161571
4.935975186280053 0.783488124806357
4.963207765537985 0.781607522131966
4.990371303579393 0.779745516184280
5.017466496568849 0.777901782413775
5.044494028592086 0.776076004398783
5.071454571947812 0.774267873579819
5.098348787432351 0.772477089004902
5.125177324613314 0.770703357084709
5.151940822096830 0.768946391357736
5.178639907785779 0.767205912264560
5.205275199130075 0.765481646930893
5.231847303370274 0.763773328959164
5.258356817773572 0.762080698228054
5.284804329861926 0.760403500699558
5.311190417635556 0.758741488233651
5.337515649787474 0.757094418409571
5.363780585913418 0.755462054354002
5.389985776715846 0.753844164575643
5.416131764200182 0.752240522805581
5.442219081868369 0.750650907843913
5.468248254903693 0.749075103411465
5.494219800353410 0.747512898007267
5.520134227304107 0.745964084770825
5.545992037053065 0.744428461349405
5.571793723274707 0.742905829769961
5.597539772182571 0.741395996315572
5.623230662686828 0.739898771406161
5.648866866546912 0.738413969483256
5.674448848521254 0.736941408898864
5.699977066511286 0.735480911807908
5.725451971703504 0.734032304064552
5.750874008705810 0.732595415121759
5.776243615681779 0.731170077934402
5.801561224480539 0.729756128865477
5.826827260763572 0.728353407595447
5.852042144127714 0.726961757034499
5.877206288225470 0.725581023237712
5.902320100882504 0.724211055323007
5.927383984211030 0.722851705391589
5.952398334721219 0.721502828451057
5.977363543429690 0.720164282340926
6.002279995964346 0.718835927660401
6.027148072667937 0.717517627698564
6.051968148698065 0.716209248366635
6.076740594124995 0.714910658132352
6.101465774027022 0.713621727956377
6.126144048583479 0.712342331230637
6.150775773164880 0.711072343718483
6.175361298422999 0.709811643496897
6.199900970374968 0.708560110899996
6.224395130489624 0.707317628464730
6.248844115768037 0.706084080877744
6.273248258825125 0.704859354924171
6.297607887966403 0.703643339437587
6.321923327266539 0.702435925251838
6.346194896641844 0.701237005153795
6.370422911924608 0.700046473837869
6.394607684933464 0.698864227861581
6.418749523543557 0.697690165602560
6.442848731754125 0.696524187216662
6.466905609754335 0.695366194597240
6.490920453989518 0.694216091335777
6.514893557222582 0.693073782683253
6.538825208597896 0.691939175513005
6.562715693699677 0.690812178284177
6.586565294613089 0.689692701006606
6.610374289981238 0.688580655206379
6.634142955060814 0.687475953892312
6.657871561778394 0.686378511523546
6.681560378784580 0.685288243977906
6.705209671506304 0.684205068521051
6.728819702198297 0.683128903776477
6.752390729994139 0.682059669696378
6.775923010955399 0.680997287533206
6.799416798120397 0.679941679812040
6.822872341551061 0.678892770303588
6.846289888379271 0.677850483997948
6.869669682852547 0.676814747079069
6.893011966378099 0.675785486899814
6.916316977566493 0.674762631957707
6.939584952273826 0.673746111871245
6.962816123643243 0.672735857356835
6.986010722146944 0.671731800206437
7.009168975623845 0.670733873265440
7.032291109320831 0.669742010411508
7.055377345929571 0.668756146533609
7.078427905624650 0.667776217511759
7.101443006100248 0.666802160197206
7.124422862605826 0.665833912393068
7.147367687981728 0.664871412835510
7.170277692693565 0.663914601175330
7.193153084865768 0.662963417959979
7.215994070315269 0.662017804616080
7.238800852583209 0.661077703432256
7.261573632968266 0.660143057542570
7.284312610556309 0.659213810910073
7.307017982251673 0.658289908310961
7.329689942807199 0.657371295319031
7.352328684854022 0.656457918290538
7.374934398929362 0.655549724349277
7.397507273506379 0.654646661372246
7.420047495020321 0.653748677975359
7.442555247896850 0.652855723499724
7.465030714578781 0.651967747998147
7.487474075551253 0.651084702221848
7.509885509368938 0.650206537607700
7.532265192680080 0.649333206265524
7.554613300251714 0.648464660965812
7.576930004993827 0.647600855127677
7.599215477983975 0.646741742807147
7.621469888489194 0.645887278685525
7.643693403990752 0.645037418058291
7.665886190205187 0.644192116823965
7.688048411107560 0.643351331473436
7.710180228952339 0.642515019079362
7.732281804295626 0.641683137285944
7.754353296015413 0.640855644298794
7.776394861332987 0.640032498875143
7.798406655832284 0.639213660314122
7.820388833479959 0.638399088447344
7.842341546646233 0.637588743629775
7.864264946121609 0.636782586730495
7.886159181138510 0.635980579124073
7.908024399387478 0.635182682681725
7.929860747036775 0.634388859762942
7.951668368750050 0.633599073207175
7.973447407703601 0.632813286325683
7.995198005603637 0.632031462893568
8.016920302704028 0.631253567142049
8.038614437822144 0.630479563750756
8.060280548355857 0.629709417840301
8.081918770299291 0.628943094964925
8.103529238259103 0.628180561105357
8.125112085470406 0.627421782661807
8.146667443810752 0.626666726446981
8.168195443817089 0.625915359679470
8.189696214699357 0.625167649977050
8.211169884355897 0.624423565350258
8.232616579387418 0.623683074196017
8.254036425110447 0.622946145291355
8.275429545574003 0.622212747787519
8.296796063569339 0.621482851203696
8.318136100647397 0.620756425421447
8.339449777128801 0.620033440678721
8.360737212119361 0.619313867564397
8.381998523521968 0.618597677012691
8.403233828048688 0.617884840297698
8.424443241234988 0.617175329028204
8.445626877450056 0.616469115142340
8.466784849910448 0.615766170902578
8.487917270690890 0.615066468890644
8.509024250737069 0.614369982002676
8.530105899877153 0.613676683444400
8.551162326831538 0.612986546726275
8.572193639226379 0.612299545659027
8.593199943603091 0.611615654348974
8.614181345430094 0.610934847193624
8.635137949113366 0.610257098877270
8.656069858006484 0.609582384366654
8.676977174422142 0.608910678906817
8.697859999641770 0.608241958016907
8.718718433924737 0.607576197486044
8.739552576520856 0.606913373369504
8.760362525678612 0.606253461984679
8.781148378654056 0.605596439907176
8.801910231722138 0.604942283967157
8.822648180185475 0.604290971245580
8.843362318383907 0.603642479070574
8.864052739702528 0.602996785013777
8.884719536582837 0.602353866886972
8.905362800529929 0.601713702738509
8.925982622121975 0.601076270849965
8.946579091019453 0.600441549732849
8.967152295972648 0.599809518125261
8.987702324831455 0.599180154988764
9.008229264551904 0.598553439505110
9.028733201206970 0.597929351073309
9.049214219992397 0.597307869306429
9.069672405236302 0.596688974028704
9.090107840405961 0.596072645272522
9.110520608116948 0.595458863275617
9.130910790139598 0.594847608478150
9.151278467407895 0.594238861519993
9.171623720025371 0.593632603237888
9.191946627274980 0.593028814662902
9.212247267624218 0.592427477017635
9.232525718733708 0.591828571713699
9.252782057463715 0.591232080349119
9.273016359882007 0.590637984705860
9.293228701270298 0.590046266747321
9.313419156130768 0.589456908615871
9.333587798194094 0.588869892630542
9.353734700425658 0.588285201284633
9.373859935032053 0.587702817243389
9.393963573468341 0.587122723341771
9.414045686443378 0.586544902582142
9.434106343927219 0.585969338132125
9.454145615158216 0.585396013322490
9.474163568647269 0.584824911644893
9.494160272186507 0.584256016749939
9.514135792853363 0.583689312444992
9.534090197018152 0.583124782692242
9.554023550349296 0.582562411606664
9.573935917819885 0.582002183454096
9.593827363713256 0.581444082649288
9.613697951628462 0.580888093753986
9.633547744487185 0.580334201475132
9.653376804538619 0.579782390662980
9.673185193364901 0.579232646309275
9.692972971888022 0.578684953545553
9.712740200373426 0.578139297641275
9.732486938437763 0.577595664002241
9.752213245052234 0.577054038168771
9.771919178549400 0.576514405814124
9.791604796627917 0.575976752742819
9.811270156357766 0.575441064889018
9.830915314185980 0.574907328314969
9.850540325941246 0.574375529209402
9.870145246838868 0.573845653885981
9.889730131487489 0.573317688781883
9.909295033891482 0.572791620456155
9.928840007457943 0.572267435588354
9.948365105001020 0.571745120977070
9.967870378746538 0.571224663538484
9.987355880337004 0.570706050304972
10.006821660837021 0.570189268423762
10.026267770736528 0.569674305155484
10.045694259957269 0.569161147872933
10.065101177855482 0.568649784059632
10.084488573229448 0.568140201308701
10.103856494320475 0.567632387321375
10.123204988819975 0.567126329905881
10.142534103873590 0.566622016976178
10.161843886084162 0.566119436550650
10.181134381518316 0.565618576751018
10.200405635709314 0.565119425801070
10.219657693661654 0.564621972025506
10.238890599855447 0.564126203848785
10.258104398251405 0.563632109794033
10.277299132293850 0.563139678481855
10.296474844915970 0.562648898629288
10.315631578542767 0.562159759048652
10.334769375096661 0.561672248646558
10.353888276000220 0.561186356422776
10.372988322181332 0.560702071469261
10.392069554076565 0.560219382969087
10.411132011634752 0.559738280195417
10.430175734322400 0.559258752510584
10.449200761126107 0.558780789365033
10.468207130556985 0.558304380296373
10.487194880654751 0.557829514928444
10.506164048991602 0.557356182970377
10.525114672675658 0.556884374215643
10.544046788354573 0.556414078541138
10.562960432220404 0.555945285906337
10.581855640011470 0.555477986352308
10.600732447017799 0.555012170000932
10.619590888083801 0.554547827053984
10.638430997612280 0.554084947792306
10.657252809567931 0.553623522574957
10.676056357480924 0.553163541838390
10.694841674450162 0.552704996095616
10.713608793147483 0.552247875935437
10.732357745820714 0.551792172021631
10.751088564296900 0.551337875092149
10.769801279986552 0.550884975958391
10.788495923885911 0.550433465504383
10.807172526581770 0.549983334686095
10.825831118253600 0.549534574530640
10.844471728677727 0.549087176135581
10.863094387229806 0.548641130668172
10.881699122889398 0.548196429364705
10.900285964242206 0.547753063529759
10.918854939482816 0.547311024535480
10.937406076420856 0.546870303821043
10.955939402480146 0.546430892891778
10.974454944704849 0.545992783318649
10.992952729761191 0.545555966737528
11.011432783941773 0.545120434848603
11.029895133167495 0.544686179415679
11.048339802991558 0.544253192265594
11.066766818601945 0.543821465287565
11.085176204825180 0.543390990432607
11.103567986128434 0.542961759712882
11.121942186623805 0.542533765201161
11.140298830070133 0.542106999030177
11.158637939876495 0.541681453392063
11.176959539105768 0.541257120537809
11.195263650476070 0.540833992776622
11.213550296365685 0.540412062475455
11.231819498814223 0.539991322058376
11.250071279526717 0.539571764006078
11.268305659875486 0.539153380855286
11.286522660904524 0.538736165198307
11.304722303330294 0.538320109682395
11.322904607546235 0.537905207009322
11.341069593625276 0.537491449934847
11.359217281321687 0.537078831268165
11.377347690075201 0.536667343871472
11.395460839012792 0.536256980659426
11.413556746951798 0.535847734598676
11.431635432403123 0.535439598707406
11.449696913572568 0.535032566054793
11.467741208364988 0.534626629760605
11.485768334386631 0.534221782994727
11.503778308947345 0.533818018976675
11.521771149063071 0.533415330975142
11.539746871459691 0.533013712307607
11.557705492574497 0.532613156339839
11.575647028559352 0.532213656485487
11.593571495282841 0.531815206205635
11.611478908333345 0.531417799008391
11.629369283021468 0.531021428448469
11.647242634382041 0.530626088126744
11.665098977177919 0.530231771689905
11.682938325901706 0.529838472830009
11.700760694777271 0.529446185284039
11.718566097764155 0.529054902833596
11.736354548559184 0.528664619304468
11.754126060598621 0.528275328566230
11.771880647060986 0.527887024531883
11.789618320869403 0.527499701157468
11.807339094694907 0.527113352441737
11.825042980956583 0.526727972425683
11.842729991826243 0.526343555192277
11.860400139230116 0.525960094866081
11.878053434850537 0.525577585612856
11.895689890130134 0.525196021639299
11.913309516271056 0.524815397192557
11.930912324240452 0.524435706560020
11.948498324771554 0.524056944068928
11.966067528364896 0.523679104085991
11.983619945293565 0.523302181017186
12.001155585602039 0.522926169307278
12.018674459110303 0.522551063439578
12.036176575416166 0.522176857935625
12.053661943897270 0.521803547354860
12.071130573713244 0.521431126294309
12.088582473807609 0.521059589388259
12.106017652911007 0.520688931308000
12.123436119541731 0.520319146761448
12.140837882010235 0.519950230492944
12.158222948419059 0.519582177282866
12.175591326666366 0.519214981947393
12.192943024447203 0.518848639338179
12.210278049257770 0.518483144342156
12.227596408393294 0.518118491881072
12.244898108955395 0.517754676911433
12.262183157850160 0.517391694424057
12.279451561791843 0.517029539443867
12.296703327305570 0.516668207029646
12.313938460727558 0.516307692273692
12.331156968209564 0.515947990301655
12.348358855718685 0.515589096272179
12.365544129040901 0.515231005376704
12.382712793782259 0.514873712839179
12.399864855372210 0.514517213915859
12.417000319063268 0.514161503894959
12.434119189935771 0.513806578096519
12.451221472898094 0.513452431872086
12.468307172688203 0.513099060604453
12.485376293878607 0.512746459707540
12.502428840874002 0.512394624625984
12.519464817916987 0.512043550835050
12.536484229087627 0.511693233840311
12.553487078306981 0.511343669177474
12.570473369337952 0.510994852412112
12.587443105787635 0.510646779139458
12.604396291109069 0.510299444984173
12.621332928602904 0.509952845600117
12.638253021420347 0.509606976670175
12.655156572564344 0.509261833906010
12.672043584889805 0.508917413047783
12.688914061109433 0.508573709864105
12.705768003791523 0.508230720151661
12.722605415363969 0.507888439735089
12.739426298115619 0.507546864466758
12.756230654197818 0.507205990226553
12.773018485627439 0.506865812921724
12.789789794286220 0.506526328486583
12.806544581924761 0.506187532882402
12.823282850164246 0.505849422097209
12.840004600496508 0.505511992145532
12.856709834287546 0.505175239068273
12.873398552777848 0.504839158932465
12.890070757086306 0.504503747831167
12.906726448208454 0.504169001883143
12.923365627021713 0.503834917232815
12.939988294285261 0.503501490050010
12.956594450642159 0.503168716529793
12.973184096620864 0.502836592892282
12.989757232637016 0.502505115382476
13.006313858995428 0.502174280270094
13.022853975890476 0.501844083849344
13.039377583410815 0.501514522438878
13.055884681537018 0.501185592381459
13.072375270145921 0.500857290043905
13.088849349011614 0.500529611816888
13.105306917806198 0.500202554114740
13.121747976103457 0.499876113375370
13.138172523378509 0.499550286060019
13.154580559009577 0.499225068653115
13.170972082280848 0.498900457662153
13.187347092381668 0.498576449617454
13.203705588412848 0.498253041072183
13.220047569381984 0.497930228601958
13.236373034209350 0.497608008804863
13.252681981727875 0.497286378301234
13.268974410685814 0.496965333733551
13.285250319746572 0.496644871766227
13.301509707491268 0.496324989085495
13.317752572420181 0.496005682399262
13.333978912954331 0.495686948436964
13.350188727436635 0.495368783949411
13.366382014133487 0.495051185708648
13.382558771235701 0.494734150507789
13.398718996861891 0.494417675160955
13.414862689057230 0.494101756503029
13.430989845797550 0.493786391389616
13.447100464988125 0.493471576696812
13.463194544467399 0.493157309321150
13.479272082007082 0.492843586179418
13.495333075314393 0.492530404208554
13.511377522032074 0.492217760365467
13.527405419741829 0.491905651626976
13.543416765963732 0.491594074989609
13.559411558159947 0.491283027469563
13.575389793732015 0.490972506102424
13.591351470027435 0.490662507943229
13.607296584336678 0.490353030066187
13.623225133898204 0.490044069564684
13.639137115895515 0.489735623551006
13.655032527462412 0.489427689156359
13.670911365682045 0.489120263530663
13.686773627589792 0.488813343842493
13.702619310172608 0.488506927278881
13.718448410371760 0.488201011045258
13.734260925084484 0.487895592365346
13.750056851163309 0.487590668480968
13.765836185419719 0.487286236652025
13.781598924623619 0.486982294156312
13.797345065504896 0.486678838289414
13.813074604756292 0.486375866364658
13.828787539031614 0.486073375712886
13.844483864950332 0.485771363682468
13.860163579096156 0.485469827639095
13.875826678019253 0.485168764965708
13.891473158237892 0.484868173062405
13.907103016238892 0.484568049346303
13.922716248479766 0.484268391251470
13.938312851388414 0.483969196228764
13.953892821365301 0.483670461745764
13.969456154785032 0.483372185286679
13.985002847996203 0.483074364352200
14.000532897323913 0.482776996459445
14.016046299069860 0.482480079141820
14.031543049514349 0.482183609948947
14.047023144916229 0.481887586446526
14.062486581515421 0.481592006216281
14.077933355533123 0.481296866855833
14.093363463173182 0.481002165978607
14.108776900622788 0.480707901213724
14.124173664054137 0.480414070205923
14.139553749626005 0.480120670615484
14.154917153482845 0.479827700118063
14.170263871758159 0.479535156404675
14.185593900573766 0.479243037181546
14.200907236042132 0.478951340170055
14.216203874266192 0.478660063106606
14.231483811341956 0.478369203742587
14.246747043357997 0.478078759844228
14.261993566397074 0.477788729192532
14.277223376537655 0.477499109583199
14.292436469853635 0.477209898826499
14.307632842417172 0.476921094747239
14.322812490297331 0.476632695184603
14.337975409563532 0.476344697992144
14.353121596284728 0.476057101037636
14.368251046531089 0.475769902203016
14.383363756374594 0.475483099384284
14.398459721891347 0.475196690491464
14.413538939159405 0.474910673448415
14.428601404263603 0.474625046192882
14.443647113293592 0.474339806676308
14.458676062346008 0.474054952863804
14.473688247524917 0.473770482734040
14.488683664943283 0.473486394279192
14.503662310723085 0.473202685504831
14.518624180996929 0.472919354429867
14.533569271908391 0.472636399086452
14.548497579613651 0.472353817519924
14.563409100280948 0.472071607788686
14.578303830093038 0.471789767964176
14.593181765246710 0.471508296130750
14.608042901955216 0.471227190385652
14.622887236446530 0.470946448838858
14.637714764967310 0.470666069613097
14.652525483781778 0.470386050843717
14.667319389172230 0.470106390678597
14.682096477441675 0.469827087278134
14.696856744912282 0.469548138815089
14.711600187928680 0.469269543474599
14.726326802856356 0.468991299454024
14.741036586084354 0.468713404962937
14.755729534024500 0.468435858223000
14.770405643113669 0.468158657467945
14.785064909813499 0.467881800943465
14.799707330610788 0.467605286907134
14.814332902020016 0.467329113628392
14.828941620581805 0.467053279388403
14.843533482866011 0.466777782480063
14.858108485469433 0.466502621207831
14.872666625020235 0.466227793887782
14.887207898175433 0.465953298847431
14.901732301623765 0.465679134425743
14.916239832084415 0.465405298972993
14.930730486309399 0.465131790850760
14.945204261084271 0.464858608431859
14.959661153227275 0.464585750100226
14.974101159591127 0.464313214250888
14.988524277063295 0.464040999289885
15.002930502567397 0.463769103634232
15.017319833062578 0.463497525711808
15.031692265544919 0.463226263961323
15.046047797048665 0.462955316832267
15.060386424644976 0.462684682784792
15.074708145445410 0.462414360289736
15.089012956599031 0.462144347828454
15.103300855295739 0.461874643892836
15.117571838766521 0.461605246985237
15.131825904282087 0.461336155618356
15.146063049156250 0.461067368315259
15.160283270744461 0.460798883609254
15.174486566444667 0.460530700043844
15.188672933699163 0.460262816172702
15.202842369993931 0.459995230559574
15.216994872858697 0.459727941778208
15.231130439869764 0.459460948412361
15.245249068647723 0.459194249055654
15.259350756859982 0.458927842311578
15.273435502220774 0.458661726793417
15.287503302491162 0.458395901124173
15.301554155480217 0.458130363936533
15.315588059044886 0.457865113872792
15.329605011091688 0.457600149584827
15.343605009575572 0.457335469733996
15.357588052501562 0.457071072991118
15.371554137925168 0.456806958036409
15.385503263951810 0.456543123559401
15.399435428738711 0.456279568258925
15.413350630495417 0.456016290843060
15.427248867481282 0.455753290028989
15.441130138011092 0.455490564543100
15.454994440450795 0.455228113120789
15.468841773219985 0.454965934506470
15.482672134792788 0.454704027453533
15.496485523697427 0.454442390724265
15.510281938516320 0.454181023089790
15.524061377887165 0.453919923330034
15.537823840504176 0.453659090233699
15.551569325116393 0.453398522598146
15.565297830530058 0.453138219229405
15.579009355607758 0.452878178942086
15.592703899268711 0.452618400559324
15.606381460490967 0.452358882912782
15.620042038309201 0.452099624842524
15.633685631817892 0.451840625197049
15.647312240167915 0.451581882833129
15.660921862571413 0.451323396615891
15.674514498298608 0.451065165418665
15.688090146679889 0.450807188122985
15.701648807105762 0.450549463618530
15.715190479026669 0.450291990803056
15.728715161954479 0.450034768582389
15.742222855460971 0.449777795870313
15.755713559180846 0.449521071588612
15.769187272809420 0.449264594666935
15.782643996104225 0.449008364042794
15.796083728885563 0.448752378661522
15.809506471035162 0.448496637476175
15.822912222498941 0.448241139447562
15.836300983285680 0.447985883544149
15.849672753467038 0.447730868742007
15.863027533178840 0.447476094024791
15.876365322621121 0.447221558383694
15.889686122058134 0.446967260817388
15.902989931818626 0.446713200331984
15.916276752295577 0.446459375940970
15.929546583947468 0.446205786665195
15.942799427298372 0.445952431532822
15.956035282938213 0.445699309579280
15.969254151521804 0.445446419847191
15.982456033770093 0.445193761386354
15.995640930470765 0.444941333253707
16.008808842477777 0.444689134513272
16.021959770711543 0.444437164236104
16.035093716159192 0.444185421500255
16.048210679876050 0.443933905390762
16.061310662983818 0.443682614999553
16.074393666671121 0.443431549425410
16.087459692195996 0.443180707773994
16.100508740882958 0.442930089157715
16.113540814124768 0.442679692695735
16.126555913382983 0.442429517513936
16.139554040187090 0.442179562744852
16.152535196135364 0.441929827527643
16.165499382894680 0.441680311008051
16.178446602201273 0.441431012338370
16.191376855859009 0.441181930677357
16.204290145743862 0.440933065190309
16.217186473797543 0.440684415048846
16.230065842033635 0.440435979431035
16.242928252534394 0.440187757521257
16.255773707452857 0.439939748510226
16.268602209011352 0.439691951594901
16.281413759501060 0.439444365978436
16.294208361285133 0.439196990870219
16.306986016796284 0.438949825485768
16.319746728536721 0.438702869046686
16.332490499080397 0.438456120780682
16.345217331071588 0.438209579921490
16.357927227224394 0.437963245708819
16.370620190324026 0.437717117388343
16.383296223227195 0.437471194211674
16.395955328860939 0.437225475436292
16.408597510223338 0.436979960325522
16.421222770383263 0.436734648148491
16.433831112481776 0.436489538180127
16.446422539729820 0.436244629701056
16.458997055410208 0.435999921997621
16.471554662877743 0.435755414361845
16.484095365557572 0.435511106091349
16.496619166946846 0.435266996489363
16.509126070614411 0.435023084864675
16.521616080199461 0.434779370531565
16.534089199414595 0.434535852809845
16.546545432042450 0.434292531024736
16.558984781938818 0.434049404506915
16.571407253029271 0.433806472592389
16.583812849312473 0.433563734622548
16.596201574858512 0.433321189944086
16.608573433809902 0.433078837908993
16.620928430378772 0.432836677874447
16.633266568851379 0.432594709202897
16.645587853584843 0.432352931261944
16.657892289007609 0.432111343424322
16.670179879620207 0.431869945067881
16.682450629995262 0.431628735575557
16.694704544777156 0.431387714335327
16.706941628681676 0.431146880740172
16.719161886496678 0.430906234188059
16.731365323080979 0.430665774081878
16.743551943366136 0.430425499829464
16.755721752354827 0.430185410843513
16.767874755121547 0.429945506541578
16.780010956811847 0.429705786346014
16.792130362644059 0.429466249683991
16.804232977906977 0.429226895987407
16.816318807961398 0.428987724692893
16.828387858239271 0.428748735241765
16.840440134244172 0.428509927080004
16.852475641551123 0.428271299658224
16.864494385806289 0.428032852431632
16.876496372727313 0.427794584860008
16.888481608102918 0.427556496407669
16.900450097791989 0.427318586543413
16.912401847726038 0.427080854740556
16.924336863907328 0.426843300476856
16.936255152408048 0.426605923234460
16.948156719371596 0.426368722499914
16.960041571012756 0.426131697764140
16.971909713616817 0.425894848522379
16.983761153538662 0.425658174274152
16.995595897205394 0.425421674523289
17.007413951112905 0.425185348777823
17.019215321828472 0.424949196550024
17.031000015988891 0.424713217356331
17.042768040302303 0.424477410717367
17.054519401545342 0.424241776157844
17.066254106565509 0.424006313206597
17.077972162279643 0.423771021396517
17.089673575675473 0.423535900264572
17.101358353808752 0.423300949351702
17.113026503805859 0.423066168202864
17.124678032861798 0.422831556366958
17.136312948241414 0.422597113396829
17.147931257278334 0.422362838849220
17.159532967375874 0.422128732284769
17.171118086004970 0.421894793267935
17.182686620706395 0.421661021367028
17.194238579089888 0.421427416154164
17.205773968832570 0.421193977205204
17.217292797679935 0.420960704099754
17.228795073447060 0.420727596421174
17.240280804015555 0.420494653756477
17.251749997335633 0.420261875696361
17.263202661425819 0.420029261835178
17.274638804372177 0.419796811770891
17.286058434326492 0.419564525105012
17.297461559510868 0.419332401442688
17.308848188212192 0.419100440392547
17.320218328785675 0.418868641566764
17.331571989652851 0.418637004580987
17.342909179301479 0.418405529054318
17.354229906287831 0.418174214609345
17.365534179232185 0.417943060872014
17.376822006822760 0.417712067471701
17.388093397813140 0.417481234041132
17.399348361022774 0.417250560216373
17.410586905336832 0.417020045636810
17.421809039707252 0.416789689945150
17.433014773148280 0.416559492787295
17.444204114743094 0.416329453812484
17.455377073637120 0.416099572673114
17.466533659042273 0.415869849024816
17.477673880234054 0.415640282526375
17.488797746553068 0.415410872839740
17.499905267403879 0.415181619629985
17.510996452255206 0.414952522565289
17.522071310640101 0.414723581316925
17.533129852154353 0.414494795559205
17.544172086458403 0.414266164969502
17.555198023274556 0.414037689228173
17.566207672390302 0.413809368018617
17.577201043654302 0.413581201027160
17.588178146978287 0.413353187943085
17.599138992337863 0.413125328458635
17.610083589768450 0.412897622268897
17.621011949369866 0.412670069071894
17.631924081301964 0.412442668568467
17.642819995788649 0.412215420462352
17.653699703112558 0.411988324460036
17.664563213620639 0.411761380270877
17.675410537717820 0.411534587606934
17.686241685871686 0.411307946183062
17.697056668610497 0.411081455716852
17.707855496522232 0.410855115928590
17.718638180255372 0.410628926541260
17.729404730518805 0.410402887280528
17.740155158079649 0.410176997874674
17.750889473766787 0.409951258054660
17.761607688466970 0.409725667554025
17.772309813126586 0.409500226108907
17.782995858749835 0.409274933457994
17.793665836401779 0.409049789342570
17.804319757203576 0.408824793506397
17.814957632336125 0.408599945695783
17.825579473037052 0.408375245659497
17.836185290602824 0.408150693148806
17.846775096386921 0.407926287917415
17.857348901799842 0.407702029721458
17.867906718309808 0.407477918319494
17.878448557441100 0.407253953472462
17.888974430774116 0.407030134943666
17.899484349947592 0.406806462498809
17.909978326654961 0.406582935905901
17.920456372644615 0.406359554935252
17.930918499721777 0.406136319359497
17.941364719747231 0.405913228953557
17.951795044636558 0.405690283494612
17.962209486359551 0.405467482762067
17.972608056941237 0.405244826537570
17.982990768461278 0.405022314604984
17.993357633052803 0.404799946750344
18.003708662903264 0.404577722761871
18.014043870253591 0.404355642429935
18.024363267398321 0.404133705547048
18.034666866685505 0.403911911907850
18.044954680514401 0.403690261309047
18.055226721339011 0.403468753549475
18.065483001664607 0.403247388430014
18.075723534048713 0.403026165753595
18.085948331100877 0.402805085325186
18.096157405482479 0.402584146951779
18.106350769906008 0.402363350442356
18.116528437134903 0.402142695607878
18.126690419984246 0.401922182261291
18.136836731319171 0.401701810217479
18.146967384054705 0.401481579293246
18.157082391156887 0.401261489307335
18.167181765641338 0.401041540080383
18.177265520572867 0.400821731434903
18.187333669065872 0.400602063195283
18.197386224284159 0.400382535187770
18.207423199440576 0.400163147240452
18.217444607794871 0.399943899183202
18.227450462656883 0.399724790847739
18.237440777383881 0.399505822067555
18.247415565380564 0.399286992677912
18.257374840100379 0.399068302515855
18.267318615042168 0.398849751420135
18.277246903752911 0.398631339231252
18.287159719825802 0.398413065791412
18.297057076901364 0.398194930944535
18.306938988665461 0.397976934536206
18.316805468850436 0.397759076413690
18.326656531233720 0.397541356425894
18.336492189638779 0.397323774423375
18.346312457934083 0.397106330258313
18.356117350032317 0.396889023784483
18.365906879891451 0.396671854857267
18.375681061513664 0.396454823333628
18.385439908945479 0.396237929072101
18.395183436276735 0.396021171932761
18.404911657641282 0.395804551777232
18.414624587215584 0.395588068468648
18.424322239219716 0.395371721871668
18.434004627916387 0.395155511852441
18.443671767610560 0.394939438278599
18.453323672650612 0.394723501019264
18.462960357424024 0.394507699944958
18.472581836363560 0.394292034927717
18.482188123940603 0.394076505840951
18.491779234668854 0.393861112559507
18.501355183103495 0.393645854959649
18.510915983838427 0.393430732918989
18.520461651510175 0.393215746316564
18.529992200793281 0.393000895032731
18.539507646403742 0.392786178949232
18.549008003095800 0.392571597949117
18.558493285664273 0.392357151916792
18.567963508941588 0.392142840737943
18.577418687800193 0.391928664299582
18.586858837150263 0.391714622489995
18.596283971940295 0.391500715198743
18.605694107156715 0.391286942316650
18.615089257823890 0.391073303735796
18.624469439003040 0.390859799349487
18.633834665793110 0.390646429052266
18.643184953329801 0.390433192739891
18.652520316784944 0.390220090309308
18.661840771367196 0.390007121658667
18.671146332321495 0.389794286687296
18.680437014927808 0.389581585295679
18.689712834501908 0.389369017385456
18.698973806395443 0.389156582859427
18.708219945994550 0.388944281621508
18.717451268719977 0.388732113576739
18.726667790027282 0.388520078631271
18.735869525405782 0.388308176692348
18.745056490379234 0.388096407668307
18.754228700505070 0.387884771468564
18.763386171373376 0.387673268003582
18.772528918608472 0.387461897184901
18.781656957866918 0.387250658925091
18.790770304838045 0.387039553137756
18.799868975243580 0.386828579737522
18.808952984836932 0.386617738640019
18.818022349403826 0.386407029761886
18.827077084761388 0.386196453020746
18.836117206758022 0.385986008335205
18.845142731273533 0.385775695624842
18.854153674217130 0.385565514810166
18.863150051531463 0.385355465812696
18.872131879186128 0.385145548554819
18.881099173181958 0.384935762959877
18.890051949550266 0.384726108952144
18.898990224351127 0.384516586456788
18.907914013674482 0.384307195399888
18.916823333637971 0.384097935708385
18.925718200388872 0.383888807310119
18.934598630103153 0.383679810133802
18.943464638983489 0.383470944108977
18.952316243262473 0.383262209166076
18.961153459199050 0.383053605236344
18.969976303079527 0.382845132251857
18.978784791218711 0.382636790145539
18.987578939956290 0.382428578851083
18.996358765659689 0.382220498303012
19.005124284722839 0.382012548436640
19.013875513566148 0.381804729188075
19.022612468634414 0.381597040494171
19.031335166399455 0.381389482292574
19.040043623358162 0.381182054521685
19.048737856031373 0.380974757120627
