-0.039374672790622 1.413417225098815
-1.265171934430683 1.458189746453687
-1.190556429420424 1.502592109834544
-1.124454278836614 1.546627165581358
-1.065553971308160 1.590298607947549
-1.012785635766123 1.633610851044053
-0.965270465871123 1.676568905437346
-0.922281857949118 1.719178262386208
-0.883215305722396 1.761444789138727
-0.847564900899524 1.803374636563260
-0.814904858853141 1.844974159132298
-0.784874896588960 1.886249846586576
-0.757168585701350 1.927208266256755
-0.731524018417718 1.967856014885849
-0.707716284030314 2.008199678779345
-0.685551370848528 2.048245801168448
-0.664861197360413 2.088000855762276
-0.645499542972533 2.127471225569098
-0.627338698901058 2.166663186183220
-0.610266699265545 2.205582892825638
-0.594185021100276 2.244236370535991
-0.579006665823341 2.282629506991727
-0.564654552068212 2.320768047511038
-0.551060163969964 2.358657591860956
-0.538162409836166 2.396303592551139
-0.525906654821914 2.433711354343851
-0.514243898135391 2.470886034752175
-0.503130070680448 2.507832645336087
-0.492525433500634 2.544556053635894
-0.482394060825559 2.581060985609920
-0.472703394475363 2.617352028463221
-0.463423858497451 2.653433633776006
-0.454528524999517 2.689310120852676
-0.445992823446447 2.724985680229043
-0.437794287144721 2.760464377283378
-0.429912331494411 2.795750155908685
-0.422328059538425 2.830846842210684
-0.415024091039942 2.865758148201621
-0.407984411818502 2.900487675467583
-0.401194240668994 2.935038918789838
-0.394639911521989 2.969415269705316
-0.388308768844339 3.003620019995308
-0.382189074626336 3.037656365092650
-0.376269925468657 3.071527407401053
-0.370541178526654 3.105236159521757
-0.364993385199735 3.138785547385534
-0.359617731831052 3.172178413281706
-0.354405986062278 3.205417518797886
-0.349350449014723 3.238505547651536
-0.344443911834951 3.271445108427697
-0.339679616561452 3.304238737219152
-0.335051220726799 3.336888900170203
-0.330552765228743 3.369397995927998
-0.326178645218003 3.401768358001391
-0.321923583587186 3.434002257031567
-0.317782606849029 3.466101902976224
-0.313751023144115 3.498069447209759
-0.309824402140322 3.529906984542924
-0.305998556674153 3.561616555163676
-0.302269525913839 3.593200146503093
-0.298633559934596 3.624659695028467
-0.295087105555979 3.655997087966296
-0.291626793318451 3.687214164958037
-0.288249425493096 3.718312719651322
-0.284951965045955 3.749294501228612
-0.281731525432020 3.780161215876860
-0.278585361196302 3.810914528199280
-0.275510859258840 3.841556062572738
-0.272505530858798 3.872087404452402
-0.269567004090390 3.902510101625839
-0.266693016983989 3.932825665418388
-0.263881411053105 3.963035571853234
-0.261130125336895 3.993141262766144
-0.258437190824596 4.023144146878340
-0.255800725295723 4.053045600827732
-0.253218928465907 4.082846970162461
-0.250690077507047 4.112549570295934
-0.248212522830575 4.142154687426680
-0.245784684164071 4.171663579423624
-0.243405046881409 4.201077476678289
-0.241072158534766 4.230397582926988
-0.238784625681837 4.259625076040354
-0.236541110816419 4.288761108786501
-0.234340329573195 4.317806809564526
-0.232181048034714 4.346763283113183
-0.230062080265666 4.375631611192339
-0.227982285925708 4.404412853242038
-0.225940568097128 4.433108047016109
-0.223935871172497 4.461718209195020
-0.221967178900906 4.490244335976851
-0.220033512560739 4.518687403646457
-0.218133929182781 4.547048369126662
-0.216267519926221 4.575328170509256
-0.214433408518246 4.603527727568102
-0.212630749786711 4.631647942254637
-0.210858728264501 4.659689699176963
-0.209116556887138 4.687653866062131
-0.207403475731984 4.715541294203903
-0.205718750859213 4.743352818894518
-0.204061673189995 4.771089259842461
-0.202431557426953 4.798751421577711
-0.200827741085285 4.826340093841704
-0.199249583512345 4.853856051966211
-0.197696464992355 4.881300057239415
-0.196167785893631 4.908672857259818
-0.194662965831488 4.935975186280053
-0.193181442921174 4.963207765537985
-0.191722673005210 4.990371303579393
-0.190286128977737 5.017466496568849
-0.188871300095388 5.044494028592086
-0.187477691358411 5.071454571947812
-0.186104822873094 5.098348787432351
-0.184752229308986 5.125177324613314
-0.183419459314776 5.151940822096830
-0.182106075005937 5.178639907785779
-0.180811651463745 5.205275199130075
-0.179535776241358 5.231847303370274
-0.178278048910880 5.258356817773572
-0.177038080637748 5.284804329861926
-0.175815493728996 5.311190417635556
-0.174609921269802 5.337515649787474
-0.173421006713850 5.363780585913418
-0.172248403514565 5.389985776715846
-0.171091774801892 5.416131764200182
-0.169950793001220 5.442219081868369
-0.168825139559614 5.468248254903693
-0.167714504590850 5.494219800353410
-0.166618586611720 5.520134227304107
-0.165537092243398 5.545992037053065
-0.164469735941873 5.571793723274707
-0.163416239734131 5.597539772182571
-0.162376332967415 5.623230662686828
-0.161349752076558 5.648866866546912
-0.160336240334391 5.674448848521254
-0.159335547653714 5.699977066511286
-0.158347430345667 5.725451971703504
-0.157371650942273 5.750874008705810
-0.156407977976385 5.776243615681779
-0.155456185804019 5.801561224480539
-0.154516054416879 5.826827260763572
-0.153587369273055 5.852042144127714
-0.152669921120845 5.877206288225470
-0.151763505831637 5.902320100882504
-0.150867924258400 5.927383984211030
-0.149982982071253 5.952398334721219
-0.149108489613367 5.977363543429690
-0.148244261772921 6.002279995964346
-0.147390117829075 6.027148072667937
-0.146545881334833 6.051968148698065
-0.145711379987144 6.076740594124995
-0.144886445505687 6.101465774027022
-0.144070913516059 6.126144048583479
-0.143264623444306 6.150775773164880
-0.142467418379755 6.175361298422999
-0.141679145019906 6.199900970374968
-0.140899653511882 6.224395130489624
-0.140128797403822 6.248844115768037
-0.139366433510351 6.273248258825125
-0.138612421858991 6.297607887966403
-0.137866625554365 6.321923327266539
-0.137128910747380 6.346194896641844
-0.136399146506147 6.370422911924608
-0.135677204765087 6.394607684933464
-0.134962960228604 6.418749523543557
-0.134256290308811 6.442848731754125
-0.133557075055021 6.466905609754335
-0.132865197059733 6.490920453989518
-0.132180541432242 6.514893557222582
-0.131502995684253 6.538825208597896
-0.130832449717065 6.562715693699677
-0.130168795709430 6.586565294613089
-0.129511928092200 6.610374289981238
-0.128861743491139 6.634142955060814
-0.128218140647077 6.657871561778394
-0.127581020373554 6.681560378784580
-0.126950285511802 6.705209671506304
-0.126325840875370 6.728819702198297
-0.125707593192613 6.752390729994139
-0.125095451067764 6.775923010955399
-0.124489324926707 6.799416798120397
-0.123889126981644 6.822872341551061
-0.123294771181290 6.846289888379271
-0.122706173164520 6.869669682852547
-0.122123250226791 6.893011966378099
-0.121545921273786 6.916316977566493
-0.120974106788912 6.939584952273826
-0.120407728792959 6.962816123643243
-0.119846710791480 6.986010722146944
-0.119290977779653 7.009168975623845
-0.118740456156588 7.032291109320831
-0.118195073733538 7.055377345929571
-0.117654759676896 7.078427905624650
-0.117119444484384 7.101443006100248
-0.116589059956915 7.124422862605826
-0.116063539161039 7.147367687981728
-0.115542816405758 7.170277692693565
-0.115026827215373 7.193153084865768
-0.114515508292897 7.215994070315269
-0.114008797507887 7.238800852583209
-0.113506633844974 7.261573632968266
-0.113008957412395 7.284312610556309
-0.112515709392201 7.307017982251673
-0.112026832023411 7.329689942807199
-0.111542268574810 7.352328684854022
-0.111061963337708 7.374934398929362
-0.110585861574996 7.397507273506379
-0.110113909534237 7.420047495020321
-0.109646054396646 7.442555247896850
-0.109182244268662 7.465030714578781
-0.108722428172964 7.487474075551253
-0.108266556001968 7.509885509368938
-0.107814578527546 7.532265192680080
-0.107366447364871 7.554613300251714
-0.106922114960800 7.576930004993827
-0.106481534566414 7.599215477983975
-0.106044660244380 7.621469888489194
-0.105611446817081 7.643693403990752
-0.105181849885444 7.665886190205187
-0.104755825785419 7.688048411107560
-0.104333331592856 7.710180228952339
-0.103914325090513 7.732281804295626
-0.103498764769745 7.754353296015413
-0.103086609800340 7.776394861332987
-0.102677820033963 7.798406655832284
-0.102272355979179 7.820388833479959
-0.101870178776808 7.842341546646233
-0.101471250225461 7.864264946121609
-0.101075532715218 7.886159181138510
-0.100682989267362 7.908024399387478
-0.100293583484158 7.929860747036775
-0.099907279553813 7.951668368750050
-0.099524042239505 7.973447407703601
-0.099143836865490 7.995198005603637
-0.098766629297863 8.016920302704028
-0.098392385950226 8.038614437822144
-0.098021073758851 8.060280548355857
-0.097652660181922 8.081918770299291
-0.097287113181610 8.103529238259103
-0.096924401215400 8.125112085470406
-0.096564493242807 8.146667443810752
-0.096207358684540 8.168195443817089
-0.095852967443676 8.189696214699357
-0.095501289876716 8.211169884355897
-0.095152296796775 8.232616579387418
-0.094805959467486 8.254036425110447
-0.094462249561193 8.275429545574003
-0.094121139216182 8.296796063569339
-0.093782600951402 8.318136100647397
-0.093446607729171 8.339449777128801
-0.093113132892068 8.360737212119361
-0.092782150188307 8.381998523521968
-0.092453633760663 8.403233828048688
-0.092127558116922 8.424443241234988
-0.091803898158544 8.445626877450056
-0.091482629139980 8.466784849910448
-0.091163726687681 8.487917270690890
-0.090847166772674 8.509024250737069
-0.090532925714535 8.530105899877153
-0.090220980190533 8.551162326831538
-0.089911307191642 8.572193639226379
-0.089603884053452 8.593199943603091
-0.089298688427337 8.614181345430094
-0.088995698284377 8.635137949113366
-0.088694891913291 8.656069858006484
-0.088396247899406 8.676977174422142
-0.088099745135662 8.697859999641770
-0.087805362819837 8.718718433924737
-0.087513080417222 8.739552576520856
-0.087222877694205 8.760362525678612
-0.086934734705290 8.781148378654056
-0.086648631764977 8.801910231722138
-0.086364549465081 8.822648180185475
-0.086082468661765 8.843362318383907
-0.085802370483582 8.864052739702528
-0.085524236297493 8.884719536582837
-0.085248047739337 8.905362800529929
-0.084973786687595 8.925982622121975
-0.084701435260358 8.946579091019453
-0.084430975825962 8.967152295972648
-0.084162390976707 8.987702324831455
-0.083895663553777 9.008229264551904
-0.083630776603672 9.028733201206970
-0.083367713418156 9.049214219992397
-0.083106457495658 9.069672405236302
-0.082846992561963 9.090107840405961
-0.082589302544662 9.110520608116948
-0.082333371592461 9.130910790139598
-0.082079184049462 9.151278467407895
-0.081826724477220 9.171623720025371
-0.081575977615575 9.191946627274980
-0.081326928420465 9.212247267624218
-0.081079562029320 9.232525718733708
-0.080833863775450 9.252782057463715
-0.080589819172325 9.273016359882007
-0.080347413922100 9.293228701270298
-0.080106633911440 9.313419156130768
-0.079867465194529 9.333587798194094
-0.079629894005432 9.353734700425658
-0.079393906752079 9.373859935032053
-0.079159490006188 9.393963573468341
-0.078926630516626 9.414045686443378
-0.078695315188167 9.434106343927219
-0.078465531080974 9.454145615158216
-0.078237265431837 9.474163568647269
-0.078010505612881 9.494160272186507
-0.077785239168256 9.514135792853363
-0.077561453780885 9.534090197018152
-0.077339137289758 9.554023550349296
-0.077118277675690 9.573935917819885
-0.076898863066569 9.593827363713256
-0.076680881735796 9.613697951628462
-0.076464322087134 9.633547744487185
-0.076249172669293 9.653376804538619
-0.076035422168473 9.673185193364901
-0.075823059393541 9.692972971888022
-0.075612073301143 9.712740200373426
-0.075402452958481 9.732486938437763
-0.075194187577535 9.752213245052234
-0.074987266484129 9.771919178549400
-0.074781679132290 9.791604796627917
-0.074577415098401 9.811270156357766
-0.074374464074235 9.830915314185980
-0.074172815874454 9.850540325941246
-0.073972460431140 9.870145246838868
-0.073773387777431 9.889730131487489
-0.073575588080602 9.909295033891482
-0.073379051602484 9.928840007457943
-0.073183768719300 9.948365105001020
-0.072989729916978 9.967870378746538
-0.072796925786218 9.987355880337004
-0.072605347017279 10.006821660837021
-0.072414984415488 10.026267770736528
-0.072225828873454 10.045694259957269
-0.072037871399572 10.065101177855482
-0.071851103077300 10.084488573229448
-0.071665515115776 10.103856494320475
-0.071481098799497 10.123204988819975
-0.071297845510091 10.142534103873590
-0.071115746733912 10.161843886084162
-0.070934794031496 10.181134381518316
-0.070754979065734 10.200405635709314
-0.070576293586169 10.219657693661654
-0.070398729429386 10.238890599855447
-0.070222278512599 10.258104398251405
-0.070046932847694 10.277299132293850
-0.069872684521938 10.296474844915970
-0.069699525714816 10.315631578542767
-0.069527448675704 10.334769375096661
-0.069356445744775 10.353888276000220
-0.069186509332773 10.372988322181332
-0.069017631933555 10.392069554076565
-0.068849806121007 10.411132011634752
-0.068683024533739 10.430175734322400
-0.068517279896646 10.449200761126107
-0.068352565004392 10.468207130556985
-0.068188872722427 10.487194880654751
-0.068026195987734 10.506164048991602
-0.067864527810525 10.525114672675658
-0.067703861272065 10.544046788354573
-0.067544189513778 10.562960432220404
-0.067385505758895 10.581855640011470
-0.067227803284140 10.600732447017799
-0.067071075439609 10.619590888083801
-0.066915315637522 10.638430997612280
-0.066760517355144 10.657252809567931
-0.066606674132659 10.676056357480924
-0.066453779575046 10.694841674450162
-0.066301827343598 10.713608793147483
-0.066150811163715 10.732357745820714
-0.066000724822442 10.751088564296900
-0.065851562159842 10.769801279986552
-0.065703317082931 10.788495923885911
-0.065555983545664 10.807172526581770
-0.065409555567816 10.825831118253600
-0.065264027219141 10.844471728677727
-0.065119392630792 10.863094387229806
-0.064975645979009 10.881699122889398
-0.064832781501428 10.900285964242206
-0.064690793492609 10.918854939482816
-0.064549676277807 10.937406076420856
