1.413417225098815 -0.010328229656974
1.458189746453687 -0.339960789495889
1.502592109834544 -0.334899097041649
1.546627165581358 -0.330448653053908
1.590298607947549 -0.326532326946249
1.633610851044053 -0.323083206394598
1.676568905437346 -0.320043254568056
1.719178262386208 -0.317362118549439
1.761444789138727 -0.314996083692811
1.803374636563260 -0.312907163297835
1.844974159132298 -0.311062310530380
1.886249846586576 -0.309432738779276
1.927208266256755 -0.307993337082041
1.967856014885849 -0.306722168082616
2.008199678779345 -0.305600037278847
2.048245801168448 -0.304610123499411
2.088000855762276 -0.303737661862393
2.127471225569098 -0.302969671654099
2.166663186183220 -0.302294722446236
2.205582892825638 -0.301702733079486
2.244236370535991 -0.301184798489111
2.282629506991727 -0.300733040445034
2.320768047511038 -0.300340478663503
2.358657591860956 -0.300000919378240
2.396303592551139 -0.299708858842297
2.433711354343851 -0.299459399624831
2.470886034752175 -0.299248177911012
2.507832645336087 -0.299071300236811
2.544556053635894 -0.298925288363432
2.581060985609920 -0.298807031145240
2.617352028463221 -0.298713742477683
2.653433633776006 -0.298642924443455
2.689310120852676 -0.298592335025386
2.724985680229043 -0.298559959718355
2.760464377283378 -0.298543986585938
2.795750155908685 -0.298542784271087
2.830846842210684 -0.298554882595390
2.865758148201621 -0.298578955436696
2.900487675467583 -0.298613805561187
2.935038918789838 -0.298658351199131
2.969415269705316 -0.298711614137709
3.003620019995308 -0.298772709130788
3.037656365092650 -0.298840834495947
3.071527407401053 -0.298915263735709
3.105236159521757 -0.298995338067595
3.138785547385534 -0.299080459729743
3.172178413281706 -0.299170086129791
3.205417518797886 -0.299263724311375
3.238505547651536 -0.299360926376237
3.271445108427697 -0.299461285107905
3.304238737219152 -0.299564430137937
3.336888900170203 -0.299670024511782
3.369397995927998 -0.299777761558858
3.401768358001391 -0.299887362120924
3.434002257031567 -0.299998572017368
3.466101902976224 -0.300111159774290
3.498069447209759 -0.300224914579178
3.529906984542924 -0.300339644417156
3.561616555163676 -0.300455174407420
3.593200146503093 -0.300571345273994
3.624659695028467 -0.300688011973652
3.655997087966296 -0.300805042452023
3.687214164958037 -0.300922316511441
3.718312719651322 -0.301039724779974
3.749294501228612 -0.301157167788907
3.780161215876860 -0.301274555108763
3.810914528199280 -0.301391804592440
3.841556062572738 -0.301508841660887
3.872087404452402 -0.301625598664249
3.902510101625839 -0.301742014300601
3.932825665418388 -0.301858033091612
3.963035571853234 -0.301973604871767
3.993141262766144 -0.302088684366791
4.023144146878340 -0.302203230771265
4.053045600827732 -0.302317207399228
4.082846970162461 -0.302430581312750
4.112549570295934 -0.302543323037731
4.142154687426680 -0.302655406264458
4.171663579423624 -0.302766807593164
4.201077476678289 -0.302877506300339
4.230397582926988 -0.302987484084077
4.259625076040354 -0.303096724922879
4.288761108786501 -0.303205214830085
4.317806809564526 -0.303312941731825
4.346763283113183 -0.303419895269718
4.375631611192339 -0.303526066700606
4.404412853242038 -0.303631448716718
4.433108047016109 -0.303736035374750
4.461718209195020 -0.303839821944072
4.490244335976851 -0.303942804813172
4.518687403646457 -0.304044981424517
4.547048369126662 -0.304146350142650
4.575328170509256 -0.304246910203932
4.603527727568102 -0.304346661634741
4.631647942254637 -0.304445605186001
4.659689699176963 -0.304543742261082
4.687653866062131 -0.304641074874829
4.715541294203903 -0.304737605576256
4.743352818894518 -0.304833337427197
4.771089259842461 -0.304928273949576
4.798751421577711 -0.305022419052800
4.826340093841704 -0.305115777047542
4.853856051966211 -0.305208352569675
4.881300057239415 -0.305300150562078
4.908672857259818 -0.305391176255335
4.935975186280053 -0.305481435109242
4.963207765537985 -0.305570932833705
4.990371303579393 -0.305659675313185
5.017466496568849 -0.305747668628740
5.044494028592086 -0.305834919007577
5.071454571947812 -0.305921432835828
5.098348787432351 -0.306007216594004
5.125177324613314 -0.306092276901442
5.151940822096830 -0.306176620451629
5.178639907785779 -0.306260254023868
5.205275199130075 -0.306343184475878
5.231847303370274 -0.306425418711387
5.258356817773572 -0.306506963680243
5.284804329861926 -0.306587826392836
5.311190417635556 -0.306668013856234
5.337515649787474 -0.306747533132229
5.363780585913418 -0.306826391285677
5.389985776715846 -0.306904595375711
5.416131764200182 -0.306982152500439
5.442219081868369 -0.307059069713094
5.468248254903693 -0.307135354104912
5.494219800353410 -0.307211012718692
5.520134227304107 -0.307286052603681
5.545992037053065 -0.307360480786708
5.571793723274707 -0.307434304274164
5.597539772182571 -0.307507530045596
5.623230662686828 -0.307580165051418
5.648866866546912 -0.307652216226954
5.674448848521254 -0.307723690456281
5.699977066511286 -0.307794594616688
5.725451971703504 -0.307864935524250
5.750874008705810 -0.307934719985851
5.776243615681779 -0.308003954755083
5.801561224480539 -0.308072646554811
5.826827260763572 -0.308140802067182
5.852042144127714 -0.308208427946207
5.877206288225470 -0.308275530803282
5.902320100882504 -0.308342117198733
5.927383984211030 -0.308408193671899
5.952398334721219 -0.308473766714986
5.977363543429690 -0.308538842775401
6.002279995964346 -0.308603428281364
6.027148072667937 -0.308667529603352
6.051968148698065 -0.308731153081652
6.076740594124995 -0.308794305018164
6.101465774027022 -0.308856991676814
6.126144048583479 -0.308919219284759
6.150775773164880 -0.308980994048602
6.175361298422999 -0.309042322094615
6.199900970374968 -0.309103209577142
6.224395130489624 -0.309163662556453
6.248844115768037 -0.309223687106848
6.273248258825125 -0.309283289230677
6.297607887966403 -0.309342474942768
6.321923327266539 -0.309401250166610
6.346194896641844 -0.309459620856962
6.370422911924608 -0.309517592897217
6.394607684933464 -0.309575172165802
6.418749523543557 -0.309632364494001
6.442848731754125 -0.309689175695635
6.466905609754335 -0.309745611572642
6.490920453989518 -0.309801677860477
6.514893557222582 -0.309857380325481
6.538825208597896 -0.309912724652392
6.562715693699677 -0.309967716564058
6.586565294613089 -0.310022361703821
6.610374289981238 -0.310076665716962
6.634142955060814 -0.310130634253821
6.657871561778394 -0.310184272914003
6.681560378784580 -0.310237587275256
6.705209671506304 -0.310290582913031
6.728819702198297 -0.310343265391277
6.752390729994139 -0.310395640243474
6.775923010955399 -0.310447712996032
6.799416798120397 -0.310499489149718
6.822872341551061 -0.310550974205352
6.846289888379271 -0.310602173649878
6.869669682852547 -0.310653092947281
6.893011966378099 -0.310703737559203
6.916316977566493 -0.310754112929405
6.939584952273826 -0.310804224501495
6.962816123643243 -0.310854077712641
6.986010722146944 -0.310903677953973
7.009168975623845 -0.310953030675253
7.032291109320831 -0.311002141253953
7.055377345929571 -0.311051015104592
7.078427905624650 -0.311099657616051
7.101443006100248 -0.311148074173020
7.124422862605826 -0.311196270164359
7.147367687981728 -0.311244250963480
7.170277692693565 -0.311292021945133
7.193153084865768 -0.311339588489529
7.215994070315269 -0.311386955958836
7.238800852583209 -0.311434129737506
7.261573632968266 -0.311481115163957
7.284312610556309 -0.311527917623892
7.307017982251673 -0.311574542482437
7.329689942807199 -0.311620995104472
7.352328684854022 -0.311667280844669
7.374934398929362 -0.311713405091551
7.397507273506379 -0.311759373187858
7.420047495020321 -0.311805190527817
7.442555247896850 -0.311850862474458
7.465030714578781 -0.311896394392956
7.487474075551253 -0.311941791683313
7.509885509368938 -0.311987059703421
7.532265192680080 -0.312032203851308
7.554613300251714 -0.312077229515357
7.576930004993827 -0.312122142092796
7.599215477983975 -0.312166946961537
7.621469888489194 -0.312211649551561
7.643693403990752 -0.312256255242828
7.665886190205187 -0.312300769468346
7.688048411107560 -0.312345197632981
7.710180228952339 -0.312389545174272
7.732281804295626 -0.312433817509352
7.754353296015413 -0.312478020084124
7.776394861332987 -0.312522158326101
7.798406655832284 -0.312566237697434
7.820388833479959 -0.312610263661235
7.842341546646233 -0.312654241646438
7.864264946121609 -0.312698177166927
7.886159181138510 -0.312742075656472
7.908024399387478 -0.312785942629793
7.929860747036775 -0.312829783565117
7.951668368750050 -0.312873603955923
7.973447407703601 -0.312917409313433
7.995198005603637 -0.312961205158003
8.016920302704028 -0.313004996994027
8.038614437822144 -0.313048790361364
8.060280548355857 -0.313092590789991
8.081918770299291 -0.313136403830977
8.103529238259103 -0.313180235030661
8.125112085470406 -0.313224089934464
8.146667443810752 -0.313267974139801
8.168195443817089 -0.313311893193793
8.189696214699357 -0.313355852692229
8.211169884355897 -0.313399858213925
8.232616579387418 -0.313443915360118
8.254036425110447 -0.313488029762354
8.275429545574003 -0.313532206972497
8.296796063569339 -0.313576452678242
8.318136100647397 -0.313620772447670
8.339449777128801 -0.313665171963097
8.360737212119361 -0.313709656836183
8.381998523521968 -0.313754232718027
8.403233828048688 -0.313798905286123
8.424443241234988 -0.313843680168893
8.445626877450056 -0.313888563066424
8.466784849910448 -0.313933559635384
8.487917270690890 -0.313978675576391
8.509024250737069 -0.314023916562801
8.530105899877153 -0.314069288275997
8.551162326831538 -0.314114796458501
8.572193639226379 -0.314160446783258
8.593199943603091 -0.314206244981334
8.614181345430094 -0.314252196761840
8.635137949113366 -0.314298307846041
8.656069858006484 -0.314344583979391
8.676977174422142 -0.314391030876961
8.697859999641770 -0.314437654281228
8.718718433924737 -0.314484459970913
8.739552576520856 -0.314531453646867
8.760362525678612 -0.314578641068804
8.781148378654056 -0.314626028027836
8.801910231722138 -0.314673620262059
8.822648180185475 -0.314721423536113
8.843362318383907 -0.314769443610885
8.864052739702528 -0.314817686289649
8.884719536582837 -0.314866157310117
8.905362800529929 -0.314914862471562
8.925982622121975 -0.314963807554579
8.946579091019453 -0.315012998325158
8.967152295972648 -0.315062440588903
8.987702324831455 -0.315112140108567
9.008229264551904 -0.315162102711764
9.028733201206970 -0.315212334141929
9.049214219992397 -0.315262840222486
9.069672405236302 -0.315313626725856
9.090107840405961 -0.315364699464723
9.110520608116948 -0.315416064209048
9.130910790139598 -0.315467726772434
9.151278467407895 -0.315519692927204
9.171623720025371 -0.315571968501566
9.191946627274980 -0.315624559241847
9.212247267624218 -0.315677470970150
9.232525718733708 -0.315730709463325
9.252782057463715 -0.315784280520230
9.273016359882007 -0.315838189912921
9.293228701270298 -0.315892443430775
9.313419156130768 -0.315947046876134
9.333587798194094 -0.316002006008708
9.353734700425658 -0.316057326604883
9.373859935032053 -0.316113014445175
9.393963573468341 -0.316169075284760
9.414045686443378 -0.316225514917050
9.434106343927219 -0.316282339100069
9.454145615158216 -0.316339553563253
9.474163568647269 -0.316397164103457
9.494160272186507 -0.316455176428646
9.514135792853363 -0.316513596315397
9.534090197018152 -0.316572429484007
9.554023550349296 -0.316631681677859
9.573935917819885 -0.316691358614924
9.593827363713256 -0.316751466017979
9.613697951628462 -0.316812009617714
9.633547744487185 -0.316872995098477
9.653376804538619 -0.316934428167658
9.673185193364901 -0.316996314533227
9.692972971888022 -0.317058659850564
9.712740200373426 -0.317121469835132
9.732486938437763 -0.317184750115875
9.752213245052234 -0.317248506385507
9.771919178549400 -0.317312744279421
9.791604796627917 -0.317377469443418
9.811270156357766 -0.317442687516748
9.830915314185980 -0.317508404110560
9.850540325941246 -0.317574624846408
9.870145246838868 -0.317641355341075
9.889730131487489 -0.317708601143211
9.909295033891482 -0.317776367882480
9.928840007457943 -0.317844661106596
9.948365105001020 -0.317913486373414
9.967870378746538 -0.317982849237500
9.987355880337004 -0.318052755235660
10.006821660837021 -0.318123209870461
10.026267770736528 -0.318194218684593
10.045694259957269 -0.318265787145910
10.065101177855482 -0.318337920778456
10.084488573229448 -0.318410624989362
10.103856494320475 -0.318483905298782
10.123204988819975 -0.318557767122876
10.142534103873590 -0.318632215876534
10.161843886084162 -0.318707257012894
10.181134381518316 -0.318782895892983
10.200405635709314 -0.318859137916988
10.219657693661654 -0.318935988460165
10.238890599855447 -0.319013452879587
10.258104398251405 -0.319091536490570
10.277299132293850 -0.319170244635730
10.296474844915970 -0.319249582603050
10.315631578542767 -0.319329555706954
10.334769375096661 -0.319410169192223
10.353888276000220 -0.319491428334536
10.372988322181332 -0.319573338352379
10.392069554076565 -0.319655904470027
10.411132011634752 -0.319739131907990
10.430175734322400 -0.319823025816759
10.449200761126107 -0.319907591382217
10.468207130556985 -0.319992833752539
10.487194880654751 -0.320078758048399
10.506164048991602 -0.320165369370174
10.525114672675658 -0.320252672811051
10.544046788354573 -0.320340673450659
10.562960432220404 -0.320429376308327
10.581855640011470 -0.320518786449430
10.600732447017799 -0.320608908855922
10.619590888083801 -0.320699748524287
10.638430997612280 -0.320791310416489
10.657252809567931 -0.320883599477633
10.676056357480924 -0.320976620630163
10.694841674450162 -0.321070378786554
10.713608793147483 -0.321164878812341
10.732357745820714 -0.321260125567432
10.751088564296900 -0.321356123898267
10.769801279986552 -0.321452878599646
10.788495923885911 -0.321550394485937
10.807172526581770 -0.321648676297094
10.825831118253600 -0.321747728794812
10.844471728677727 -0.321847556688267
10.863094387229806 -0.321948164693547
10.881699122889398 -0.322049557456873
10.900285964242206 -0.322151739638705
10.918854939482816 -0.322254715894358
10.937406076420856 -0.322358490748039
