0.325000000000000 0.094185689840223
0.375000000000000 -0.011929054975535
0.425000000000000 -0.002103371137341
0.475000000000000 0.006858529221666
0.525000000000000 0.015116401066823
0.575000000000000 0.022790621003127
0.625000000000000 0.029974374572486
0.675000000000000 0.036741186952777
0.725000000000000 0.043149941743777
0.775000000000000 0.049248388417307
0.825000000000000 0.055075671735460
0.875000000000000 0.060664197172723
0.925000000000000 0.066041030500404
0.975000000000000 0.071228962850105
1.025000000000000 0.076247331084210
1.075000000000000 0.081112656559582
1.125000000000000 0.085839147358694
1.175000000000000 0.090439096747827
1.225000000000000 0.094923201938176
1.275000000000000 0.099300821094591
1.325000000000000 0.103580182043496
1.375000000000000 0.107768552966139
1.425000000000000 0.111872382850895
1.475000000000000 0.115897417820554
1.525000000000000 0.119848797967805
1.575000000000000 0.123731138526259
1.625000000000000 0.127548598091912
1.675000000000000 0.131304936397019
1.725000000000000 0.135003563384633
1.775000000000000 0.138647581106775
1.825000000000000 0.142239819621346
1.875000000000000 0.145782867914772
1.925000000000000 0.149279100595128
1.975000000000000 0.152730701054178
2.025000000000000 0.156139681619265
2.075000000000000 0.159507901146060
2.125000000000000 0.162837080443176
2.175000000000000 0.166128815794791
2.225000000000000 0.169384590927394
2.275000000000000 0.172605787530520
2.325000000000000 0.175793694623699
2.375000000000000 0.178949516861264
2.425000000000000 0.182074381930953
2.475000000000000 0.185169347156856
2.525000000000000 0.188235405433158
2.575000000000000 0.191273490498715
2.625000000000000 0.194284481759105
2.675000000000000 0.197269208517556
2.725000000000000 0.200228453921396
2.775000000000000 0.203162958428026
2.825000000000000 0.206073423008073
2.875000000000000 0.208960512038647
2.925000000000000 0.211824855855116
2.975000000000000 0.214667053314311
3.025000000000000 0.217487673801784
3.075000000000000 0.220287259313923
3.125000000000000 0.223066326289778
3.175000000000000 0.225825367247951
3.225000000000000 0.228564852369547
3.275000000000000 0.231285230884842
3.325000000000000 0.233986932386273
3.375000000000000 0.236670368033490
3.425000000000000 0.239335931652532
3.475000000000000 0.241984000778280
3.525000000000000 0.244614937599312
3.575000000000000 0.247229089812212
3.625000000000000 0.249826791488800
3.675000000000000 0.252408363783964
3.725000000000000 0.254974115675829
3.775000000000000 0.257524344613401
3.825000000000000 0.260059337103912
3.875000000000000 0.262579369328748
3.925000000000000 0.265084707644690
3.975000000000000 0.267575609089484
4.025000000000000 0.270052321848531
4.075000000000000 0.272515085682367
4.125000000000000 0.274964132369645
4.175000000000001 0.277399686041923
4.225000000000000 0.279821963592433
4.275000000000000 0.282231174956272
4.325000000000000 0.284627523493534
4.375000000000000 0.287011206253008
4.425000000000000 0.289382414263066
4.475000000000001 0.291741332774793
4.525000000000000 0.294088141562690
4.575000000000000 0.296423015107510
4.625000000000000 0.298746122872493
4.675000000000000 0.301057629456702
4.725000000000001 0.303357694855549
4.775000000000000 0.305646474601925
4.825000000000000 0.307924119976536
4.875000000000000 0.310190778171442
4.925000000000000 0.312446592429121
4.975000000000001 0.314691702224880
5.025000000000000 0.316926243417619
5.075000000000000 0.319150348332718
5.125000000000000 0.321364145990575
5.175000000000001 0.323567762111253
5.225000000000001 0.325761319347913
5.275000000000000 0.327944937314975
5.325000000000000 0.330118732759922
5.375000000000000 0.332282819602896
5.425000000000001 0.334437309095397
5.475000000000001 0.336582309881425
5.525000000000000 0.338717928103293
5.575000000000000 0.340844267431821
5.625000000000000 0.342961429321081
5.675000000000001 0.345069512649277
5.725000000000001 0.347168614529102
5.775000000000000 0.349258829676859
5.825000000000000 0.351340250816126
5.875000000000000 0.353412968688844
5.925000000000001 0.355477072135654
5.975000000000001 0.357532648099515
6.025000000000000 0.359579781741205
6.075000000000000 0.361618556466319
6.125000000000000 0.363649053995903
6.175000000000001 0.365671354383722
6.225000000000001 0.367685536116104
6.275000000000000 0.369691676090031
6.325000000000000 0.371689849747837
6.375000000000000 0.373680131042034
6.425000000000001 0.375662592514931
6.475000000000001 0.377637305349032
6.525000000000000 0.379604339336606
6.575000000000000 0.381563763046035
6.625000000000000 0.383515643709848
6.675000000000001 0.385460047395577
6.725000000000001 0.387397038889402
6.775000000000000 0.389326681927010
6.825000000000000 0.391249039016110
6.875000000000000 0.393164171565426
6.925000000000001 0.395072140016730
6.975000000000001 0.396973003621485
7.025000000000000 0.398866820715671
7.075000000000000 0.400753648584528
7.125000000000000 0.402633543595230
7.175000000000001 0.404506561133561
7.225000000000001 0.406372755672931
7.275000000000000 0.408232180809345
7.325000000000000 0.410084889253441
7.375000000000000 0.411930932854044
7.425000000000001 0.413770362629569
7.475000000000001 0.415603228800254
7.525000000000000 0.417429580786287
7.575000000000000 0.419249467241136
7.625000000000000 0.421062936018330
7.675000000000001 0.422870034331625
7.725000000000001 0.424670808540570
7.775000000000000 0.426465304418370
7.825000000000000 0.428253566990045
7.875000000000000 0.430035640621385
7.925000000000001 0.431811568998801
7.975000000000001 0.433581395214834
8.025000000000000 0.435345161674297
8.074999999999999 0.437102910235662
8.125000000000000 0.438854682062882
8.175000000000001 0.440600517825953
8.225000000000001 0.442340457541133
8.275000000000000 0.444074540759363
8.325000000000001 0.445802806334630
8.375000000000000 0.447525292723059
8.425000000000001 0.449242037755265
8.475000000000000 0.450953078801760
8.525000000000000 0.452658452723498
8.575000000000001 0.454358195797864
8.625000000000000 0.456052343954929
8.675000000000001 0.457740932531168
8.725000000000000 0.459423996464472
8.775000000000000 0.461101570184280
8.825000000000001 0.462773687702537
8.875000000000000 0.464440382631059
8.925000000000001 0.466101688015818
8.975000000000000 0.467757636650526
9.025000000000000 0.469408260786630
9.075000000000001 0.471053592337695
9.125000000000000 0.472693662751079
9.175000000000001 0.474328503173999
9.225000000000000 0.475958144256161
9.275000000000000 0.477582616436855
9.325000000000001 0.479201949559429
9.375000000000000 0.480816173291921
9.425000000000001 0.482425316874960
9.475000000000000 0.484029409189412
9.525000000000000 0.485628478806957
9.575000000000001 0.487222553933704
9.625000000000000 0.488811662403768
9.675000000000001 0.490395831815210
9.725000000000000 0.491975089412341
9.775000000000000 0.493549462078316
9.825000000000001 0.495118976462152
9.875000000000000 0.496683658844477
9.925000000000001 0.498243535250134
9.975000000000001 0.499798631365982
10.025000000000000 0.501348972651306
10.075000000000001 0.502894584250857
10.125000000000000 0.504435490992426
10.175000000000001 0.505971717513457
10.225000000000001 0.507503288108010
10.275000000000000 0.509030226836656
10.325000000000001 0.510552557516801
10.375000000000000 0.512070303642258
10.425000000000001 0.513583488579729
10.475000000000001 0.515092135258213
10.525000000000000 0.516596266594166
10.575000000000001 0.518095905036295
10.625000000000000 0.519591072987659
10.675000000000001 0.521081792545267
10.725000000000001 0.522568085398274
10.775000000000000 0.524049973419765
10.825000000000001 0.525527477890688
10.875000000000000 0.527000620022283
10.925000000000001 0.528469421014785
10.975000000000001 0.529933900937646
11.025000000000000 0.531394081085795
11.075000000000001 0.532849981578701
11.125000000000000 0.534301622474818
11.175000000000001 0.535749023866908
11.225000000000001 0.537192205414728
11.275000000000000 0.538631186704505
11.325000000000001 0.540065987131818
11.375000000000000 0.541496625833089
11.425000000000001 0.542923121876091
11.475000000000001 0.544345494066126
11.525000000000000 0.545763760969724
11.575000000000001 0.547177941133105
11.625000000000000 0.548588052825935
11.675000000000001 0.549994114123878
11.725000000000001 0.551396143049929
11.775000000000000 0.552794157336871
11.825000000000001 0.554188174554687
11.875000000000000 0.555578212308711
11.925000000000001 0.556964287710866
11.975000000000001 0.558346418022100
12.025000000000000 0.559724620169537
12.075000000000001 0.561098911044220
12.125000000000000 0.562469307226834
12.175000000000001 0.563835825323731
12.225000000000001 0.565198481698936
12.275000000000000 0.566557292537501
12.325000000000001 0.567912274009781
12.375000000000000 0.569263442026711
12.425000000000001 0.570610812398076
12.475000000000001 0.571954400818476
12.525000000000000 0.573294222790838
12.575000000000001 0.574630293732752
12.625000000000000 0.575962628966100
12.675000000000001 0.577291243558258
12.725000000000001 0.578616152576434
12.775000000000000 0.579937370893844
12.825000000000001 0.581254913246625
12.875000000000000 0.582568794318844
12.925000000000001 0.583879028563417
12.975000000000001 0.585185630447883
13.025000000000000 0.586488614181939
13.075000000000001 0.587787993973270
13.125000000000000 0.589083783796494
13.175000000000001 0.590375997655937
13.225000000000001 0.591664649370629
13.275000000000000 0.592949752538007
13.325000000000001 0.594231320842926
13.375000000000000 0.595509367720545
13.425000000000001 0.596783906597530
13.475000000000001 0.598054950657487
13.525000000000000 0.599322513153701
13.575000000000001 0.600586607094555
13.625000000000000 0.601847245430284
13.675000000000001 0.603104441041945
13.725000000000001 0.604358206664904
13.775000000000000 0.605608554953462
13.825000000000001 0.606855498492213
13.875000000000000 0.608099049690845
13.925000000000001 0.609339220991175
13.975000000000001 0.610576024564332
14.025000000000000 0.611809472637281
14.075000000000001 0.613039577358520
14.125000000000000 0.614266350602373
14.175000000000001 0.615489804357562
14.225000000000001 0.616709950409989
14.275000000000000 0.617926800463087
14.325000000000001 0.619140366227501
14.375000000000000 0.620350659157793
14.425000000000001 0.621557690797113
14.475000000000001 0.622761472510606
14.525000000000000 0.623962015561112
14.575000000000001 0.625159331246851
14.625000000000000 0.626353430596243
14.675000000000001 0.627544324757349
14.725000000000001 0.628732024692284
14.775000000000000 0.629916541263363
14.825000000000001 0.631097885309315
14.875000000000000 0.632276067576947
14.925000000000001 0.633451098742774
14.975000000000001 0.634622989323162
15.025000000000000 0.635791749976665
15.075000000000001 0.636957391017081
15.125000000000000 0.638119922842209
15.175000000000001 0.639279355872330
15.225000000000001 0.640435700131004
15.275000000000000 0.641588965915844
15.325000000000001 0.642739163340462
15.375000000000000 0.643886302167363
15.425000000000001 0.645030392762291
15.475000000000001 0.646171444647729
15.525000000000000 0.647309467729909
15.575000000000001 0.648444471937783
15.625000000000000 0.649576466688627
15.675000000000001 0.650705461773349
15.725000000000001 0.651831466693474
15.775000000000000 0.652954490909969
15.825000000000001 0.654074543875128
15.875000000000000 0.655191635013726
15.925000000000001 0.656305773484232
15.975000000000001 0.657416968678217
16.024999999999999 0.658525229638707
16.075000000000003 0.659630565679749
16.125000000000000 0.660732985625589
16.175000000000001 0.661832498610086
16.225000000000001 0.662929113610719
16.275000000000002 0.664022839447772
16.324999999999999 0.665113684951213
16.375000000000000 0.666201658870741
16.425000000000001 0.667286770054476
16.475000000000001 0.668369027056273
16.525000000000002 0.669448438501933
16.574999999999999 0.670525012860000
16.625000000000000 0.671598758834866
16.675000000000001 0.672669684668298
16.725000000000001 0.673737799022030
16.775000000000002 0.674803109761075
16.824999999999999 0.675865625707672
16.875000000000000 0.676925354847688
16.925000000000001 0.677982305267927
16.975000000000001 0.679036485329534
17.025000000000002 0.680087902946942
17.074999999999999 0.681136566317572
17.125000000000000 0.682182483293207
17.175000000000001 0.683225661820854
17.225000000000001 0.684266109896759
17.275000000000002 0.685303835297760
17.324999999999999 0.686338845846290
17.375000000000000 0.687371149281006
17.425000000000001 0.688400753365550
17.475000000000001 0.689427665609287
17.525000000000002 0.690451893774233
17.574999999999999 0.691473445377944
17.625000000000000 0.692492327992378
17.675000000000001 0.693508548959365
17.725000000000001 0.694522115925967
17.775000000000002 0.695533036123134
17.824999999999999 0.696541316970685
17.875000000000000 0.697546965752283
17.925000000000001 0.698549989761272
17.975000000000001 0.699550396203773
18.025000000000002 0.700548192302472
18.074999999999999 0.701543385140267
18.125000000000000 0.702535981749139
18.175000000000001 0.703525989431779
18.225000000000001 0.704513415053576
18.275000000000002 0.705498265455218
18.324999999999999 0.706480547991964
18.375000000000000 0.707460269091948
18.425000000000001 0.708437435881450
18.475000000000001 0.709412055244296
18.525000000000002 0.710384133809269
18.574999999999999 0.711353678274332
18.625000000000000 0.712320695638326
18.675000000000001 0.713285192310799
18.725000000000001 0.714247175072278
18.775000000000002 0.715206650365276
18.824999999999999 0.716163625075573
18.875000000000000 0.717118105392664
18.925000000000001 0.718070097912046
18.975000000000001 0.719019609291730
19.025000000000002 0.719966645661510
19.074999999999999 0.720911213670904
19.125000000000000 0.721853319397995
19.175000000000001 0.722792969591992
19.225000000000001 0.723730169896906
19.275000000000002 0.724664927303877
19.324999999999999 0.725597247569161
19.375000000000000 0.726527136921645
19.425000000000001 0.727454601659795
19.475000000000001 0.728379647852317
19.525000000000002 0.729302281510813
19.575000000000003 0.730222508832384
19.625000000000000 0.731140335713456
19.675000000000001 0.732055768430013
19.725000000000001 0.732968812451403
19.775000000000002 0.733879474152804
19.825000000000003 0.734787759247700
19.875000000000000 0.735693673742693
19.925000000000001 0.736597223207278
19.975000000000001 0.737498413826375
20.025000000000002 0.738397251114641
