1.300000000000000 0.001001193850242
1.500000000000000 0.001033064031614
1.700000000000000 0.001067226079666
1.900000000000000 0.001102529098475
2.100000000000000 0.001138292696229
2.300000000000000 0.001174103157101
2.500000000000000 0.001209704951544
2.700000000000000 0.001244939742060
2.900000000000000 0.001279710557014
3.100000000000000 0.001313959984449
3.300000000000000 0.001347656504617
3.500000000000000 0.001380785713165
3.700000000000000 0.001413344570442
3.900000000000000 0.001445337570703
4.100000000000000 0.001476774155829
4.300000000000001 0.001507666950890
4.500000000000000 0.001538030551180
4.700000000000000 0.001567880684425
4.900000000000000 0.001597233631247
5.100000000000001 0.001626105825177
5.300000000000000 0.001654513578488
5.500000000000000 0.001682472896796
5.700000000000000 0.001709999356546
5.900000000000000 0.001737108027176
6.100000000000001 0.001763813425043
6.300000000000001 0.001790129489886
6.500000000000000 0.001816069577187
6.700000000000000 0.001841646461648
6.900000000000000 0.001866872348337
7.100000000000001 0.001891758888982
7.300000000000001 0.001916317201595
7.500000000000000 0.001940557892115
7.700000000000000 0.001964491077118
7.900000000000000 0.001988126406914
8.100000000000001 0.002011473088548
8.300000000000001 0.002034539908370
8.500000000000000 0.002057335253943
8.699999999999999 0.002079867135144
8.900000000000000 0.002102143204356
9.100000000000000 0.002124170775708
9.300000000000001 0.002145956843345
9.500000000000000 0.002167508098716
9.700000000000001 0.002188830946920
9.900000000000000 0.002209931522114
10.100000000000000 0.002230815702039
10.300000000000001 0.002251489121683
10.500000000000000 0.002271957186146
10.700000000000001 0.002292225082728
10.900000000000000 0.002312297792294
11.100000000000001 0.002332180099962
11.300000000000001 0.002351876605145
11.500000000000000 0.002371391730992
11.700000000000001 0.002390729733259
11.900000000000000 0.002409894708670
12.100000000000001 0.002428890602759
12.300000000000001 0.002447721217266
12.500000000000000 0.002466390217092
12.700000000000001 0.002484901136855
12.900000000000000 0.002503257387062
13.100000000000001 0.002521462259929
13.300000000000001 0.002539518934869
13.500000000000000 0.002557430483672
13.700000000000001 0.002575199875394
13.900000000000000 0.002592829980974
14.100000000000001 0.002610323577596
14.300000000000001 0.002627683352815
14.500000000000000 0.002644911908459
14.700000000000001 0.002662011764322
14.900000000000000 0.002678985361661
15.100000000000001 0.002695835066507
15.300000000000001 0.002712563172807
15.500000000000000 0.002729171905401
15.700000000000001 0.002745663422846
15.900000000000000 0.002762039820100
16.100000000000001 0.002778303131069
16.300000000000001 0.002794455331023
16.500000000000000 0.002810498338906
16.700000000000003 0.002826434019514
16.899999999999999 0.002842264185586
17.100000000000001 0.002857990599781
17.300000000000001 0.002873614976570
17.500000000000000 0.002889138984031
17.699999999999999 0.002904564245571
17.900000000000002 0.002919892341555
18.100000000000001 0.002935124810873
18.300000000000001 0.002950263152424
18.500000000000000 0.002965308826544
18.699999999999999 0.002980263256364
18.900000000000002 0.002995127829109
19.100000000000001 0.003009903897339
19.300000000000001 0.003024592780141
19.500000000000000 0.003039195764261
19.699999999999999 0.003053714105199
19.900000000000002 0.003068149028246
20.100000000000001 0.003082501729485
20.300000000000001 0.003096773376749
20.500000000000000 0.003110965110538
20.700000000000003 0.003125078044897
20.900000000000002 0.003139113268264
21.100000000000001 0.003153071844278
21.300000000000001 0.003166954812558
21.500000000000000 0.003180763189451
21.700000000000003 0.003194497968748
21.900000000000002 0.003208160122374
22.100000000000001 0.003221750601054
22.300000000000001 0.003235270334949
22.500000000000000 0.003248720234272
22.700000000000003 0.003262101189869
22.900000000000002 0.003275414073802
23.100000000000001 0.003288659739887
23.300000000000001 0.003301839024223
23.500000000000000 0.003314952745700
23.700000000000003 0.003328001706489
23.900000000000002 0.003340986692511
24.100000000000001 0.003353908473897
24.300000000000001 0.003366767805424
24.500000000000000 0.003379565426937
24.700000000000003 0.003392302063758
24.900000000000002 0.003404978427085
25.100000000000001 0.003417595214367
25.300000000000001 0.003430153109673
25.500000000000000 0.003442652784050
25.700000000000003 0.003455094895865
25.900000000000002 0.003467480091135
26.100000000000001 0.003479809003851
26.300000000000001 0.003492082256286
26.500000000000000 0.003504300459296
26.700000000000003 0.003516464212611
26.900000000000002 0.003528574105112
27.100000000000001 0.003540630715112
27.300000000000001 0.003552634610607
27.500000000000000 0.003564586349541
27.700000000000003 0.003576486480049
27.900000000000002 0.003588335540697
28.100000000000001 0.003600134060712
28.300000000000001 0.003611882560209
28.500000000000000 0.003623581550408
28.700000000000003 0.003635231533846
28.900000000000002 0.003646833004578
29.100000000000001 0.003658386448382
29.300000000000001 0.003669892342947
29.500000000000000 0.003681351158062
29.700000000000003 0.003692763355796
29.900000000000002 0.003704129390676
30.100000000000001 0.003715449709858
30.300000000000001 0.003726724753290
30.500000000000000 0.003737954953879
30.700000000000003 0.003749140737643
30.900000000000002 0.003760282523865
31.100000000000001 0.003771380725241
31.300000000000001 0.003782435748026
31.500000000000000 0.003793447992170
31.700000000000003 0.003804417851456
31.900000000000002 0.003815345713633
32.100000000000001 0.003826231960544
32.299999999999997 0.003837076968250
32.500000000000000 0.003847881107155
32.700000000000003 0.003858644742120
32.900000000000006 0.003869368232583
33.100000000000001 0.003880051932668
33.300000000000004 0.003890696191296
33.500000000000000 0.003901301352291
33.700000000000003 0.003911867754482
33.899999999999999 0.003922395731808
34.100000000000001 0.003932885613413
34.300000000000004 0.003943337723743
34.500000000000000 0.003953752382640
34.700000000000003 0.003964129905430
34.899999999999999 0.003974470603016
35.100000000000001 0.003984774781964
35.300000000000004 0.003995042744584
35.500000000000000 0.004005274789014
35.700000000000003 0.004015471209302
35.899999999999999 0.004025632295482
36.100000000000001 0.004035758333652
36.300000000000004 0.004045849606048
36.500000000000000 0.004055906391113
36.700000000000003 0.004065928963576
36.899999999999999 0.004075917594514
37.100000000000001 0.004085872551424
37.300000000000004 0.004095794098284
37.500000000000000 0.004105682495624
37.700000000000003 0.004115538000585
37.899999999999999 0.004125360866979
38.100000000000001 0.004135151345355
38.300000000000004 0.004144909683052
38.500000000000000 0.004154636124256
38.700000000000003 0.004164330910061
38.899999999999999 0.004173994278520
39.100000000000001 0.004183626464701
39.300000000000004 0.004193227700736
39.500000000000000 0.004202798215874
39.700000000000003 0.004212338236531
39.900000000000006 0.004221847986341
40.100000000000001 0.004231327686198
40.300000000000004 0.004240777554308
40.500000000000000 0.004250197806235
40.700000000000003 0.004259588654941
40.900000000000006 0.004268950310834
41.100000000000001 0.004278282981810
41.300000000000004 0.004287586873292
41.500000000000000 0.004296862188275
41.700000000000003 0.004306109127367
41.900000000000006 0.004315327888820
42.100000000000001 0.004324518668580
42.300000000000004 0.004333681660315
42.500000000000000 0.004342817055459
42.700000000000003 0.004351925043242
42.900000000000006 0.004361005810731
43.100000000000001 0.004370059542859
43.300000000000004 0.004379086422465
43.500000000000000 0.004388086630323
43.700000000000003 0.004397060345178
43.900000000000006 0.004406007743766
44.100000000000001 0.004414929000867
44.300000000000004 0.004423824289318
44.500000000000000 0.004432693780048
44.700000000000003 0.004441537642111
44.900000000000006 0.004450356042709
45.100000000000001 0.004459149147223
45.300000000000004 0.004467917119245
45.500000000000000 0.004476660120595
45.700000000000003 0.004485378311359
45.900000000000006 0.004494071849907
46.100000000000001 0.004502740892922
46.300000000000004 0.004511385595425
46.500000000000000 0.004520006110800
46.700000000000003 0.004528602590817
46.900000000000006 0.004537175185656
47.100000000000001 0.004545724043930
47.300000000000004 0.004554249312710
47.500000000000000 0.004562751137546
47.700000000000003 0.004571229662487
47.900000000000006 0.004579685030106
48.100000000000001 0.004588117381519
48.300000000000004 0.004596526856407
48.500000000000000 0.004604913593037
48.700000000000003 0.004613277728280
48.900000000000006 0.004621619397630
49.100000000000001 0.004629938735229
49.300000000000004 0.004638235873879
49.500000000000000 0.004646510945064
49.700000000000003 0.004654764078970
49.900000000000006 0.004662995404500
50.100000000000001 0.004671205049292
50.300000000000004 0.004679393139738
50.500000000000000 0.004687559801000
50.700000000000003 0.004695705157026
50.900000000000006 0.004703829330569
51.100000000000001 0.004711932443201
51.300000000000004 0.004720014615329
51.500000000000000 0.004728075966212
51.700000000000003 0.004736116613974
51.900000000000006 0.004744136675621
52.100000000000001 0.004752136267056
52.300000000000004 0.004760115503094
52.500000000000000 0.004768074497472
52.700000000000003 0.004776013362869
52.900000000000006 0.004783932210917
53.100000000000001 0.004791831152215
53.300000000000004 0.004799710296340
53.500000000000000 0.004807569751866
53.700000000000003 0.004815409626370
53.900000000000006 0.004823230026450
54.100000000000001 0.004831031057737
54.300000000000004 0.004838812824902
54.500000000000000 0.004846575431676
54.700000000000003 0.004854318980856
54.900000000000006 0.004862043574320
55.100000000000001 0.004869749313035
55.300000000000004 0.004877436297073
55.500000000000000 0.004885104625620
55.700000000000003 0.004892754396986
55.900000000000006 0.004900385708616
56.100000000000001 0.004907998657102
56.300000000000004 0.004915593338193
56.500000000000000 0.004923169846806
56.700000000000003 0.004930728277033
56.900000000000006 0.004938268722156
57.100000000000001 0.004945791274651
57.300000000000004 0.004953296026205
57.500000000000000 0.004960783067717
57.700000000000003 0.004968252489315
57.900000000000006 0.004975704380359
58.100000000000001 0.004983138829457
58.300000000000004 0.004990555924468
58.500000000000000 0.004997955752510
58.700000000000003 0.005005338399978
58.900000000000006 0.005012703952540
59.100000000000001 0.005020052495156
59.300000000000004 0.005027384112079
59.500000000000000 0.005034698886868
59.700000000000003 0.005041996902393
59.900000000000006 0.005049278240845
60.100000000000001 0.005056542983742
60.300000000000004 0.005063791211938
60.500000000000000 0.005071023005630
60.700000000000003 0.005078238444367
60.900000000000006 0.005085437607055
61.100000000000001 0.005092620571964
61.300000000000004 0.005099787416741
61.500000000000000 0.005106938218406
61.700000000000003 0.005114073053372
61.900000000000006 0.005121191997441
62.100000000000001 0.005128295125816
62.300000000000004 0.005135382513110
62.500000000000000 0.005142454233344
62.700000000000003 0.005149510359963
62.900000000000006 0.005156550965837
63.100000000000001 0.005163576123269
63.300000000000004 0.005170585903998
63.500000000000000 0.005177580379212
63.700000000000003 0.005184559619547
63.900000000000006 0.005191523695096
64.099999999999994 0.005198472675417
64.300000000000011 0.005205406629533
64.500000000000000 0.005212325625944
64.700000000000003 0.005219229732628
64.900000000000006 0.005226119017050
65.100000000000009 0.005232993546164
65.299999999999997 0.005239853386420
65.500000000000000 0.005246698603772
65.700000000000003 0.005253529263679
65.900000000000006 0.005260345431112
66.100000000000009 0.005267147170558
66.299999999999997 0.005273934546029
66.500000000000000 0.005280707621062
66.700000000000003 0.005287466458726
66.900000000000006 0.005294211121627
67.100000000000009 0.005300941671913
67.299999999999997 0.005307658171277
67.500000000000000 0.005314360680966
67.700000000000003 0.005321049261779
67.900000000000006 0.005327723974076
68.100000000000009 0.005334384877783
68.299999999999997 0.005341032032394
68.500000000000000 0.005347665496976
68.700000000000003 0.005354285330174
68.900000000000006 0.005360891590215
69.100000000000009 0.005367484334911
69.299999999999997 0.005374063621665
69.500000000000000 0.005380629507475
69.700000000000003 0.005387182048936
69.900000000000006 0.005393721302246
70.100000000000009 0.005400247323207
70.299999999999997 0.005406760167235
70.500000000000000 0.005413259889357
70.700000000000003 0.005419746544218
70.900000000000006 0.005426220186086
71.100000000000009 0.005432680868851
71.299999999999997 0.005439128646035
71.500000000000000 0.005445563570790
71.700000000000003 0.005451985695905
71.900000000000006 0.005458395073808
72.100000000000009 0.005464791756571
72.299999999999997 0.005471175795909
72.500000000000000 0.005477547243190
72.700000000000003 0.005483906149434
72.900000000000006 0.005490252565316
73.100000000000009 0.005496586541171
73.299999999999997 0.005502908126998
73.500000000000000 0.005509217372461
73.700000000000003 0.005515514326893
73.900000000000006 0.005521799039298
74.100000000000009 0.005528071558358
74.299999999999997 0.005534331932430
74.500000000000000 0.005540580209555
74.700000000000003 0.005546816437455
74.900000000000006 0.005553040663543
75.100000000000009 0.005559252934918
75.299999999999997 0.005565453298375
75.500000000000000 0.005571641800403
75.700000000000003 0.005577818487188
75.900000000000006 0.005583983404622
76.100000000000009 0.005590136598295
76.299999999999997 0.005596278113507
76.500000000000000 0.005602407995266
76.700000000000003 0.005608526288294
76.900000000000006 0.005614633037023
77.100000000000009 0.005620728285607
77.299999999999997 0.005626812077916
77.500000000000000 0.005632884457543
77.700000000000003 0.005638945467806
77.900000000000006 0.005644995151750
78.100000000000009 0.005651033552148
78.300000000000011 0.005657060711507
78.500000000000000 0.005663076672065
78.700000000000003 0.005669081475801
78.900000000000006 0.005675075164428
79.100000000000009 0.005681057779402
79.300000000000011 0.005687029361923
79.500000000000000 0.005692989952937
79.700000000000003 0.005698939593134
79.900000000000006 0.005704878322960
80.100000000000009 0.005710806182608
