0.325000000000000 0.440350916404026
0.375000000000000 0.349568275244657
0.425000000000000 0.285146701897632
0.475000000000000 0.237572101227069
0.525000000000000 0.201324862207233
0.575000000000000 0.173005131551900
0.625000000000000 0.150416509938017
0.675000000000000 0.132083840271796
0.725000000000000 0.116983841165786
0.775000000000000 0.104387046245134
0.825000000000000 0.093761142867640
0.875000000000000 0.084709740736304
0.925000000000000 0.076932387829131
0.975000000000000 0.070197760283689
1.025000000000000 0.064325262076170
1.075000000000000 0.059172132996740
1.125000000000000 0.054624247844905
1.175000000000000 0.050589440263449
1.225000000000000 0.046992585383704
1.275000000000000 0.043771928337879
1.325000000000000 0.040876308758441
1.375000000000000 0.038263038620679
1.425000000000000 0.035896262580156
1.475000000000000 0.033745678821462
1.525000000000000 0.031785532197484
1.575000000000000 0.029993815094638
1.625000000000000 0.028351628248848
1.675000000000000 0.026842665796203
1.725000000000000 0.025452797601903
1.775000000000000 0.024169728339176
1.825000000000000 0.022982717554210
1.875000000000000 0.021882348515915
1.925000000000000 0.020860336337155
1.975000000000000 0.019909367897573
2.025000000000000 0.019022967664461
2.075000000000000 0.018195384716242
2.125000000000000 0.017421497212559
2.175000000000000 0.016696731289230
2.225000000000000 0.016016991934157
2.275000000000000 0.015378603857686
2.325000000000000 0.014778260734821
2.375000000000000 0.014212981487941
2.425000000000000 0.013680072512682
2.475000000000000 0.013177094938962
2.525000000000000 0.012701836172456
2.575000000000000 0.012252285087273
2.625000000000000 0.011826610342689
2.675000000000000 0.011423141381342
2.725000000000000 0.011040351735630
2.775000000000000 0.010676844326617
2.825000000000000 0.010331338487661
2.875000000000000 0.010002658484826
2.925000000000000 0.009689723339595
2.975000000000000 0.009391537787326
3.025000000000000 0.009107184228691
3.075000000000000 0.008835815551067
3.125000000000000 0.008576648713909
3.175000000000000 0.008328959006334
3.225000000000000 0.008092074897566
3.275000000000000 0.007865373411052
3.325000000000000 0.007648275962248
3.375000000000000 0.007440244607588
3.425000000000000 0.007240778658773
3.475000000000000 0.007049411622231
3.525000000000000 0.006865708428463
3.575000000000000 0.006689262920275
3.625000000000000 0.006519695572575
3.675000000000000 0.006356651419605
3.725000000000000 0.006199798168292
3.775000000000000 0.006048824478835
3.825000000000000 0.005903438395775
3.875000000000000 0.005763365914646
3.925000000000000 0.005628349670976
3.975000000000000 0.005498147739834
4.025000000000000 0.005372532535348
4.075000000000000 0.005251289800842
4.125000000000000 0.005134217681076
4.175000000000001 0.005021125869093
4.225000000000000 0.004911834820871
4.275000000000000 0.004806175031664
4.325000000000000 0.004703986368578
4.375000000000000 0.004605117454412
4.425000000000000 0.004509425098323
4.475000000000001 0.004416773769275
4.525000000000000 0.004327035108644
4.575000000000000 0.004240087478673
4.625000000000000 0.004155815543792
4.675000000000000 0.004074109882102
4.725000000000001 0.003994866624554
4.775000000000000 0.003917987119585
4.825000000000000 0.003843377621190
4.875000000000000 0.003770948998556
4.925000000000000 0.003700616465585
4.975000000000001 0.003632299328750
5.025000000000000 0.003565920751895
5.075000000000000 0.003501407536658
5.125000000000000 0.003438689917368
5.175000000000001 0.003377701369331
5.225000000000001 0.003318378429500
5.275000000000000 0.003260660528630
5.325000000000000 0.003204489834091
5.375000000000000 0.003149811102561
5.425000000000001 0.003096571541900
5.475000000000001 0.003044720681562
5.525000000000000 0.002994210250925
5.575000000000000 0.002944994065022
5.625000000000000 0.002897027917135
5.675000000000001 0.002850269477804
5.725000000000001 0.002804678199793
5.775000000000000 0.002760215228645
5.825000000000000 0.002716843318430
5.875000000000000 0.002674526752348
5.925000000000001 0.002633231267881
5.975000000000001 0.002592923986178
6.025000000000000 0.002553573345429
6.075000000000000 0.002515149037938
6.125000000000000 0.002477621950698
6.175000000000001 0.002440964109217
6.225000000000001 0.002405148624408
6.275000000000000 0.002370149642360
6.325000000000000 0.002335942296784
6.375000000000000 0.002302502664014
6.425000000000001 0.002269807720367
6.475000000000001 0.002237835301750
6.525000000000000 0.002206564065357
6.575000000000000 0.002175973453365
6.625000000000000 0.002146043658471
6.675000000000001 0.002116755591192
6.725000000000001 0.002088090848816
6.775000000000000 0.002060031685913
6.825000000000000 0.002032560986312
6.875000000000000 0.002005662236463
6.925000000000001 0.001979319500107
6.975000000000001 0.001953517394187
7.025000000000000 0.001928241065914
7.075000000000000 0.001903476170947
7.125000000000000 0.001879208852605
7.175000000000001 0.001855425722076
7.225000000000001 0.001832113839545
7.275000000000000 0.001809260696217
7.325000000000000 0.001786854197167
7.375000000000000 0.001764882644988
7.425000000000001 0.001743334724181
7.475000000000001 0.001722199486265
7.525000000000000 0.001701466335555
7.575000000000000 0.001681125015584
7.625000000000000 0.001661165596123
7.675000000000001 0.001641578460790
7.725000000000001 0.001622354295195
7.775000000000000 0.001603484075607
7.825000000000000 0.001584959058121
7.875000000000000 0.001566770768285
7.925000000000001 0.001548910991177
7.975000000000001 0.001531371761912
8.025000000000000 0.001514145356537
8.074999999999999 0.001497224283329
8.125000000000000 0.001480601274448
8.175000000000001 0.001464269277937
8.225000000000001 0.001448221450058
8.275000000000000 0.001432451147942
8.325000000000001 0.001416951922546
8.375000000000000 0.001401717511885
8.425000000000001 0.001386741834551
8.475000000000000 0.001372018983483
8.525000000000000 0.001357543219992
8.575000000000001 0.001343308968026
8.625000000000000 0.001329310808653
8.675000000000001 0.001315543474770
8.725000000000000 0.001302001846016
8.775000000000000 0.001288680943882
8.825000000000001 0.001275575927011
8.875000000000000 0.001262682086681
8.925000000000001 0.001249994842456
8.975000000000000 0.001237509738008
9.025000000000000 0.001225222437093
9.075000000000001 0.001213128719682
9.125000000000000 0.001201224478233
9.175000000000001 0.001189505714106
9.225000000000000 0.001177968534108
9.275000000000000 0.001166609147166
9.325000000000001 0.001155423861123
9.375000000000000 0.001144409079650
9.425000000000001 0.001133561299268
9.475000000000000 0.001122877106482
9.525000000000000 0.001112353175016
9.575000000000001 0.001101986263142
9.625000000000000 0.001091773211115
9.675000000000001 0.001081710938684
9.725000000000000 0.001071796442704
9.775000000000000 0.001062026794824
9.825000000000001 0.001052399139260
9.875000000000000 0.001042910690636
9.925000000000001 0.001033558731914
9.975000000000001 0.001024340612383
10.025000000000000 0.001015253745721
10.075000000000001 0.001006295608123
10.125000000000000 0.000997463736493
10.175000000000001 0.000988755726692
10.225000000000001 0.000980169231855
10.275000000000000 0.000971701960752
10.325000000000001 0.000963351676209
10.375000000000000 0.000955116193584
10.425000000000001 0.000946993379290
10.475000000000001 0.000938981149361
10.525000000000000 0.000931077468077
10.575000000000001 0.000923280346621
10.625000000000000 0.000915587841789
10.675000000000001 0.000907998054734
10.725000000000001 0.000900509129755
10.775000000000000 0.000893119253123
10.825000000000001 0.000885826651943
10.875000000000000 0.000878629593052
10.925000000000001 0.000871526381956
10.975000000000001 0.000864515361793
11.025000000000000 0.000857594912333
11.075000000000001 0.000850763449008
11.125000000000000 0.000844019421973
11.175000000000001 0.000837361315190
11.225000000000001 0.000830787645550
11.275000000000000 0.000824296962014
11.325000000000001 0.000817887844779
11.375000000000000 0.000811558904478
11.425000000000001 0.000805308781394
11.475000000000001 0.000799136144703
11.525000000000000 0.000793039691739
11.575000000000001 0.000787018147279
11.625000000000000 0.000781070262851
11.675000000000001 0.000775194816062
11.725000000000001 0.000769390609941
11.775000000000000 0.000763656472313
11.825000000000001 0.000757991255177
11.875000000000000 0.000752393834110
11.925000000000001 0.000746863107688
11.975000000000001 0.000741397996920
12.025000000000000 0.000735997444704
12.075000000000001 0.000730660415289
12.125000000000000 0.000725385893763
12.175000000000001 0.000720172885550
12.225000000000001 0.000715020415917
12.275000000000000 0.000709927529504
12.325000000000001 0.000704893289863
12.375000000000000 0.000699916779003
12.425000000000001 0.000694997096961
12.475000000000001 0.000690133361373
12.525000000000000 0.000685324707063
12.575000000000001 0.000680570285642
12.625000000000000 0.000675869265115
12.675000000000001 0.000671220829504
12.725000000000001 0.000666624178477
12.775000000000000 0.000662078526986
12.825000000000001 0.000657583104923
12.875000000000000 0.000653137156773
12.925000000000001 0.000648739941284
12.975000000000001 0.000644390731145
13.025000000000000 0.000640088812671
13.075000000000001 0.000635833485498
13.125000000000000 0.000631624062282
13.175000000000001 0.000627459868411
13.225000000000001 0.000623340241721
13.275000000000000 0.000619264532223
13.325000000000001 0.000615232101828
13.375000000000000 0.000611242324093
13.425000000000001 0.000607294583963
13.475000000000001 0.000603388277521
13.525000000000000 0.000599522811748
13.575000000000001 0.000595697604286
13.625000000000000 0.000591912083211
13.675000000000001 0.000588165686803
13.725000000000001 0.000584457863333
13.775000000000000 0.000580788070846
13.825000000000001 0.000577155776956
13.875000000000000 0.000573560458642
13.925000000000001 0.000570001602050
13.975000000000001 0.000566478702300
14.025000000000000 0.000562991263298
14.075000000000001 0.000559538797554
14.125000000000000 0.000556120826003
14.175000000000001 0.000552736877825
14.225000000000001 0.000549386490283
14.275000000000000 0.000546069208549
14.325000000000001 0.000542784585546
14.375000000000000 0.000539532181790
14.425000000000001 0.000536311565229
14.475000000000001 0.000533122311102
14.525000000000000 0.000529964001782
14.575000000000001 0.000526836226637
14.625000000000000 0.000523738581889
14.675000000000001 0.000520670670476
14.725000000000001 0.000517632101916
14.775000000000000 0.000514622492182
14.825000000000001 0.000511641463564
14.875000000000000 0.000508688644556
14.925000000000001 0.000505763669724
14.975000000000001 0.000502866179592
15.025000000000000 0.000499995820522
15.075000000000001 0.000497152244605
15.125000000000000 0.000494335109543
15.175000000000001 0.000491544078547
15.225000000000001 0.000488778820225
15.275000000000000 0.000486039008483
15.325000000000001 0.000483324322418
15.375000000000000 0.000480634446222
15.425000000000001 0.000477969069087
15.475000000000001 0.000475327885104
15.525000000000000 0.000472710593175
15.575000000000001 0.000470116896920
15.625000000000000 0.000467546504590
15.675000000000001 0.000464999128976
15.725000000000001 0.000462474487331
15.775000000000000 0.000459972301278
15.825000000000001 0.000457492296738
15.875000000000000 0.000455034203843
15.925000000000001 0.000452597756862
15.975000000000001 0.000450182694124
16.024999999999999 0.000447788757942
16.075000000000003 0.000445415694543
16.125000000000000 0.000443063253994
16.175000000000001 0.000440731190134
16.225000000000001 0.000438419260505
16.275000000000002 0.000436127226282
16.324999999999999 0.000433854852214
16.375000000000000 0.000431601906553
16.425000000000001 0.000429368160998
16.475000000000001 0.000427153390626
16.525000000000002 0.000424957373838
16.574999999999999 0.000422779892297
16.625000000000000 0.000420620730871
16.675000000000001 0.000418479677576
16.725000000000001 0.000416356523522
16.775000000000002 0.000414251062856
16.824999999999999 0.000412163092711
16.875000000000000 0.000410092413157
16.925000000000001 0.000408038827141
16.975000000000001 0.000406002140446
17.025000000000002 0.000403982161638
17.074999999999999 0.000401978702019
17.125000000000000 0.000399991575579
17.175000000000001 0.000398020598950
17.225000000000001 0.000396065591362
17.275000000000002 0.000394126374600
17.324999999999999 0.000392202772955
17.375000000000000 0.000390294613189
17.425000000000001 0.000388401724488
17.475000000000001 0.000386523938422
17.525000000000002 0.000384661088907
17.574999999999999 0.000382813012165
17.625000000000000 0.000380979546683
17.675000000000001 0.000379160533179
17.725000000000001 0.000377355814563
17.775000000000002 0.000375565235900
17.824999999999999 0.000373788644376
17.875000000000000 0.000372025889263
17.925000000000001 0.000370276821883
17.975000000000001 0.000368541295577
18.025000000000002 0.000366819165670
18.074999999999999 0.000365110289439
18.125000000000000 0.000363414526082
18.175000000000001 0.000361731736687
18.225000000000001 0.000360061784201
18.275000000000002 0.000358404533399
18.324999999999999 0.000356759850857
18.375000000000000 0.000355127604922
18.425000000000001 0.000353507665683
18.475000000000001 0.000351899904944
18.525000000000002 0.000350304196197
18.574999999999999 0.000348720414594
18.625000000000000 0.000347148436923
18.675000000000001 0.000345588141581
18.725000000000001 0.000344039408547
18.775000000000002 0.000342502119359
18.824999999999999 0.000340976157092
18.875000000000000 0.000339461406328
18.925000000000001 0.000337957753139
18.975000000000001 0.000336465085059
19.025000000000002 0.000334983291064
19.074999999999999 0.000333512261549
19.125000000000000 0.000332051888307
19.175000000000001 0.000330602064505
19.225000000000001 0.000329162684667
19.275000000000002 0.000327733644650
19.324999999999999 0.000326314841623
19.375000000000000 0.000324906174052
19.425000000000001 0.000323507541675
19.475000000000001 0.000322118845486
19.525000000000002 0.000320739987714
19.575000000000003 0.000319370871806
19.625000000000000 0.000318011402409
19.675000000000001 0.000316661485351
19.725000000000001 0.000315321027621
19.775000000000002 0.000313989937359
19.825000000000003 0.000312668123830
19.875000000000000 0.000311355497413
19.925000000000001 0.000310051969585
19.975000000000001 0.000308757452900
20.025000000000002 0.000307471860978
