0.325000000000000 -0.447214608127271
0.375000000000000 0.198507366120879
0.425000000000000 0.168027247106008
0.475000000000000 0.145528965821550
0.525000000000000 0.128358144087890
0.575000000000000 0.114902086422533
0.625000000000000 0.104127848841814
0.675000000000000 0.095345495648494
0.725000000000000 0.088078151430399
0.775000000000000 0.081986648821824
0.825000000000000 0.076823826288174
0.875000000000000 0.072405749169270
0.925000000000000 0.068593000802527
0.975000000000000 0.065278181403939
1.025000000000000 0.062377352522235
1.075000000000000 0.059824056726239
1.125000000000000 0.057565058088755
1.175000000000000 0.055557256684593
1.225000000000000 0.053765419238855
1.275000000000000 0.052160486740030
1.325000000000000 0.050718296333161
1.375000000000000 0.049418604702260
1.425000000000000 0.048244333931323
1.475000000000000 0.047180983247669
1.525000000000000 0.046216166083058
1.575000000000000 0.045339242360856
1.625000000000000 0.044541024461239
1.675000000000000 0.043813540008804
1.725000000000000 0.043149839330739
1.775000000000000 0.042543838087839
1.825000000000000 0.041990187906247
1.875000000000000 0.041484169322010
1.925000000000000 0.041021602793228
1.975000000000000 0.040598774276805
2.025000000000000 0.040212372711311
2.075000000000000 0.039859437252732
2.125000000000000 0.039537312514932
2.175000000000000 0.039243610514531
2.225000000000000 0.038976178053337
2.275000000000000 0.038733068824685
2.325000000000000 0.038512519314549
2.375000000000000 0.038312928005448
2.425000000000000 0.038132837340731
2.475000000000000 0.037970918040799
2.525000000000000 0.037825955380110
2.575000000000000 0.037696837253182
2.625000000000000 0.037582543577765
2.675000000000000 0.037482137142854
2.725000000000000 0.037394755342482
2.775000000000000 0.037319603019778
2.825000000000000 0.037255946030706
2.875000000000000 0.037203105547403
2.925000000000000 0.037160453095487
2.975000000000000 0.037127405792772
3.025000000000000 0.037103422552484
3.075000000000000 0.037088000338118
3.125000000000000 0.037080670903844
3.175000000000000 0.037080997919601
3.225000000000000 0.037088574274080
3.275000000000000 0.037103019730710
3.325000000000000 0.037123978761471
3.375000000000000 0.037151118591595
3.425000000000000 0.037184127443801
3.475000000000000 0.037222712909115
3.525000000000000 0.037266600490574
3.575000000000000 0.037315532301605
3.625000000000000 0.037369265787630
3.675000000000000 0.037427572676654
3.725000000000000 0.037490237919930
3.775000000000000 0.037557058772358
3.825000000000000 0.037627843965788
3.875000000000000 0.037702412872855
3.925000000000000 0.037780594822419
3.975000000000000 0.037862228426981
4.025000000000000 0.037947160970789
4.075000000000000 0.038035247854812
4.125000000000000 0.038126352039232
4.175000000000001 0.038220343615438
4.225000000000000 0.038317099307612
4.275000000000000 0.038416502122782
4.325000000000000 0.038518440899326
4.375000000000000 0.038622809990613
4.425000000000000 0.038729508926149
4.475000000000001 0.038838442128756
4.525000000000000 0.038949518578672
4.575000000000000 0.039062651603318
4.625000000000000 0.039177758577194
4.675000000000000 0.039294760749866
4.725000000000001 0.039413582969972
4.775000000000000 0.039534153533057
4.825000000000000 0.039656403962758
4.875000000000000 0.039780268841557
4.925000000000000 0.039905685668670
4.975000000000001 0.040032594676096
5.025000000000000 0.040160938681138
5.075000000000000 0.040290663001869
5.125000000000000 0.040421715239435
5.175000000000001 0.040554045270470
5.225000000000001 0.040687605029122
5.275000000000000 0.040822348479559
5.325000000000000 0.040958231458315
5.375000000000000 0.041095211638723
5.425000000000001 0.041233248387438
5.475000000000001 0.041372302711174
5.525000000000000 0.041512337164184
5.575000000000000 0.041653315821758
5.625000000000000 0.041795204061437
5.675000000000001 0.041937968871959
5.725000000000001 0.042081578161662
5.775000000000000 0.042226001300041
5.825000000000000 0.042371208775310
5.875000000000000 0.042517172188257
5.925000000000001 0.042663864188064
5.975000000000001 0.042811258471675
6.025000000000000 0.042959329691467
6.075000000000000 0.043108053435656
6.125000000000000 0.043257406174222
6.175000000000001 0.043407365247765
6.225000000000001 0.043557908790301
6.275000000000000 0.043709015749576
6.325000000000000 0.043860665783805
6.375000000000000 0.044012839292190
6.425000000000001 0.044165517355713
6.475000000000001 0.044318681701770
6.525000000000000 0.044472314729513
6.575000000000000 0.044626399386103
6.625000000000000 0.044780919255261
6.675000000000001 0.044935858430412
6.725000000000001 0.045091201606121
6.775000000000000 0.045246933906605
6.825000000000000 0.045403041023324
6.875000000000000 0.045559509120298
6.925000000000001 0.045716324740850
6.975000000000001 0.045873474974463
7.025000000000000 0.046030947258590
7.075000000000000 0.046188729480073
7.125000000000000 0.046346809882930
7.175000000000001 0.046505177115153
7.225000000000001 0.046663820184101
7.275000000000000 0.046822728432918
7.325000000000000 0.046981891549862
7.375000000000000 0.047141299554360
7.425000000000001 0.047300942776968
7.475000000000001 0.047460811840786
7.525000000000000 0.047620897664175
7.575000000000000 0.047781191441645
7.625000000000000 0.047941684668189
7.675000000000001 0.048102369032403
7.725000000000001 0.048263236566013
7.775000000000000 0.048424279463110
7.825000000000000 0.048585490193431
7.875000000000000 0.048746861443739
7.925000000000001 0.048908386134773
7.975000000000001 0.049070057365095
8.025000000000000 0.049231868477559
8.074999999999999 0.049393812966706
8.125000000000000 0.049555884578629
8.175000000000001 0.049718077182828
8.225000000000001 0.049880384876906
8.275000000000000 0.050042801868420
8.325000000000001 0.050205322624476
8.375000000000000 0.050367941682842
8.425000000000001 0.050530653799265
8.475000000000000 0.050693453843711
8.525000000000000 0.050856336834668
8.575000000000001 0.051019297986526
8.625000000000000 0.051182332563001
8.675000000000001 0.051345436034927
8.725000000000000 0.051508603957666
8.775000000000000 0.051671832043484
8.825000000000001 0.051835116105654
8.875000000000000 0.051998452050070
8.925000000000001 0.052161835978028
8.975000000000000 0.052325263997292
9.025000000000000 0.052488732399051
9.075000000000001 0.052652237536112
9.125000000000000 0.052815775902149
9.175000000000001 0.052979344032402
9.225000000000000 0.053142938625429
9.275000000000000 0.053306556370436
9.325000000000001 0.053470194180598
9.375000000000000 0.053633848943579
9.425000000000001 0.053797517672213
9.475000000000000 0.053961197466574
9.525000000000000 0.054124885484976
9.575000000000001 0.054288578978839
9.625000000000000 0.054452275297179
9.675000000000001 0.054615971808970
9.725000000000000 0.054779665973415
9.775000000000000 0.054943355344133
9.825000000000001 0.055107037498584
9.875000000000000 0.055270710115785
9.925000000000001 0.055434370911997
9.975000000000001 0.055598017691036
10.025000000000000 0.055761648280257
10.075000000000001 0.055925260583327
10.125000000000000 0.056088852579840
10.175000000000001 0.056252422258413
10.225000000000001 0.056415967700877
10.275000000000000 0.056579487022779
10.325000000000001 0.056742978381513
10.375000000000000 0.056906440018107
10.425000000000001 0.057069870154189
10.475000000000001 0.057233267159577
10.525000000000000 0.057396629323977
10.575000000000001 0.057559955104017
10.625000000000000 0.057723242894712
10.675000000000001 0.057886491173984
10.725000000000001 0.058049698553345
10.775000000000000 0.058212863467001
10.825000000000001 0.058375984583575
10.875000000000000 0.058539060530208
10.925000000000001 0.058702089863043
10.975000000000001 0.058865071655167
11.025000000000000 0.059028004262841
11.075000000000001 0.059190886584237
11.125000000000000 0.059353717475118
11.175000000000001 0.059516495702488
11.225000000000001 0.059679220186527
11.275000000000000 0.059841889815912
11.325000000000001 0.060004503508320
11.375000000000000 0.060167060247576
11.425000000000001 0.060329558985452
11.475000000000001 0.060491998742215
11.525000000000000 0.060654378594206
11.575000000000001 0.060816697564645
11.625000000000000 0.060978954754074
11.675000000000001 0.061141149297467
11.725000000000001 0.061303280296621
11.775000000000000 0.061465346937396
11.825000000000001 0.061627348427832
11.875000000000000 0.061789283899792
11.925000000000001 0.061951152672280
11.975000000000001 0.062112953933440
12.025000000000000 0.062274686980316
12.075000000000001 0.062436351071761
12.125000000000000 0.062597945564709
12.175000000000001 0.062759469749473
12.225000000000001 0.062920922981514
12.275000000000000 0.063082304650613
12.325000000000001 0.063243614102193
12.375000000000000 0.063404850756182
12.425000000000001 0.063566014031114
12.475000000000001 0.063727103350470
12.525000000000000 0.063888118181173
12.575000000000001 0.064049057983071
12.625000000000000 0.064209922212912
12.675000000000001 0.064370710402396
12.725000000000001 0.064531422036058
12.775000000000000 0.064692056645222
12.825000000000001 0.064852613779377
12.875000000000000 0.065013092968937
12.925000000000001 0.065173493808360
12.975000000000001 0.065333815841519
13.025000000000000 0.065494058689924
13.075000000000001 0.065654221933341
13.125000000000000 0.065814305218001
13.175000000000001 0.065974308134938
13.225000000000001 0.066134230321245
13.275000000000000 0.066294071472660
13.325000000000001 0.066453831208530
13.375000000000000 0.066613509220836
13.425000000000001 0.066773105168234
13.475000000000001 0.066932618780065
13.525000000000000 0.067092049718481
13.575000000000001 0.067251397717368
13.625000000000000 0.067410662500787
13.675000000000001 0.067569843788115
13.725000000000001 0.067728941326589
13.775000000000000 0.067887954866464
13.825000000000001 0.068046884152255
13.875000000000000 0.068205728973306
13.925000000000001 0.068364489069276
13.975000000000001 0.068523164266626
14.025000000000000 0.068681754333827
14.075000000000001 0.068840259041146
14.125000000000000 0.068998678246051
14.175000000000001 0.069157011725018
14.225000000000001 0.069315259310771
14.275000000000000 0.069473420839543
14.325000000000001 0.069631496116423
14.375000000000000 0.069789485023531
14.425000000000001 0.069947387376939
14.475000000000001 0.070105203038210
14.525000000000000 0.070262931884549
14.575000000000001 0.070420573747939
14.625000000000000 0.070578128547517
14.675000000000001 0.070735596122481
14.725000000000001 0.070892976363101
14.775000000000000 0.071050269175324
14.825000000000001 0.071207474445636
14.875000000000000 0.071364592074250
14.925000000000001 0.071521621963037
14.975000000000001 0.071678564053817
15.025000000000000 0.071835418205040
15.075000000000001 0.071992184391052
15.125000000000000 0.072148862526300
15.175000000000001 0.072305452491996
15.225000000000001 0.072461954306043
15.275000000000000 0.072618367850961
15.325000000000001 0.072774693059103
15.375000000000000 0.072930929983348
15.425000000000001 0.073087078406573
15.475000000000001 0.073243138430777
15.525000000000000 0.073399109979690
15.575000000000001 0.073554992944707
15.625000000000000 0.073710787400723
15.675000000000001 0.073866493250848
15.725000000000001 0.074022110491174
15.775000000000000 0.074177639112394
15.825000000000001 0.074333079087752
15.875000000000000 0.074488430378293
15.925000000000001 0.074643693032360
15.975000000000001 0.074798866982390
16.024999999999999 0.074953952279895
16.075000000000003 0.075108948846699
16.125000000000000 0.075263856780535
16.175000000000001 0.075418676033689
16.225000000000001 0.075573406602809
16.275000000000002 0.075728048524857
16.324999999999999 0.075882601813988
16.375000000000000 0.076037066496667
16.425000000000001 0.076191442541489
16.475000000000001 0.076345730012553
16.525000000000002 0.076499928928259
16.574999999999999 0.076654039348079
16.625000000000000 0.076808061222467
16.675000000000001 0.076961994662926
16.725000000000001 0.077115839600771
16.775000000000002 0.077269596254803
16.824999999999999 0.077423264461056
16.875000000000000 0.077576844356376
16.925000000000001 0.077730336023033
16.975000000000001 0.077883739421295
17.025000000000002 0.078037054663595
17.074999999999999 0.078190281740589
17.125000000000000 0.078343420753708
17.175000000000001 0.078496471756007
17.225000000000001 0.078649434761870
17.275000000000002 0.078802309855774
17.324999999999999 0.078955097086336
17.375000000000000 0.079107796519249
17.425000000000001 0.079260408195128
17.475000000000001 0.079412932233559
17.525000000000002 0.079565368645640
17.574999999999999 0.079717717517117
17.625000000000000 0.079869978899043
17.675000000000001 0.080022152913352
17.725000000000001 0.080174239553395
17.775000000000002 0.080326238952975
17.824999999999999 0.080478151159569
17.875000000000000 0.080629976258960
17.925000000000001 0.080781714318243
17.975000000000001 0.080933365421184
18.025000000000002 0.081084929633975
18.074999999999999 0.081236407058467
18.125000000000000 0.081387797800721
18.175000000000001 0.081539101856861
18.225000000000001 0.081690319368090
18.275000000000002 0.081841450468324
18.324999999999999 0.081992495097289
18.375000000000000 0.082143453511825
18.425000000000001 0.082294325706278
18.475000000000001 0.082445111750202
18.525000000000002 0.082595811790301
18.574999999999999 0.082746425936751
18.625000000000000 0.082896954180123
18.675000000000001 0.083047396708666
18.725000000000001 0.083197753565607
18.775000000000002 0.083348024903409
18.824999999999999 0.083498210704976
18.875000000000000 0.083648311187509
18.925000000000001 0.083798326412627
18.975000000000001 0.083948256410116
19.025000000000002 0.084098101381297
19.074999999999999 0.084247861336864
19.125000000000000 0.084397536472871
19.175000000000001 0.084547126743000
19.225000000000001 0.084696632472301
19.275000000000002 0.084846053508114
19.324999999999999 0.084995390115478
19.375000000000000 0.085144642382892
19.425000000000001 0.085293810366935
19.475000000000001 0.085442894191048
19.525000000000002 0.085591893988046
19.575000000000003 0.085740809817167
19.625000000000000 0.085889641829862
19.675000000000001 0.086038390037896
19.725000000000001 0.086187054718650
19.775000000000002 0.086335635829975
19.825000000000003 0.086484133544511
19.875000000000000 0.086632547927354
19.925000000000001 0.086780879180457
19.975000000000001 0.086929127288064
20.025000000000002 0.087077292451364
