1.352833426174231 -0.999642632944615
1.356822726668307 0.000327826693285
1.360808802645165 0.000292694122934
1.364791656480767 0.000257974022883
1.368771290598538 0.000223660603910
1.372747707469574 0.000189748208782
1.376720909612974 0.000156231228858
1.380690899595970 0.000123104169404
1.384657680033906 0.000090361703861
1.388621253590601 0.000057998450387
1.392581622978195 0.000026009210108
1.396538790957121 -0.000005611121932
1.400492760336118 -0.000036867599210
1.404443533972199 -0.000067765222642
1.408391114770379 -0.000098308836481
1.412335505683550 -0.000128503227656
1.416276709712456 -0.000158353188866
1.420214729905212 -0.000187863307799
1.424149569357206 -0.000217038174752
1.428081231210814 -0.000245882307212
1.432009718655026 -0.000274400114580
1.435935034925148 -0.000302595953817
1.439857183302546 -0.000330474160022
1.443776167114065 -0.000358038897179
1.447691989731755 -0.000385294324264
1.451604654572577 -0.000412244592290
1.455514165097705 -0.000438893654463
1.459420524812263 -0.000465245491091
1.463323737264949 -0.000491304067341
1.467223806047218 -0.000517073109336
1.471120734793249 -0.000542556517632
1.475014527179036 -0.000567757922911
1.478905186922181 -0.000592681053198
1.482792717781187 -0.000617329485975
1.486677123554978 -0.000641706765813
1.490558408082443 -0.000665816425076
1.494436575241830 -0.000689661909761
1.498311628950075 -0.000713246551444
1.502183573162553 -0.000736573791771
1.506052411872252 -0.000759646880590
1.509918149109171 -0.000782469000280
1.513780788940013 -0.000805043423978
1.517640335467447 -0.000827373289336
1.521496792829487 -0.000849461661798
1.525350165198976 -0.000871311596264
1.529200456783082 -0.000892926140543
1.533047671822530 -0.000914308200842
1.536891814591239 -0.000935460755477
1.540732889395523 -0.000956386623479
1.544570900573633 -0.000977088649238
1.548405852495332 -0.000997569723652
1.552237749560732 -0.001017832377436
1.556066596200496 -0.001037879529463
1.559892396874699 -0.001057713753468
1.563715156072440 -0.001077337690647
1.567534878311251 -0.001096753932368
1.571351568136551 -0.001115965050793
1.575165230120963 -0.001134973518450
1.578975868863887 -0.001153781850065
1.582783488990921 -0.001172392519173
1.586588095153041 -0.001190807819384
1.590389692026444 -0.001209030235568
1.594188284311713 -0.001227062062158
1.597983876733335 -0.001244905599781
1.601776474039179 -0.001262563130728
1.605566080999906 -0.001280036882278
1.609352702408424 -0.001297329042395
1.613136343079460 -0.001314441833168
1.616917007848832 -0.001331377333882
1.620694701573110 -0.001348137698230
1.624469429128968 -0.001364724981656
1.628241195412738 -0.001381141249963
1.632010005339837 -0.001397388504846
1.635775863844329 -0.001413468762982
1.639538775878302 -0.001429383941190
1.643298746411576 -0.001445136048118
1.647055780430919 -0.001460726899085
1.650809882939857 -0.001476158453837
1.654561058957863 -0.001491432456128
1.658309313520250 -0.001506550837566
1.662054651677506 -0.001521515393455
1.665797078494591 -0.001536327758674
1.669536599051047 -0.001550989872112
1.673273218439923 -0.001565503290016
1.677006941767735 -0.001579869785854
1.680737774153940 -0.001594091058769
1.684465720730310 -0.001608168679753
1.688190786640711 -0.001622104318562
1.691912977040561 -0.001635899559366
1.695632297096438 -0.001649555980186
1.699348751985713 -0.001663075169595
1.703062346895928 -0.001676458570629
1.706773087024609 -0.001689707733575
1.710480977578942 -0.001702824235336
1.714186023774959 -0.001715809388055
1.717888230837618 -0.001728664756491
1.721587604000073 -0.001741391688948
1.725284148503448 -0.001753991597927
1.728977869596477 -0.001766465892889
1.732668772535042 -0.001778815904216
1.736356862581963 -0.001791043039292
1.740042145006271 -0.001803148466245
1.743724625083370 -0.001815133642364
1.747404308094334 -0.001826999795871
1.751081199325606 -0.001838748165312
1.754755304068708 -0.001850379998753
1.758426627619953 -0.001861896554496
1.762095175280003 -0.001873299006871
1.765760952353702 -0.001884588607400
1.769423964149446 -0.001895766404683
1.773084215979234 -0.001906833649551
1.776741713158240 -0.001917791505568
1.780396461004254 -0.001928640969228
1.784048464837701 -0.001939383209015
1.787697729981299 -0.001950019353820
1.791344261759653 -0.001960550446294
1.794988065498843 -0.001970977436398
1.798629146526554 -0.001981301507791
1.802267510171459 -0.001991523627060
1.805903161763012 -0.002001644781118
1.809536106631199 -0.002011665955951
1.813166350106333 -0.002021588158416
1.816793897518581 -0.002031412251873
1.820418754198163 -0.002041139362968
1.824040925474496 -0.002050770231582
1.827660416676447 -0.002060305892963
1.831277233131765 -0.002069747169013
1.834891380167026 -0.002079094977728
1.838502863107357 -0.002088350202193
1.842111687276136 -0.002097513666063
1.845717857994888 -0.002106586257670
1.849321380582985 -0.002115568803724
1.852922260357257 -0.002124462013861
1.856520502632172 -0.002133266826613
1.860116112719318 -0.002141983980263
1.863709095927238 -0.002150614228148
1.867299457561264 -0.002159158332742
1.870887202923447 -0.002167617122098
1.874472337311977 -0.002175991180863
1.878054866021429 -0.002184281350153
1.881634794342457 -0.002192488386853
1.885212127561354 -0.002200612880150
1.888786870960054 -0.002208655519364
1.892359029816119 -0.002216617090110
1.895928609402171 -0.002224498117457
1.899495614986156 -0.002232299392619
1.903060051830780 -0.002240021445298
1.906621925193485 -0.002247664884353
1.910181240326648 -0.002255230534908
1.913738002476659 -0.002262718733066
1.917292216884470 -0.002270130247307
1.920843888785116 -0.002277465631061
1.924393023407505 -0.002284725389504
1.927939625974566 -0.002291910205750
1.931483701702757 -0.002299020532109
1.935025255802029 -0.002306056875582
1.938564293475986 -0.002313019927810
1.942100819921206 -0.002319910022791
1.945634840327745 -0.002326727887803
1.949166359878192 -0.002333473728465
1.952695383748502 -0.002340148347854
1.956221917107098 -0.002346752048825
1.959745965114984 -0.002353285276528
1.963267532925844 -0.002359748602018
1.966786625685610 -0.002366142394016
1.970303248532623 -0.002372467182489
1.973817406597158 -0.002378723259544
1.977329105001763 -0.002384911195673
1.980838348860773 -0.002391031307808
1.984345143280395 -0.002397084031804
1.987849493358544 -0.002403069751818
1.991351404184786 -0.002408988870423
1.994850880840221 -0.002414841775496
1.998347928397271 -0.002420628767108
2.001842551919879 -0.002426350328454
2.005334756462990 -0.002432006658308
2.008824547072880 -0.002437598218764
2.012311928786771 -0.002443125270170
2.015796906632976 -0.002448588218946
2.019279485630531 -0.002453987272622
2.022759670789452 -0.002459322856254
2.026237467110242 -0.002464595116285
2.029712879584347 -0.002469804539933
2.033185913193559 -0.002474951268327
2.036656572910220 -0.002480035613898
2.040124863697075 -0.002485057835377
2.043590790507289 -0.002490018240372
2.047054358284198 -0.002494917011843
2.050515571961469 -0.002499754473482
2.053974436462730 -0.002504530742366
2.057430956701936 -0.002509246212447
2.060885137582842 -0.002513900960521
2.064336983999214 -0.002518495239736
2.067786500834821 -0.002523029327565
2.071233692963139 -0.002527503335392
2.074678565247507 -0.002531917512190
2.078121122540902 -0.002536271982998
2.081561369686031 -0.002540566962253
2.084999311515296 -0.002544802670151
2.088434952850501 -0.002548979159527
2.091868298503122 -0.002553096683729
2.095299353274052 -0.002557155356770
2.098728121953489 -0.002561155237234
2.102154609321401 -0.002565096718133
2.105578820146590 -0.002568979592071
2.109000759187501 -0.002572804211392
2.112420431191680 -0.002576570585389
2.115837840896030 -0.002580278916686
2.119252993026508 -0.002583929223829
2.122665892298232 -0.002587521614376
2.126076543415561 -0.002591056266206
2.129484951071652 -0.002594533080007
2.132891119948998 -0.002597952328207
2.136295054718940 -0.002601313976666
2.139696760041823 -0.002604618107420
2.143096240566988 -0.002607864809013
2.146493500932628 -0.002611054093568
2.149888545765787 -0.002614185975473
2.153281379682547 -0.002617260614248
2.156672007287638 -0.002620277914073
2.160060433174786 -0.002623238027346
2.163446661926304 -0.002626140835304
2.166830698113448 -0.002628986475872
2.170212546296112 -0.002631774882483
2.173592211022970 -0.002634506099078
2.176969696831394 -0.002637180116843
2.180345008247472 -0.002639796948434
2.183718149785872 -0.002642356519015
2.187089125950055 -0.002644858907034
2.190457941231962 -0.002647303982644
2.193824600112298 -0.002649691810601
2.197189107060279 -0.002652022291108
2.200551466533720 -0.002654295387032
2.203911682979137 -0.002656511135034
2.207269760831503 -0.002658669405787
2.210625704514338 -0.002660770135229
2.213979518439790 -0.002662813315901
2.217331207008500 -0.002664798849710
2.220680774609648 -0.002666726669731
2.224028225621026 -0.002668596759205
2.227373564408685 -0.002670408862744
2.230716795327510 -0.002672163112849
2.234057922720662 -0.002673859264071
2.237396950919945 -0.002675497315333
2.240733884245530 -0.002677077080826
2.244068727006193 -0.002678598530021
2.247401483499112 -0.002680061494425
2.250732158009980 -0.002681465876555
2.254060754813044 -0.002682811603306
2.257387278170897 -0.002684098458718
2.260711732334702 -0.002685326368930
2.264034121544148 -0.002686495233562
2.267354450027279 -0.002687604821370
2.270672722000722 -0.002688655059108
2.273988941669553 -0.002689645772797
2.277303113227329 -0.002690576803531
2.280615240856157 -0.002691448035769
2.283925328726527 -0.002692259229989
2.287233380997507 -0.002693010276595
2.290539401816684 -0.002693701013993
2.293843395320105 -0.002694331237126
2.297145365632269 -0.002694900724746
2.300445316866373 -0.002695409414561
2.303743253123962 -0.002695856998012
2.307039178495153 -0.002696243312546
2.310333097058697 -0.002696568225452
2.313625012881820 -0.002696831489128
2.316914930020266 -0.002697032872622
2.320202852518318 -0.002697172148875
2.323488784409026 -0.002697249243759
2.326772729713761 -0.002697263757011
2.330054692442616 -0.002697215561192
2.333334676594355 -0.002697104479277
2.336612686156196 -0.002696930171285
2.339888725104131 -0.002696692512750
2.343162797402570 -0.002696391114303
2.346434907004844 -0.002696025929136
2.349705057852646 -0.002695596507501
2.352973253876659 -0.002695102822527
2.356239498995959 -0.002694544421987
2.359503797118522 -0.002693921193425
2.362766152140840 -0.002693232741857
2.366026567948341 -0.002692478955255
2.369285048414961 -0.002691659405591
2.372541597403574 -0.002690773952653
2.375796218765773 -0.002689822293768
2.379048916341895 -0.002688804122799
2.382299693960917 -0.002687719052455
2.385548555440972 -0.002686567039107
2.388795504588769 -0.002685347617765
2.392040545199955 -0.002684060566301
2.395283681058940 -0.002682705521551
2.398524915938976 -0.002681282162362
2.401764253602524 -0.002679790409291
2.405001697800500 -0.002678229637398
2.408237252273109 -0.002676599794854
2.411470920749294 -0.002674900423845
2.414702706947003 -0.002673131242041
2.417932614573248 -0.002671291989182
2.421160647323881 -0.002669382232306
2.424386808883955 -0.002667401778965
2.427611102927289 -0.002665350109818
2.430833533117037 -0.002663227095270
2.434054103105266 -0.002661032285424
2.437272816533123 -0.002658765338191
2.440489677030986 -0.002656425997008
2.443704688218268 -0.002654013848760
2.446917853703450 -0.002651528491928
2.450129177084432 -0.002648969752886
2.453338661947962 -0.002646337035858
2.456546311870339 -0.002643630226518
2.459752130416789 -0.002640848751945
2.462956121142044 -0.002637992431507
2.466158287589866 -0.002635060729306
2.469358633293558 -0.002632053453911
2.472557161775560 -0.002628970110655
2.475753876547615 -0.002625810302314
2.478948781110947 -0.002622573743038
2.482141878956083 -0.002619260001340
2.485333173563043 -0.002615868762390
2.488522668401060 -0.002612399494428
2.491710366928999 -0.002608851945776
2.494896272595150 -0.002605225697088
2.498080388837187 -0.002601520285447
2.501262719082444 -0.002597735422596
2.504443266747656 -0.002593870617756
2.507622035239101 -0.002589925462995
2.510799027952711 -0.002585899614489
2.513974248274085 -0.002581792712420
2.517147699578178 -0.002577604161018
2.520319385229980 -0.002573333829667
2.523489308583693 -0.002568980979340
2.526657472983555 -0.002564545442076
2.529823881763274 -0.002560026627588
2.532988538246573 -0.002555424314662
2.536151445746563 -0.002550737813556
2.539312607566491 -0.002545966954583
2.542472026999236 -0.002541111183999
2.545629707327485 -0.002536170058039
2.548785651823814 -0.002531143167158
2.551939863750663 -0.002526030072256
2.555092346360292 -0.002520830275374
2.558243102895223 -0.002515543583541
2.561392136587390 -0.002510169166822
2.564539450659071 -0.002504706852301
2.567685048322496 -0.002499156163213
2.570828932779896 -0.002493516636945
2.573971107223307 -0.002487787649627
2.577111574835187 -0.002481969009298
2.580250338787937 -0.002476060151653
2.583387402243974 -0.002470060547745
2.586522768355935 -0.002463969798528
2.589656440266525 -0.002457787370967
2.592788421109018 -0.002451513082391
2.595918714006293 -0.002445146022902
2.599047322071963 -0.002438686090328
2.602174248409604 -0.002432132595491
2.605299496113383 -0.002425485292263
2.608423068267407 -0.002418743435902
2.611544967946242 -0.002411906646441
2.614665198215084 -0.002404974640442
2.617783762128987 -0.002397946558213
2.620900662733864 -0.002390822247093
2.624015903066018 -0.002383601195257
2.627129486151830 -0.002376282639453
2.630241415008655 -0.002368866455697
2.633351692644021 -0.002361351910870
2.636460322055997 -0.002353738522834
2.639567306233381 -0.002346025926141
2.642672648155453 -0.002338213559715
2.645776350792189 -0.002330300990001
2.648878417103926 -0.002322287527071
2.651978850041938 -0.002314172879589
2.655077652548022 -0.002305956431233
2.658174827554750 -0.002297637734508
2.661270377985508 -0.002289216349562
2.664364306754058 -0.002280691492431
2.667456616765349 -0.002272062960465
2.670547310915057 -0.002263330186626
2.673636392089512 -0.002254492536730
2.676723863166018 -0.002245549589199
2.679809727012688 -0.002236500781270
2.682893986488645 -0.002227345677568
2.685976644443739 -0.002218083617756
2.689057703718958 -0.002208714222494
2.692137167146226 -0.002199236944597
2.695215037548427 -0.002189651234727
2.698291317739446 -0.002179956553020
2.701366010524204 -0.002170152366954
2.704439118698851 -0.002160238269042
2.707510645050289 -0.002150213476352
2.710580592357164 -0.002140077922411
2.713648963388468 -0.002129830483588
2.716715760905059 -0.002119471146507
2.719780987658433 -0.002108998964710
2.722844646391803 -0.002098413776395
2.725906739839235 -0.002087714754757
2.728967270726313 -0.002076901548899
2.732026241769785 -0.002065973528281
2.735083655677689 -0.002054930131764
2.738139515149538 -0.002043770920915
2.741193822876175 -0.002032495328309
2.744246581539759 -0.002021102755636
2.747297793813879 -0.002009592671647
2.750347462363474 -0.001997964466252
2.753395589845366 -0.001986217906672
2.756442178907236 -0.001974351978503
2.759487232188753 -0.001962366489181
2.762530752320917 -0.001950260736971
2.765572741926433 -0.001938034281019
2.768613203619342 -0.001925686384860
2.771652140005478 -0.001913216635474
2.774689553682324 -0.001900624492280
2.777725447238898 -0.001887909312428
2.780759823256124 -0.001875070706217
2.783792684306263 -0.001862107847546
2.786824032953632 -0.001849020423590
2.789853871754173 -0.001835807780425
2.792882203255515 -0.001822469294558
2.795909029997203 -0.001809004493826
2.798934354510880 -0.001795413023847
2.801958179319370 -0.001781693821432
2.804980506937837 -0.001767846679940
2.808001339873226 -0.001753870949881
2.811020680624605 -0.001739766221524
2.814038531682587 -0.001725531631819
2.817054895529898 -0.001711166726924
2.820069774641517 -0.001696671138846
2.823083171484190 -0.001682044118052
2.826095088516622 -0.001667285036225
2.829105528189829 -0.001652393517816
2.832114492946639 -0.001637368787731
2.835121985222202 -0.001622210440874
2.838128007443614 -0.001606917766823
2.841132562030420 -0.001591490420568
2.844135651394037 -0.001575927599183
2.847137277938088 -0.001560228737771
2.850137444058690 -0.001544393466987
2.853136152143989 -0.001528421051984
2.856133404574265 -0.001512310816628
2.859129203722552 -0.001496062535241
2.862123551953664 -0.001479675230046
2.865116451625158 -0.001463148632891
2.868107905086744 -0.001446482010264
2.871097914680508 -0.001429674780092
2.874086482741042 -0.001412726442642
2.877073611595357 -0.001395636411725
2.880059303562805 -0.001378404026700
2.883043560955272 -0.001361028755872
2.886026386077155 -0.001343510029178
2.889007781225412 -0.001325847302391
2.891987748689397 -0.001308039881600
2.894966290751320 -0.001290087413000
2.897943409685518 -0.001271988963926
2.900919107759356 -0.001253744274809
2.903893387232670 -0.001235352640397
2.906866250357777 -0.001216813350795
2.909837699380063 -0.001198126121518
2.912807736537092 -0.001179289976181
2.915776364059731 -0.001160304776671
2.918743584171183 -0.001141169630989
2.921709399087468 -0.001121883997382
2.924673811017483 -0.001102447359778
2.927636822162834 -0.001082859062979
2.930598434718085 -0.001063118618579
2.933558650870578 -0.001043225388824
2.936517472800463 -0.001023178738752
2.939474902680917 -0.001002978184735
2.942430942677901 -0.000982623040530
2.945385594950319 -0.000962112728935
2.948338861650226 -0.000941446805941
2.951290744922392 -0.000920624487554
2.954241246904769 -0.000899645323117
2.957190369728195 -0.000878508622482
2.960138115516684 -0.000857213902660
2.963084486387298 -0.000835760559931
2.966029484450007 -0.000814147872922
2.968973111808148 -0.000792375454239
2.971915370557956 -0.000770442539409
2.974856262788999 -0.000748348682633
2.977795790583921 -0.000726093221182
2.980733956018542 -0.000703675561471
2.983670761161883 -0.000681095102425
2.986606208076341 -0.000658351367388
2.989540298817423 -0.000635443661843
2.992473035433851 -0.000612371346466
2.995404419967818 -0.000589133973361
2.998334454454753 -0.000565730892222
3.001263140923357 -0.000542161465959
3.004190481395845 -0.000518425226887
3.007116477887638 -0.000494521456921
3.010041132407648 -0.000470449639051
3.012964446958210 -0.000446209190599
3.015886423535025 -0.000421799466904
3.018807064127374 -0.000397219976243
3.021726370717800 -0.000372469961312
3.024644345282692 -0.000347549104793
3.027560989791590 -0.000322456535606
3.030476306207750 -0.000297191799360
3.033390296488019 -0.000271754339221
3.036302962582760 -0.000246143517476
3.039214306435917 -0.000220358730259
3.042124329985047 -0.000194399392678
3.045033035161520 -0.000168265049066
3.047940423890168 -0.000141954961104
3.050846498089451 -0.000115468507958
3.053751259671806 -0.000088805316888
3.056654710543075 -0.000061964560617
3.059556852603039 -0.000034945812790
3.062457687745096 -0.000007748377075
3.065357217856525 0.000019628245429
3.068255444818472 0.000047184588163
3.071152370505726 0.000074921364533
3.074047996786880 0.000102839183170
3.076942325524596 0.000130938461474
3.079835358575207 0.000159219935963
3.082727097789024 0.000187684123938
3.085617545010327 0.000216331562843
3.088506702077227 0.000245162910860
3.091394570821705 0.000274178812379
3.094281153069986 0.000303379631646
3.097166450641956 0.000332766204012
3.100050465351811 0.000362338872997
3.102933199007458 0.000392098462892
3.105814653411164 0.000422045306374
3.108694830358864 0.000452180289897
3.111573731641053 0.000482503617326
3.114451359041982 0.000513016134847
3.117327714340011 0.000543718428087
3.120202799307829 0.000574610923595
3.123076615712253 0.000605694217394
3.125949165314011 0.000636969093212
3.128820449868386 0.000668435840578
3.131690471124555 0.000700095283492
3.134559230826119 0.000731947840022
3.137426730710815 0.000763994176000
3.140292972510841 0.000796234705253
3.143157957952309 0.000828670294657
3.146021688755946 0.000861301267673
3.148884166636659 0.000894128305210
3.151745393303731 0.000927151948348
3.154605370460765 0.000960372793947
3.157464099805853 0.000993791321944
3.160321583031125 0.001027408377538
3.163177821823615 0.001061224140062
3.166032817864348 0.001095239519747
3.168886572829130 0.001129454818104
3.171739088387961 0.001163870811793
3.174590366205371 0.001198488029687
3.177440407940583 0.001233306876997
3.180289215246947 0.001268328229531
3.183136789772723 0.001303552346918
3.185983133160538 0.001338979939136
3.188828247047590 0.001374611564304
3.191672133065610 0.001410447824519
3.194514792840976 0.001446489242323
3.197356227994805 0.001482736283583
3.200196440142516 0.001519189772131
3.203035430894611 0.001555849924206
3.205873201855831 0.001592717639016
3.208709754625901 0.001629793237037
3.211545090799110 0.001667077387863
3.214379211964496 0.001704570620649
3.217212119705616 0.001742273665073
3.220043815601301 0.001780186662588
3.222874301224530 0.001818310659168
3.225703578143442 0.001856645913178
3.228531647920986 0.001895192968883
3.231358512114666 0.001933952590549
3.234184172277096 0.001972925109770
3.237008629955543 0.002012111234388
3.239831886692104 0.002051511546427
3.242653944024005 0.002091126399067
3.245474803483131 0.002130956532165
3.248294466596408 0.002171002396300
3.251112934885617 0.002211264599445
3.253930209867451 0.002251743717376
3.256746293053698 0.002292440190151
3.259561185951090 0.002333354593946
3.262374890061219 0.002374487579759
3.265187406880693 0.002415839690084
3.267998737901418 0.002457411250297
3.270808884609956 0.002499203113206
3.273617848488251 0.002541215560397
3.276425631013115 0.002583449298962
3.279232233656516 0.002625904817183
3.282037657885497 0.002668582677517
3.284841905162235 0.002711483409236
3.287644976944056 0.002754607538269
3.290446874683419 0.002797955618406
3.293247599827928 0.002841528203829
3.296047153820439 0.002885325773984
3.298845538098904 0.002929348943624
3.301642754096557 0.002973598193683
3.304438803241865 0.003018074052210
3.307233686958411 0.003062777153208
3.310027406665203 0.003107707894956
3.312819963776483 0.003152866839313
3.315611359701620 0.003198254646058
3.318401595845455 0.003243871707830
3.321190673608176 0.003289718530674
3.323978594385041 0.003335795852323
3.326765359567006 0.003382103918665
3.329550970540159 0.003428643439840
3.332335428685920 0.003475414976033
3.335118735381391 0.003522418820893
3.337900891998739 0.003569655768137
3.340681899905741 0.003617126192681
3.343461760465512 0.003664830689079
3.346240475036819 0.003712769620016
3.349018044973691 0.003760943665355
3.351794471625599 0.003809353372972
3.354569756337616 0.003857999176524
3.357343900450438 0.003906881495936
3.360116905299963 0.003956001106681
3.362888772217911 0.004005358294178
3.365659502531507 0.004054953607969
3.368429097563286 0.004104787766521
3.371197558631807 0.004154860923482
3.373964887050880 0.004205173863188
3.376731084129912 0.004255727109928
3.379496151174140 0.004306520996270
3.382260089484333 0.004357556118822
3.385022900356914 0.004408832980492
3.387784585083907 0.004460352134302
3.390545144952982 0.004512114113831
3.393304581247874 0.004564119117608
3.396062895247562 0.004616368022663
3.398820088226834 0.004668861257027
3.401576161456461 0.004721599118979
3.404331116202680 0.004774582333695
3.407084953727608 0.004827811304391
3.409837675289214 0.004881286461299
3.412589282141109 0.004935008421274
3.415339775532817 0.004988977587247
3.418089156709403 0.005043194676119
3.420837426912359 0.005097659690876
3.423584587378353 0.005152373668640
3.426330639340188 0.005207336865510
3.429075584026708 0.005262549636821
3.431819422662325 0.005318012722268
3.434562156467632 0.005373726376061
3.437303786658945 0.005429691235495
3.440044314448376 0.005485907887723
3.442783741044353 0.005542376504788
3.445522067650948 0.005599097816272
3.448259295468326 0.005656072197179
3.450995425692466 0.005713300254891
3.453730459515485 0.005770782349062
3.456464398125466 0.005828518980915
3.459197242706666 0.005886510499119
3.461928994439024 0.005944757655966
3.464659654498746 0.006003260741816
3.467389224057955 0.006062020338881
3.470117704285075 0.006121036725643
3.472845096344230 0.006180310679314
3.475571401396170 0.006239842232483
3.478296620597104 0.006299632378215
3.481020755099896 0.006359681142263
3.483743806053210 0.006419989260222
3.486465774602022 0.006480557052827
3.489186661887330 0.006541385091583
3.491906469046445 0.006602473719787
3.494625197212714 0.006663823511108
3.497342847515805 0.006725434819892
3.500059421081357 0.006787308293977
3.502774919031554 0.006849444118869
3.505489342484491 0.006911843012775
3.508202692554780 0.006974505197649
3.510914970352938 0.007037431416738
3.513626176986215 0.007100621732878
3.516336313557732 0.007164076932500
3.519045381167036 0.007227797350989
3.521753380909979 0.007291783433715
3.524460313878707 0.007356035640205
3.527166181161724 0.007420554392777
3.529870983843902 0.007485340106423
3.532574723006331 0.007550393334708
3.535277399726497 0.007615714486601
3.537979015078358 0.007681303924794
3.540679570132097 0.007747162217164
3.543379065954593 0.007813289554975
3.546077503608693 0.007879686736892
3.548774884153925 0.007946353985681
3.551471208646379 0.008013291624072
3.554166478138237 0.008080500376026
3.556860693678380 0.008147980472258
3.559553856312035 0.008215732441312
3.562245967081011 0.008283756625303
3.564937027023515 0.008352053527374
3.567627037174427 0.008420623433470
3.570315998564667 0.008489467157154
3.573003912222401 0.008558584525570
3.575690779171726 0.008627976461531
3.578376600433341 0.008697643339463
3.581061377024983 0.008767585180004
3.583745109960296 0.008837802952377
3.586427800250045 0.008908296625080
3.589109448901293 0.008979066857036
3.591790056917740 0.009050114032672
3.594469625299818 0.009121438469893
3.597148155044466 0.009193040678030
3.599825647145151 0.009264921156418
3.602502102592393 0.009337079976183
3.605177522372835 0.009409517992051
3.607851907470203 0.009482235266183
3.610525258864596 0.009555232457174
3.613197577533214 0.009628509631128
3.615868864449356 0.009702067689250
3.618539120583631 0.009775906537194
3.621208346902881 0.009850026981634
3.623876544371161 0.009924429025420
3.626543713948746 0.009999113501171
3.629209856593168 0.010074080386891
3.631874973258230 0.010149330491686
3.634539064894970 0.010224863824953
3.637202132450977 0.010300680978451
3.639864176870491 0.010376782462364
3.642525199094922 0.010453168368144
3.645185200062183 0.010529839346335
3.647844180707219 0.010606795613141
3.650502141961720 0.010684037634282
3.653159084754125 0.010761565879956
3.655815010009942 0.010839380558056
3.658469918651439 0.010917482143374
3.661123811597699 0.010995871070485
3.663776689764813 0.011074547621412
3.666428554065671 0.011153512260647
3.669079405410181 0.011232765273683
3.671729244705037 0.011312307152799
3.674378072854055 0.011392138108743
3.677025890757763 0.011472258710416
3.679672699313929 0.011552669086260
3.682318499416796 0.011633370013728
3.684963291958168 0.011714361370154
3.687607077826422 0.011795643864726
3.690249857907022 0.011877217782584
3.692891633082518 0.011959083421403
3.695532404232527 0.012041241094274
3.698172172233294 0.012123691496205
3.700810937958546 0.012206434610397
3.703448702278865 0.012289470950436
3.706085466061944 0.012372800825423
3.708721230172505 0.012456424619829
3.711355995472111 0.012540342879928
3.713989762819684 0.012624555729410
3.716622533071424 0.012709063356658
3.719254307080104 0.012793866562580
3.721885085696021 0.012878965344229
3.724514869766296 0.012964360300678
3.727143660135424 0.013050051569241
3.729771457644918 0.013136039599951
3.732398263133408 0.013222324762272
3.735024077436795 0.013308907304503
3.737648901388127 0.013395787583024
3.740272735817435 0.013482966100135
3.742895581552196 0.013570442979578
3.745517439416976 0.013658218643244
3.748138310233278 0.013746293655038
3.750758194820422 0.013834667840668
3.753377093994424 0.013923341977743
3.755995008568655 0.014012316295188
3.758611939353783 0.014101591075175
3.761227887158027 0.014191166395137
3.763842852786181 0.014281043162457
3.766456837040810 0.014371221275863
3.769069840721608 0.014461701189509
3.771681864625632 0.014552483161337
3.774292909547108 0.014643567623748
3.776902976277747 0.014734954743246
3.779512065606434 0.014826644958185
3.782120178319361 0.014918638604605
3.784727315199978 0.015010936057044
3.787333477029467 0.015103537302583
3.789938664585870 0.015196443073400
3.792542878644958 0.015289653362585
3.795146119979576 0.015383168736393
3.797748389360085 0.015476989385086
3.800349687554388 0.015571115482009
3.802950015327564 0.015665547522606
3.805549373441985 0.015760285905532
3.808147762657791 0.015855330632153
3.810745183732375 0.015950682148818
3.813341637420252 0.016046341018405
3.815937124474034 0.016142306980162
3.818531645643223 0.016238580806347
3.821125201674926 0.016335162667916
3.823717793313780 0.016432052804121
3.826309421301857 0.016529251542258
3.828900086378713 0.016626759171407
3.831489789281471 0.016724575919323
3.834078530744487 0.016822702300104
3.836666311499948 0.016921138328997
3.839253132277413 0.017019884412395
3.841838993803971 0.017118940834051
3.844423896804023 0.017218308064984
3.847007842000088 0.017317985892352
3.849590830111554 0.017417975185168
3.852172861855815 0.017518275835237
3.854753937947584 0.017618888333390
3.857334059099458 0.017719812692467
3.859913226021225 0.017821049521407
3.862491439420475 0.017922598917800
3.865068700002470 0.018024461086043
3.867645008469863 0.018126636486834
3.870220365523088 0.018229125249852
3.872794771859944 0.018331927860003
3.875368228176491 0.018435044049389
3.877940735165590 0.018538474802322
3.880512293518450 0.018642219780315
3.883082903923341 0.018746279759183
3.885652567066694 0.018850654572061
3.888221283632433 0.018955344634786
3.890789054302036 0.019060350312086
3.893355879754747 0.019165671795385
3.895921760667650 0.019271309216167
3.898486697715220 0.019377263098593
3.901050691569972 0.019483533412381
3.903613742901956 0.019590120568554
3.906175852378975 0.019697024794596
3.908737020666536 0.019804246366702
3.911297248427945 0.019911785483856
3.913856536324267 0.020019642383903
3.916414885014297 0.020127817338571
3.918972295154441 0.020236310722026
3.921528767399210 0.020345122491664
3.924084302400672 0.020454253083235
3.926638900808597 0.020563702808185
3.929192563270833 0.020673471663357
3.931745290432707 0.020783560164628
3.934297082937680 0.020893968270550
3.936847941426679 0.021004696517733
3.939397866538790 0.021115744853198
3.941946858910814 0.021227113611057
3.944494919177210 0.021338803177458
3.947042047970390 0.021450813692188
3.949588245920883 0.021563145159553
3.952133513656745 0.021675798092887
3.954677851804185 0.021788772472806
3.957221260986776 0.021902068969949
3.959763741826522 0.022015687332377
3.962305294943218 0.022129627868856
3.964845920954370 0.022243890962720
3.967385620475451 0.022358476780388
3.969924394120014 0.022473385392553
3.972462242499057 0.022588617430862
3.974999166222135 0.022704172562533
3.977535165896342 0.022820051346256
3.980070242126937 0.022936253797302
3.982604395516822 0.023052780397484
3.985137626667335 0.023169630935563
3.987669936177133 0.023286806179850
3.990201324643401 0.023404305853957
3.992731792661137 0.023522130306461
3.995261340823087 0.023640279945251
3.997789969720353 0.023758754656725
4.000317679941831 0.023877554821967
4.002844472074414 0.023996680646386
4.005370346703110 0.024116132239819
4.007895304410889 0.024235909850749
4.010419345778795 0.024356013632122
4.012942471385763 0.024476443903949
4.015464681808906 0.024597200737653
4.017985977623302 0.024718284396986
4.020506359402223 0.024839694952033
4.023025827716761 0.024961432798903
4.025544383136573 0.025083497694437
4.028062026228675 0.025205890447543
4.030578757558590 0.025328610870780
4.033094577690075 0.025451659023772
4.035609487184389 0.025575035600245
4.038123486601659 0.025698740118779
4.040636576499633 0.025822773179150
4.043148757434084 0.025947135039063
4.045660029959439 0.026071825412721
4.048170394627627 0.026196845018731
4.050679851989244 0.026322193568918
4.053188402592555 0.026447871646497
4.055696046984444 0.026573879014428
4.058202785709545 0.026700216193556
4.060708619310973 0.026826883072902
4.063213548329540 0.026953880233403
4.065717573304819 0.027081207325540
4.068220694774190 0.027208864841070
4.070722913273498 0.027336852702114
4.073224229336326 0.027465171466381
4.075724643495194 0.027593820650392
4.078224156279968 0.027722801166979
4.080722768219125 0.027852112825569
4.083220479839570 0.027981755600948
4.085717291666257 0.028111729797809
4.088213204222110 0.028242035804789
4.090708218028840 0.028372673292053
4.093202333605601 0.028503643112478
4.095695551470856 0.028634944487585
4.098187872140511 0.028766578281735
4.100679296128979 0.028898544426438
4.103169823948988 0.029030843028203
4.105659456111466 0.029163474300045
4.108148193125629 0.029296438375803
4.110636035499109 0.029429735288696
4.113122983737623 0.029563365359257
4.115609038345382 0.029697328561419
4.118094199824678 0.029831625226435
4.120578468676483 0.029966255172010
4.123061845399768 0.030101218811304
4.125544330491952 0.030236516171643
4.128025924448587 0.030372147557412
4.130506627763931 0.030508112779038
4.132986440930177 0.030644412323193
4.135465364438446 0.030781045805484
4.137943398777407 0.030918014071054
4.140420544434784 0.031055316626726
4.142896801896399 0.031192953840947
4.145372171646356 0.031330925909466
4.147846654167328 0.031469232794787
4.150320249940265 0.031607874705853
4.152792959444461 0.031746851806222
4.155264783157712 0.031886164119169
4.157735721556257 0.032025811728444
4.160205775114592 0.032165794878552
4.162674944305575 0.032306113733633
4.165143229600852 0.032446768076888
4.167610631469961 0.032587758494706
4.170077150381393 0.032729084634403
4.172542786801793 0.032870746854845
4.175007541196176 0.033012745329200
4.177471414028323 0.033155079880837
4.179934405760013 0.033297751023046
4.182396516851880 0.033440758501192
4.184857747762874 0.033584102560229
4.187318098950572 0.033727783155287
4.189777570870493 0.033871800863289
4.192236163977445 0.034016155066160
4.194693878724072 0.034160846443594
4.197150715561717 0.034305874903348
4.199606674940510 0.034451240290087
4.202061757308527 0.034596943187695
4.204515963112721 0.034742983367158
4.206969292798524 0.034889360949028
4.209421746809872 0.035036076041948
4.211873325589195 0.035183128756809
4.214324029577452 0.035330519191344
4.216773859214054 0.035478247500070
4.219222814937275 0.035626313487696
4.221670897183583 0.035774717552139
4.224118106388204 0.035923459591559
4.226564442984667 0.036072539915446
4.229009907405334 0.036221958367488
4.231454500081196 0.036371714968736
4.233898221441627 0.036521809971744
4.236341071914382 0.036672243623552
4.238783051926290 0.036823015572424
4.241224161902503 0.036974126122644
4.243664402266749 0.037125575370613
4.246103773441298 0.037277363434610
4.248542275847369 0.037429490084559
4.250979909904459 0.037581955684249
4.253416676030557 0.037734760408720
4.255852574642834 0.037887903831994
4.258287606156423 0.038041386608210
4.260721770985624 0.038195208324632
4.263155069543187 0.038349369211976
4.265587502240257 0.038503869550231
4.268019069486995 0.038658709073744
4.270449771692175 0.038813887876946
4.272879609262928 0.038969406284305
4.275308582605267 0.039125264156723
4.277736692123967 0.039281461467073
4.280163938222232 0.039437998487331
4.282590321302135 0.039594875097619
4.285015841764356 0.039752091421529
4.287440500008238 0.039909647527495
4.289864296431850 0.040067543437110
4.292287231432081 0.040225779089642
4.294709305404197 0.040384354824816
4.297130518742519 0.040543270375459
4.299550871839895 0.040702525952964
4.301970365087885 0.040862121604897
4.304388998876897 0.041022057262993
4.306806773595977 0.041182333047330
4.309223689632875 0.041342949022160
4.311639747374116 0.041503905192990
4.314054947204968 0.041665201595142
4.316469289509495 0.041826838222394
4.318882774670407 0.041988815202639
4.321295403069269 0.042151132484422
4.323707175086263 0.042313790223328
4.326118091100572 0.042476788247776
4.328528151489984 0.042640126729972
4.330937356631053 0.042803805710089
4.333345706899069 0.042967825258859
4.335753202668386 0.043132185145955
4.338159844311795 0.043296885718095
4.340565632201073 0.043461926825770
4.342970566706892 0.043627308405186
4.345374648198387 0.043793030788174
4.347777877043766 0.043959093752073
4.350180253610093 0.044125497282590
4.352581778263048 0.044292241576159
4.354982451367270 0.044459326527347
4.357382273286249 0.044626752133816
4.359781244382070 0.044794518618417
4.362179365016087 0.044962625608635
4.364576635547959 0.045131073598156
4.366973056336644 0.045299862185593
4.369368627739711 0.045468991606659
4.371763350113694 0.045638461758231
4.374157223813837 0.045808272790554
4.376550249194490 0.045978424487813
4.378942426608472 0.046148917216177
4.381333756407925 0.046319750571146
4.383724238943683 0.046490924727726
4.386113874565329 0.046662439803631
4.388502663621523 0.046834295627227
4.390890606459756 0.047006492250073
4.393277703426272 0.047179029800446
4.395663954866461 0.047351908054516
4.398049361124322 0.047525127269987
4.400433922543262 0.047698686991188
4.402817639464869 0.047872587875246
4.405200512230160 0.048046829448243
4.407582541179083 0.048221411694008
4.409963726650300 0.048396334795623
4.412344068981407 0.048571598734813
4.414723568509228 0.048747203235566
4.417102225569013 0.048923148746026
4.419480040495321 0.049099434925193
4.421857013621747 0.049276061671223
4.424233145280457 0.049453029315686
4.426608435802805 0.049630337626875
4.428982885519217 0.049807986486501
4.431356494758848 0.049985976085125
4.433729263849872 0.050164306359910
4.436101193119498 0.050342977225860
4.438472282893795 0.050521988768159
4.440842533498119 0.050701340682324
4.443211945256297 0.050881033413473
4.445580518491750 0.051061066380540
4.447948253526351 0.051241440048760
4.450315150681146 0.051422154230101
4.452681210276372 0.051603208721901
4.455046432631095 0.051784603651545
4.457410818063415 0.051966338964598
4.459774366890339 0.052148414727515
4.462137079428103 0.052330830709594
4.464498955991755 0.052513587068797
4.466859996895455 0.052696683688165
4.469220202452461 0.052880120468289
4.471579572974993 0.053063897434983
4.473938108774328 0.053248014531963
4.476295810160582 0.053432471900561
4.478652677443428 0.053617269032782
4.481008710930929 0.053802406490893
4.483363910930625 0.053987883839773
4.485718277749146 0.054173701005325
4.488071811691801 0.054359858291827
4.490424513063400 0.054546355250298
4.492776382167497 0.054733192133145
4.495127419306836 0.054920368781979
4.497477624783288 0.055107885100437
4.499826998897830 0.055295741015114
4.502175541950266 0.055483936703736
4.504523254239902 0.055672471743150
4.506870136064639 0.055861346524664
4.509216187721827 0.056050560673761
4.511561409507792 0.056240114246439
4.513905801718003 0.056430007146896
4.516249364647021 0.056620239331987
4.518592098588556 0.056810810709148
4.520934003835148 0.057001721470953
4.523275080678935 0.057192971124246
4.525615329410791 0.057384559955269
4.527954750320823 0.057576487802850
4.530293343698366 0.057768754512318
4.532631109831722 0.057961360169329
4.534968049008389 0.058154304653939
4.537304161515211 0.058347587707891
4.539639447637784 0.058541209623135
4.541973907661068 0.058735170131122
4.544307541869250 0.058929469092432
4.546640350545413 0.059124106671719
4.548972333972059 0.059319082556361
4.551303492430676 0.059514396835488
4.553633826202137 0.059710049233530
4.555963335566101 0.059906040025206
4.558292020801806 0.060102368761046
4.560619882187381 0.060299035625893
4.562946920000148 0.060496040526784
4.565273134516815 0.060693383203146
4.567598526013099 0.060891063732093
4.569923094764077 0.061089081879234
4.572246841043667 0.061287437884260
4.574569765125335 0.061486131343975
4.576891867281690 0.061685162225353
4.579213147784136 0.061884530819166
4.581533606904058 0.062084236329969
4.583853244911317 0.062284279340996
4.586172062075376 0.062484659415620
4.588490058664775 0.062685376586203
4.590807234947337 0.062886430712948
4.593123591189998 0.063087821803286
4.595439127659122 0.063289549581296
4.597753844620180 0.063491614070454
4.600067742337586 0.063694015443720
4.602380821075709 0.063896752949035
4.604693081097369 0.064099827213815
4.607004522665321 0.064303237511174
4.609315146040856 0.064506984394310
4.611624951485064 0.064711067265106
4.613933939258182 0.064915486120561
4.616242109619471 0.065120241073853
4.618549462827719 0.065325331785688
4.620855999140713 0.065530758392835
4.623161718815857 0.065736520468253
4.625466622109569 0.065942618154333
4.627770709277341 0.066149051520479
4.630073980574534 0.066355819922820
4.632376436255329 0.066562923675041
4.634678076573140 0.066770362717913
4.636978901781073 0.066978136569826
4.639278912131118 0.067186245497111
4.641578107874708 0.067394689249467
4.643876489262549 0.067603467738802
4.646174056544943 0.067812580578369
4.648470809970791 0.068022028308370
4.650766749788942 0.068231810216058
4.653061876247455 0.068441926284585
4.655356189593292 0.068652376773792
4.657649690073195 0.068863161137709
4.659942377933007 0.069074279459251
4.662234253417986 0.069285731536851
4.664525316772522 0.069497517424972
4.666815568240591 0.069709636769811
4.669105008065166 0.069922089755856
4.671393636488869 0.070134875971265
4.673681453753566 0.070347995378431
4.675968460100332 0.070561447976826
4.678254655769821 0.070775233421202
4.680540041001666 0.070989351927036
4.682824616035242 0.071203803004200
4.685108381109065 0.071418586725436
4.687391336461063 0.071633702902039
4.689673482328267 0.071849151649195
4.691954818947599 0.072064932342887
4.694235346554885 0.072281045275104
4.696515065385468 0.072497490183475
4.698793975674107 0.072714266889495
4.701072077654727 0.072931375451124
4.703349371561039 0.073148815352759
4.705625857625633 0.073366586928100
4.707901536080787 0.073584689753293
4.710176407157980 0.073803123863780
4.712450471088343 0.074021888876573
4.714723728102321 0.074240984723935
4.716996178429321 0.074460411669482
4.719267822298817 0.074680168946417
4.721538659939133 0.074900256929726
4.723808691578341 0.075120675150762
4.726077917443566 0.075341423799401
4.728346337761900 0.075562502204981
4.730613952759081 0.075783910943721
4.732880762661042 0.076005649137561
4.735146767692378 0.076227717343664
4.737411968077838 0.076450114731719
4.739676364040911 0.076672841788605
4.741939955805186 0.076895897737622
4.744202743592898 0.077119283158325
4.746464727626430 0.077342997230162
4.748725908127072 0.077567040295928
4.750986285315973 0.077791411804245
4.753245859413322 0.078016111980354
4.755504630639050 0.078241140384330
4.757762599212239 0.078466497141471
4.760019765351808 0.078692181729785
4.762276129275823 0.078918194275563
4.764531691201848 0.079144534579384
4.766786451346742 0.079371202636525
4.769040409927311 0.079598197827729
4.771293567159374 0.079825520414447
4.773545923258234 0.080053170216561
4.775797478438924 0.080281146826014
4.778048232915580 0.080509450424020
4.780298186902270 0.080738080417147
4.782547340612005 0.080967037138845
4.784795694257729 0.081196319999073
4.787043248051526 0.081425929146085
4.789290002205176 0.081655864219956
4.791535956929792 0.081886125193780
4.793781112436055 0.082116711822547
4.796025468934034 0.082347624037833
4.798269026633474 0.082578861494938
4.800511785743496 0.082810424135237
4.802753746472630 0.083042311877909
4.804994909029025 0.083274524432064
4.807235273620200 0.083507061756825
4.809474840453386 0.083739923481134
4.811713609735288 0.083973109463507
4.813951581671732 0.084206619900075
4.816188756468543 0.084440454153115
4.818425134330808 0.084674612289586
4.820660715463239 0.084909094030047
4.822895500069762 0.085143899483773
4.825129488354179 0.085379028146038
4.827362680519958 0.085614479699446
4.829595076769437 0.085850254588758
4.831826677305101 0.086086352047593
4.834057482328572 0.086322772274888
4.836287492041263 0.086559514840862
4.838516706643873 0.086796579807072
4.840745126336979 0.087033966663729
4.842972751320432 0.087271675486891
4.845199581793604 0.087509706112877
4.847425617955374 0.087748058391727
4.849650860004626 0.087986731711207
4.851875308139153 0.088225726488479
4.854098962556722 0.088465042143150
4.856321823454408 0.088704678718499
4.858543891028957 0.088944635923184
4.860765165476699 0.089184913544667
4.862985646993629 0.089425511297700
4.865205335774911 0.089666429364696
4.867424232015699 0.089907667159725
4.869642335910286 0.090149224896694
4.871859647653227 0.090391101727594
4.874076167437875 0.090633298200155
4.876291895457471 0.090875813822219
4.878506831904897 0.091118648343083
4.880720976972682 0.091361801504940
4.882934330852613 0.091605273420324
4.885146893736339 0.091849063631317
4.887358665815083 0.092093171955845
4.889569647279421 0.092337598419797
4.891779838319718 0.092582342639978
4.893989239126057 0.092827404298251
4.896197849887635 0.093072783658446
4.898405670793819 0.093318479974436
4.900612702033255 0.093564493350511
4.902818943794125 0.093810823654849
4.905024396264387 0.094057470517849
4.907229059631515 0.094304433827762
4.909432934082833 0.094551713153616
4.911636019804564 0.094799308965531
4.913838316983565 0.095047220094991
4.916039825805456 0.095295447143246
4.918240546455834 0.095543989566935
4.920440479120007 0.095792847074986
4.922639623982557 0.096042019788325
4.924837981228044 0.096291507164875
4.927035551040460 0.096541309184561
4.929232333603426 0.096791425635839
4.931428329100269 0.097041856239219
4.933623537713853 0.097292600876680
4.935817959626774 0.097543659244885
4.938011595021123 0.097795031268626
4.940204444078770 0.098046716603695
4.942396506981195 0.098298715065847
4.944587783909505 0.098551026461973
4.946778275044304 0.098803650715575
4.948967980565831 0.099056587627038
4.951156900654676 0.099309836310804
4.953345035489875 0.099563397706119
4.955532385251290 0.099817270471908
4.957718950117455 0.100071455337990
4.959904730267108 0.100325951560821
4.962089725878605 0.100580758960307
4.964273937129891 0.100835877395675
4.966457364198462 0.101091306748212
4.968640007261732 0.101347046560814
4.970821866496562 0.101603096825484
4.973002942079416 0.101859457380793
4.975183234186606 0.102116127840945
4.977362742994282 0.102373107826055
4.979541468677692 0.102630397665720
4.981719411412399 0.102887996527409
4.983896571373149 0.103145904661518
4.986072948734590 0.103404121635474
4.988248543671245 0.103662647036837
4.990423356356811 0.103921481135469
4.992597386965136 0.104180623254909
4.994770635669518 0.104440073404325
4.996943102643073 0.104699831230315
4.999114788058359 0.104959896746336
5.001285692088011 0.105220269359945
5.003455814903971 0.105480949215774
5.005625156678238 0.105741935739464
5.007793717582116 0.106003229080664
5.009961497786920 0.106264828714777
5.012128497463432 0.106526734637264
5.014294716782462 0.106788946304843
5.016460155914230 0.107051463777639
5.018624815028768 0.107314286719681
5.020788694295647 0.107577415065596
5.022951793884607 0.107840848144779
5.025114113964515 0.108104586285245
5.027275654704395 0.108368628834408
5.029436416272612 0.108632975913971
5.031596398837713 0.108897626853005
5.033755602567710 0.109162581652834
5.035914027630131 0.109427840282883
5.038071674192542 0.109693402207307
5.040228542422136 0.109959267280512
5.042384632485701 0.110225435393528
5.044539944549979 0.110491906099651
5.046694478781323 0.110758679269859
5.048848235345763 0.111025754721631
5.051001214409225 0.111293132062302
5.053153416137185 0.111560811232027
5.055304840695027 0.111828791828786
5.057455488247539 0.112097073932246
5.059605358959795 0.112365656781582
5.061754452996190 0.112634540538746
5.063902770520872 0.112903724956143
5.066050311697921 0.113173209612978
5.068197076691213 0.113442994220344
5.070343065663994 0.113713078903102
5.072488278779705 0.113983462987055
5.074632716201375 0.114254146390317
5.076776378091528 0.114525129120439
5.078919264612940 0.114796410448425
5.081061375927692 0.115067990573896
5.083202712197714 0.115339869160570
5.085343273585118 0.115612045553630
5.087483060251161 0.115884520111745
5.089622072357337 0.116157292122853
5.091760310064478 0.116430361757736
5.093897773533590 0.116703728376103
5.096034462925203 0.116977391962900
5.098170378399837 0.117251352060759
5.100305520117516 0.117525608679792
5.102439888238171 0.117800161442091
5.104573482921558 0.118075010044788
5.106706304326978 0.118350154472783
5.108838352613811 0.118625594170551
5.110969627941105 0.118901329007177
5.113100130467602 0.119177358811474
5.115229860351989 0.119453683172692
5.117358817752431 0.119730302137824
5.119487002827237 0.120007215105247
5.121614415734451 0.120284421877073
5.123741056631601 0.120561922492709
5.125866925676254 0.120839716454971
5.127992023025940 0.121117803347469
5.130116348837371 0.121396183505769
5.132239903267966 0.121674855792649
5.134362686473946 0.121953820915280
5.136484698612068 0.122233077903906
5.138605939838678 0.122512626702744
5.140726410309643 0.122792467331387
5.142846110180980 0.123072599192225
5.144965039608636 0.123353021905247
5.147083198747589 0.123633735965651
5.149200587753642 0.123914740124566
5.151317206781765 0.124196034747806
5.153433055986747 0.124477619564931
5.155548135523587 0.124759493932471
5.157662445546597 0.125041658072042
5.159775986210334 0.125324111307971
5.161888757668982 0.125606853557141
5.164000760076464 0.125889884640773
5.166111993586666 0.126173204151811
5.168222458353267 0.126456811857325
5.170332154529509 0.126740707743389
5.172441082268867 0.127024891150981
5.174549241724600 0.127309361851351
5.176656633049203 0.127594120161105
5.178763256395988 0.127879164844095
5.180869111917225 0.128164496489532
5.182974199765320 0.128450114533134
5.185078520092699 0.128736018523432
5.187182073051348 0.129022208462503
5.189284858793273 0.129308683901391
5.191386877470001 0.129595444881828
5.193488129233400 0.129882490641066
5.195588614234738 0.130169821345520
5.197688332625461 0.130457436391317
5.199787284556550 0.130745335811104
5.201885470179041 0.131033519129175
5.203982889643562 0.131321986322484
5.206079543100969 0.131610736745397
5.208175430701647 0.131899770439239
5.210270552595867 0.132189087098231
5.212364908934031 0.132478686173860
5.214458499866010 0.132768567770152
5.216551325541722 0.133058731420820
5.218643386110913 0.133349176883604
5.220734681723213 0.133639903855383
5.222825212528066 0.133930912104122
5.224914978674819 0.134222201310676
5.227003980312535 0.134513771343958
5.229092217590305 0.134805621762647
5.231179690657011 0.135097752364973
5.233266399661519 0.135390162753429
5.235352344752147 0.135682853059640
5.237437526077692 0.135975822402564
5.239521943786348 0.136269070970405
5.241605598026323 0.136562598342084
5.243688488945907 0.136856404032585
5.245770616692768 0.137150488247751
5.247851981414719 0.137444850440305
5.249932583259630 0.137739490152984
5.252012422374890 0.138034407460196
5.254091498908258 0.138329601590635
5.256169813006676 0.138625072951120
5.258247364817553 0.138920820681683
5.260324154487775 0.139216844901726
5.262400182164741 0.139513144703174
5.264475447994747 0.139809720782513
5.266549952124713 0.140106572122338
5.268623694701322 0.140403698563683
5.270696675871038 0.140701099926683
5.272768895780016 0.140998776127154
5.274840354574968 0.141296726214821
5.276911052401367 0.141594951028504
5.278980989405913 0.141893448959555
5.281050165734050 0.142192220861961
5.283118581531836 0.142491265737416
5.285186236944877 0.142790583646279
5.287253132118741 0.143090174233436
5.289319267199148 0.143390036964365
5.291384642331313 0.143690171953419
5.293449257660410 0.143990578853751
5.295513113331777 0.144291257119347
5.297576209490508 0.144592206604736
5.299638546281430 0.144893427195596
5.301700123849670 0.145194918209313
5.303760942339973 0.145496679642215
5.305821001896700 0.145798711496647
5.307880302664950 0.146101012658632
5.309938844788745 0.146403583818930
5.311996628412874 0.146706423834154
5.314053653681458 0.147009532994814
5.316109920738807 0.147312910730601
5.318165429729047 0.147616556852938
5.320220180796134 0.147920471154502
5.322274174084209 0.148224653072697
5.324327409736926 0.148529102720240
5.326379887898286 0.148833819379890
5.328431608711907 0.149138803058903
5.330482572321505 0.149444053288539
5.332532778870474 0.149749570016571
5.334582228502220 0.150055352864947
5.336630921360493 0.150361401115497
5.338678857588264 0.150667715182221
5.340726037328674 0.150974294524126
5.342772460725288 0.151281138349447
5.344818127920820 0.151588247145204
5.346863039058486 0.151895620040107
5.348907194281050 0.152203257124379
5.350950593731404 0.152511157902132
5.352993237552465 0.152819321986920
5.355035125886698 0.153127749469582
5.357076258876993 0.153436439556347
5.359116636665769 0.153745392364850
5.361156259395671 0.154054607305498
5.363195127208916 0.154364084441592
5.365233240248229 0.154673822914997
5.367270598655614 0.154983823081311
5.369307202573268 0.155294084387453
5.371343052143562 0.155604606313732
5.373378147508765 0.155915388596020
5.375412488810512 0.156226431516794
5.377446076191010 0.156537734147440
5.379478909792502 0.156849296097865
5.381510989756360 0.157161117889890
5.383542316224771 0.157473198351565
5.385572889339416 0.157785537636492
5.387602709241937 0.158098135436354
5.389631776074018 0.158410991356442
5.391660089977373 0.158724105016739
5.393687651093418 0.159037476365749
5.395714459563842 0.159351104783717
5.397740515529989 0.159664990268118
5.399765819133211 0.159979132462184
5.401790370514905 0.160293530975250
5.403814169816617 0.160608185314820
5.405837217179361 0.160923095667183
5.407859512744171 0.161238261665650
5.409881056652762 0.161553682287587
5.411901849045814 0.161869358225987
5.413921890064701 0.162185288442976
5.415941179850372 0.162501473025718
5.417959718543757 0.162817911646851
5.419977506286003 0.163134603754578
5.421994543217735 0.163451549527787
5.424010829480170 0.163768748039877
5.426026365214137 0.164086199334578
5.428041150560070 0.164403903478302
5.430055185659246 0.164721859280214
5.432068470652018 0.165040067338964
5.434081005679451 0.165358526601263
5.436092790882009 0.165677237333489
5.438103826400376 0.165996198983444
5.440114112375086 0.166315411368256
5.442123648946791 0.166634874034406
5.444132436256195 0.166954586597818
5.446140474443712 0.167274549022082
5.448147763649720 0.167594761007604
5.450154304014871 0.167915221950645
5.452160095679539 0.168235931798701
5.454165138784149 0.168556890176997
5.456169433469157 0.168878096721850
5.458172979874797 0.169199551327623
5.460175778141526 0.169521253445827
5.462177828409596 0.169843202954812
5.464179130819494 0.170165399292830
5.466179685511307 0.170487842538256
5.468179492625344 0.170810532138777
5.470178552301872 0.171133467816991
5.472176864681160 0.171456649247174
5.474174429903264 0.171780076317950
5.476171248108630 0.172103748317176
5.478167319437272 0.172427665358497
5.480162644029290 0.172751827032469
5.482157222025002 0.173076232801799
5.484151053564736 0.173400882331241
5.486144138788010 0.173725776128469
5.488136477835332 0.174050912866605
5.490128070846896 0.174376292548562
5.492118917962539 0.174701915216545
5.494109019322439 0.175027780211509
5.496098375066676 0.175353887314817
5.498086985335290 0.175680236252238
5.500074850268316 0.176006826711831
5.502061970005969 0.176333658201086
5.504048344688208 0.176660730660376
5.506033974454825 0.176988043949658
5.508018859446293 0.177315597065473
5.510002999802168 0.177643390624787
5.511986395662912 0.177971423399377
5.513969047168323 0.178299695748615
5.515950954458496 0.178628207062050
5.517932117673366 0.178956957196546
5.519912536952984 0.179285945720299
5.521892212437518 0.179615172207330
5.523871144266767 0.179944636725622
5.525849332580803 0.180274338690664
5.527826777519994 0.180604277494379
5.529803479223732 0.180934453822447
5.531779437832667 0.181264866088946
5.533754653486445 0.181595515013424
5.535729126325476 0.181926399511185
5.537702856489279 0.182257520186357
5.539675844118484 0.182588875605304
5.541648089352748 0.182920466455833
5.543619592332448 0.183252291700145
5.545590353197573 0.183584351433410
5.547560372087986 0.183916645486184
5.549529649144132 0.184249172959621
5.551498184505792 0.184581934231281
5.553465978313488 0.184914928252141
5.555433030707120 0.185248155350668
5.557399341826819 0.185581614994920
5.559364911812763 0.185915306843303
5.561329740805230 0.186249230489811
5.563293828944366 0.186583385777936
5.565257176370343 0.186917772382843
5.567219783223478 0.187252389860425
5.569181649643830 0.187587238180554
5.571142775771887 0.187922316609846
5.573103161747814 0.188257625183712
5.575062807711926 0.188593163456701
5.577021713804649 0.188928931022780
5.578979880166087 0.189264927916373
5.580937306936660 0.189601153524620
5.582893994256854 0.189937607487650
5.584849942267160 0.190274289512618
5.586805151107673 0.190611199706584
5.588759620919152 0.190948337111732
5.590713351841770 0.191285702031499
5.592666344016422 0.191623293436736
5.594618597583199 0.191961111864881
5.596570112683053 0.192299156150360
5.598520889456145 0.192637426811060
5.600470928043313 0.192975922866087
5.602420228585251 0.193314644181485
5.604368791222499 0.193653590627504
5.606316616095568 0.193992761947311
5.608263703345503 0.194332157310290
5.610210053112726 0.194671777070284
5.612155665538441 0.195011620145377
5.614100540762700 0.195351687427690
5.616044678927182 0.195691976972303
5.617988080172125 0.196032489969193
5.619930744638769 0.196373225116739
5.621872672467855 0.196714182636317
5.623813863800620 0.197055361746373
5.625754318777530 0.197396762950746
5.627694037540206 0.197738384794286
5.629633020229199 0.198080228087523
5.631571266985874 0.198422291719078
5.633508777951346 0.198764575667039
5.635445553266876 0.199107079507169
5.637381593073587 0.199449803096609
5.639316897512624 0.199792746146471
5.641251466725359 0.200135908137360
5.643185300853157 0.200479288808295
5.645118400037229 0.200822888035113
5.647050764419279 0.201166705043526
5.648982394140366 0.201510740218346
5.650913289342169 0.201854992648785
5.652843450166354 0.202199462073970
5.654772876754249 0.202544148570406
5.656701569247483 0.202889051557676
5.658629527787828 0.203234170610771
5.660556752517106 0.203579505412048
5.662483243576483 0.203925056365847
5.664409001108442 0.204270821841758
5.666334025254433 0.204616802635522
5.668258316156335 0.204962998038834
5.670181873956175 0.205309407625230
5.672104698795935 0.205656031174081
5.674026790817519 0.206002868498738
5.675948150163016 0.206349919137489
5.677868776974585 0.206697182755954
5.679788671394417 0.207044659052499
5.681707833564491 0.207392347975243
5.683626263627322 0.207740248709372
5.685543961725089 0.208088361336755
5.687460928000268 0.208436685280614
5.689377162594967 0.208785220665302
5.691292665651953 0.209133966536530
5.693207437313553 0.209482923090345
5.695121477722513 0.209832089629024
5.697034787021215 0.210181466267830
5.698947365352454 0.210531052314418
5.700859212858831 0.210880847710893
5.702770329683458 0.211230851664849
5.704680715968663 0.211581064725076
5.706590371857639 0.211931485738618
5.708499297493407 0.212282114626323
5.710407493018560 0.212632951561899
5.712314958576411 0.212983995550425
5.714221694310190 0.213335246414784
5.716127700362762 0.213686704271200
5.718032976877619 0.214038368219310
5.719937523997813 0.214390238452165
5.721841341866782 0.214742314315187
5.723744430627889 0.215094595627890
5.725646790424659 0.215447081964953
5.727548421400500 0.215799773195918
5.729449323698968 0.216152668906604
5.731349497463723 0.216505768737632
5.733248942838439 0.216859072420507
5.735147659967211 0.217212579260980
5.737045648993197 0.217566289979020
5.738942910060761 0.217920203069969
5.740839443313588 0.218274318986044
5.742735248895834 0.218628636982555
5.744630326951562 0.218983156910372
5.746524677624965 0.219337878371435
5.748418301059932 0.219692801445134
5.750311197400861 0.220047925340384
5.752203366792056 0.220403249907904
5.754094809378044 0.220758774665254
5.755985525303123 0.221114499600467
5.757875514711857 0.221470424189905
5.759764777748855 0.221826548135944
5.761653314558663 0.222182871256281
5.763541125286137 0.222539392976218
5.765428210075904 0.222896113293930
5.767314569072863 0.223253031671255
5.769200202421935 0.223610147845609
5.771085110268246 0.223967461348750
5.772969292756679 0.224324972195372
5.774852750032248 0.224682679999330
5.776735482240243 0.225040584226403
5.778617489526176 0.225398684403126
5.780498772035124 0.225756980737907
5.782379329912320 0.226115472819686
5.784259163303529 0.226474159858368
5.786138272354242 0.226833041885441
5.788016657210107 0.227192118504702
5.789894318016565 0.227551389680098
5.791771254919652 0.227910854557715
5.793647468064993 0.228270513315936
5.795522957598564 0.228630365349383
5.797397723666466 0.228990410290680
5.799271766414591 0.229350648111102
5.801145085988979 0.229711078419180
5.803017682536004 0.230071700626791
5.804889556201853 0.230432514684771
5.806760707132986 0.230793520074815
5.808631135475578 0.231154716849575
5.810500841376310 0.231516104244644
5.812369824981822 0.231877682067582
5.814238086438449 0.232239450393217
5.816105625893257 0.232601408224307
5.817972443492811 0.232963555843860
5.819838539384110 0.233325892564696
5.821703913714067 0.233688418238894
5.823568566629800 0.234051132414605
5.825432498278206 0.234414035089044
5.827295708806526 0.234777125668512
5.829158198362175 0.235140403728997
5.831019967092438 0.235503869179956
5.832881015144700 0.235867521676851
5.834741342666344 0.236231360988589
5.836600949805229 0.236595386388096
5.838459836708713 0.236959598159459
5.840318003524793 0.237323995403939
5.842175450401116 0.237688578255804
5.844032177485587 0.238053346211810
5.845888184926237 0.238418298906832
5.847743472871253 0.238783435949414
5.849598041468488 0.239148757453400
5.851451890866525 0.239514262427266
5.853305021213300 0.239879951314478
5.855157432657365 0.240245823241473
5.857009125347471 0.240611877770378
5.858860099431661 0.240978115410643
5.860710355058863 0.241344535008997
5.862559892377806 0.241711136542201
5.864408711537306 0.242077919691798
5.866256812686060 0.242444884353295
5.868104195973115 0.242812029931190
5.869950861547789 0.243179355916606
5.871796809558750 0.243546862758883
5.873642040155599 0.243914549257733
5.875486553487634 0.244282415500675
5.877330349704029 0.244650461393306
5.879173428954453 0.245018686188625
5.881015791388363 0.245387089885350
5.882857437155507 0.245755671947227
5.884698366405493 0.246124432304361
5.886538579288184 0.246493370457643
5.888378075953702 0.246862485913626
5.890216856551808 0.247231778826508
5.892054921232631 0.247601248585596
5.893892270146430 0.247970894829696
5.895728903443294 0.248340717518702
5.897564821273795 0.248710715917762
5.899400023788210 0.249080890113672
5.901234511137146 0.249451239540317
5.903068283471204 0.249821763981030
5.904901340941080 0.250192463115852
5.906733683697516 0.250563336669113
5.908565311891433 0.250934384239460
5.910396225673807 0.251305605541529
5.912226425195694 0.251677000274574
5.914055910608345 0.252048568013503
5.915884682062744 0.252420308815535
5.917712739710386 0.252792221929213
5.919540083702853 0.253164307036039
5.921366714191359 0.253536564311924
5.923192631327706 0.253908992916012
5.925017835263368 0.254281592974873
5.926842326150386 0.254654363671664
5.928666104140500 0.255027305111968
5.930489169385799 0.255400416700880
5.932311522038039 0.255773698581908
5.934133162249731 0.256147149736681
5.935954090172784 0.256520770585371
5.937774305959911 0.256894560061291
5.939593809763302 0.257268518501756
5.941412601735499 0.257642645323973
5.943230682029068 0.258016940280039
5.945048050796783 0.258391402940041
5.946864708191395 0.258766033110545
5.948680654366028 0.259140830183391
5.950495889473347 0.259515794436062
5.952310413666547 0.259890925081919
5.954124227098747 0.260266222000396
5.955937329923474 0.260641684537668
5.957749722293817 0.261017312948660
5.959561404363293 0.261393106567741
5.961372376285608 0.261769064979692
5.963182638214086 0.262145188379478
5.964992190302826 0.262521475733058
5.966801032705429 0.262897927358386
5.968609165575818 0.263274542700429
5.970416589068232 0.263651321214597
5.972223303336555 0.264028263067299
5.974029308535282 0.264405367399355
5.975834604818416 0.264782634520972
5.977639192340447 0.265160063708671
5.979443071256064 0.265537654541009
5.981246241719709 0.265915407070463
5.983048703886103 0.266293320790933
5.984850457910103 0.266671395350475
5.986651503946571 0.267049630533161
5.988451842150416 0.267428026083841
5.990251472676812 0.267806581512491
5.992050395680974 0.268185296566175
5.993848611318148 0.268564171008056
5.995646119743746 0.268943204449178
5.997442921112979 0.269322396901628
5.999239015581628 0.269701747549964
6.001034403305436 0.270081256228453
6.002829084440243 0.270460922625915
6.004623059141724 0.270840746719407
6.006416327565860 0.271220727970972
6.008208889868816 0.271600865979059
6.010000746206644 0.271981160662095
6.011791896735676 0.272361611518047
6.013582341612143 0.272742218447863
6.015372080992736 0.273122980757934
6.017161115033783 0.273503898630772
6.018949443892200 0.273884971235808
6.020737067724458 0.274266198844082
6.022523986687571 0.274647580673210
6.024310200938516 0.275029116561369
6.026095710634253 0.275410806323452
6.027880515931963 0.275792649519572
6.029664616988897 0.276174645874792
6.031448013962524 0.276556794953312
6.033230707010181 0.276939096694759
6.035012696289337 0.277321550756665
6.036793981957866 0.277704156507920
6.038574564173357 0.278086914045419
6.040354443093713 0.278469822841368
6.042133618876851 0.278852882673894
6.043912091680781 0.279236093248271
6.045689861663956 0.279619453884929
6.047466928984374 0.280002964877807
6.049243293800303 0.280386625732348
6.051018956270408 0.280770435831210
6.052793916553186 0.281154395149565
6.054568174807252 0.281538503363414
6.056341731191444 0.281922760038005
6.058114585864583 0.282307164992845
6.059886738985611 0.282691717898603
6.061658190713659 0.283076418355983
6.063428941207657 0.283461266385027
6.065198990627335 0.283846260921944
6.066968339131547 0.284231402725320
6.068736986880183 0.284616690472918
6.070504934032560 0.285002124589656
6.072272180748529 0.285387704302698
6.074038727187753 0.285773429623048
6.075804573510107 0.286159300122021
6.077569719875590 0.286545315473603
6.079334166444434 0.286931475229858
6.081097913376503 0.287317779594915
6.082860960832418 0.287704227557128
6.084623308972430 0.288090819322439
6.086384957956951 0.288477554522731
6.088145907946763 0.288864432559367
6.089906159102374 0.289251453546419
6.091665711584659 0.289638616884201
6.093424565554559 0.290025922310170
6.095182721173081 0.290413369565822
6.096940178601397 0.290800958274008
6.098696938000590 0.291188688339839
6.100452999532045 0.291576559246119
6.102208363357072 0.291964570882147
6.103963029637395 0.292352722609167
6.105716998534505 0.292741014484459
6.107470270210118 0.293129446077283
6.109222844826163 0.293518016963504
6.110974722544449 0.293906727082223
6.112725903527140 0.294295575858383
6.114476387936297 0.294684563217210
6.116226175934242 0.295073688680921
6.117975267683119 0.295462952254529
6.119723663345609 0.295852353162725
6.121471363084233 0.296241891398357
6.123218367061767 0.296631566487770
6.124964675440514 0.297021378756209
6.126710288383758 0.297411326953418
6.128455206054433 0.297801411266574
6.130199428615516 0.298191631466252
6.131942956230095 0.298581987236519
6.133685789061729 0.298972477884972
6.135427927273498 0.299363103739435
6.137169371029111 0.299753863932203
6.138910120492167 0.300144758390926
6.140650175826051 0.300535787166354
6.142389537195078 0.300926949058992
6.144128204762692 0.301318244827484
6.145866178693101 0.301709673456247
6.147603459150416 0.302101234861501
6.149340046298815 0.302492928787999
6.151075940302664 0.302884754843636
6.152811141326482 0.303276712676894
6.154545649534501 0.303668802413873
6.156279465091725 0.304061023027254
6.158012588162598 0.304453374945059
6.159745018912037 0.304845857466504
6.161476757505033 0.305238470324466
6.163207804106745 0.305631213154144
6.164938158882083 0.306024086037109
6.166667821996562 0.306417088136580
6.168396793615438 0.306810219547303
6.170125073904040 0.307203480006756
6.171852663028094 0.307596868896687
6.173579561153281 0.307990386084775
6.175305768445477 0.308384031177092
6.177031285070220 0.308777804354891
6.178756111193854 0.309171704561465
6.180480246982302 0.309565732066843
6.182203692601768 0.309959886386104
6.183926448218610 0.310354167170753
6.185648513999245 0.310748574169120
6.187369890110105 0.311143107185177
6.189090576717894 0.311537765743098
6.190810573989345 0.311932549627165
6.192529882091312 0.312327458518845
6.194248501190374 0.312722492551577
6.195966431453964 0.313117650595733
6.197683673049153 0.313512932874412
6.199400226143085 0.313908339125649
6.201116090903227 0.314303868815501
6.202831267496807 0.314699522028010
6.204545756091571 0.315095298006423
6.206259556855037 0.315491196836106
6.207972669955206 0.315887217797066
6.209685095559753 0.316283361066687
6.211396833836596 0.316679626208591
6.213107884954120 0.317076012527052
6.214818249080111 0.317472520492265
6.216527926383211 0.317869149001453
6.218236917031510 0.318265898469968
6.219945221193591 0.318662768183734
6.221652839038091 0.319059757903517
6.223359770733772 0.319456867315767
6.225066016449456 0.319854096178071
6.226771576353847 0.320251444438387
6.228476450616241 0.320648911271068
6.230180639405565 0.321046496904928
6.231884142890949 0.321444200940616
6.233586961242027 0.321842022646017
6.235289094627867 0.322239962466556
6.236990543218275 0.322638019413461
6.238691307182813 0.323036193580204
6.240391386691235 0.323434484579877
6.242090781913277 0.323832892255062
6.243789493019082 0.324231415983784
6.245487520178514 0.324630055891005
6.247184863561857 0.325028811349425
6.248881523339352 0.325427682224710
6.250577499681345 0.325826668226741
6.252272792758218 0.326225769140503
6.253967402740679 0.326624984429475
6.255661329799397 0.327024313973029
6.257354574105062 0.327423757557037
6.259047135828565 0.327823314800215
6.260739015140929 0.328222985374819
6.262430212213232 0.328622769044687
6.264120727216737 0.329022665442752
6.265810560322778 0.329422674302218
6.267499711702537 0.329822795631466
6.269188181527683 0.330223028707170
6.270875969969772 0.330623373489676
6.272563077200356 0.331023829806490
6.274249503391684 0.331424396716916
6.275935248715180 0.331825074956625
6.277620313343157 0.332225863374360
6.279304697447680 0.332626762069789
6.280988401201141 0.333027770508147
6.282671424775390 0.333428889119884
6.284353768343303 0.333830116595214
6.286035432077310 0.334231453259010
6.287716416149849 0.334632898924818
6.289396720733909 0.335034452820237
6.291076346002207 0.335436115069307
6.292755292127735 0.335837885196377
6.294433559283527 0.336239762985845
6.296111147642778 0.336641748087757
6.297788057378599 0.337043840422734
6.299464288664463 0.337446039422510
6.301139841673712 0.337848345064472
6.302814716580137 0.338250756671011
6.304488913557412 0.338653274209878
6.306162432778869 0.339055897886876
6.307835274418677 0.339458626608101
6.309507438650862 0.339861460355076
6.311178925649395 0.340264399027596
6.312849735588403 0.340667442279043
6.314519868642321 0.341070589596567
6.316189324985387 0.341473841032931
6.317858104792157 0.341877196065967
6.319526208237090 0.342280654634952
6.321193635495090 0.342684216073098
6.322860386740655 0.343087880669640
6.324526462148799 0.343491647678340
6.326191861894376 0.343895517107269
6.327856586153066 0.344299487875059
6.329520635099247 0.344703561257519
6.331184008908522 0.345107735728068
6.332846707756519 0.345512011089210
6.334508731818395 0.345916387697978
6.336170081269987 0.346320864626603
6.337830756286753 0.346725442137949
6.339490757044677 0.347130119471265
6.341150083719692 0.347534896523774
6.342808736487633 0.347939773231226
6.344466715524613 0.348344749120996
6.346124021006919 0.348749823832838
6.347780653110720 0.349154997328493
6.349436612012541 0.349560269049245
6.351091897888798 0.349965638949007
6.352746510916230 0.350371106502655
6.354400451271303 0.350776671846063
6.356053719131051 0.351182334181161
6.357706314672161 0.351588093733133
6.359358238071830 0.351993949759674
6.361009489506937 0.352399902460067
6.362660069154782 0.352805951191029
6.364309977192729 0.353212095721861
