1.000000000000000 1.346773688360370
1.352833426174231 1.346772947908642
1.356822726668307 1.344720244468095
1.360808802645165 1.342682587711065
1.364791656480767 1.340659780432974
1.368771290598538 1.338651628947226
1.372747707469574 1.336657943008349
1.376720909612974 1.334678535737250
1.380690899595970 1.332713223548234
1.384657680033906 1.330761826077757
1.388621253590601 1.328824166115407
1.392581622978195 1.326900069536155
1.396538790957121 1.324989365234460
1.400492760336118 1.323091885060102
1.404443533972199 1.321207463755597
1.408391114770379 1.319335938894969
1.412335505683550 1.317477150824207
1.416276709712456 1.315630942603303
1.420214729905212 1.313797159949317
1.424149569357206 1.311975651181212
1.428081231210814 1.310166267165884
1.432009718655026 1.308368861265441
1.435935034925148 1.306583289285849
1.439857183302546 1.304809409426866
1.443776167114065 1.303047082232910
1.447691989731755 1.301296170545398
1.451604654572577 1.299556539456201
1.455514165097705 1.297828056261886
1.459420524812263 1.296110590419417
1.463323737264949 1.294404013502829
1.467223806047218 1.292708199160544
1.471120734793249 1.291023023074374
1.475014527179036 1.289348362918738
1.478905186922181 1.287684098321446
1.482792717781187 1.286030110824967
1.486677123554978 1.284386283848793
1.490558408082443 1.282752502652705
1.494436575241830 1.281128654300755
1.498311628950075 1.279514627626025
1.502183573162553 1.277910313196557
1.506052411872252 1.276315603281569
1.509918149109171 1.274730391818633
1.513780788940013 1.273154574381844
1.517640335467447 1.271588048150353
1.521496792829487 1.270030711877702
1.525350165198976 1.268482465861934
1.529200456783082 1.266943211916389
1.533047671822530 1.265412853340924
1.536891814591239 1.263891294894111
1.540732889395523 1.262378442765689
1.544570900573633 1.260874204549904
1.548405852495332 1.259378489219465
1.552237749560732 1.257891207099459
1.556066596200496 1.256412269842952
1.559892396874699 1.254941590406033
1.563715156072440 1.253479083024000
1.567534878311251 1.252024663187900
1.571351568136551 1.250578247621609
1.575165230120963 1.249139754259289
1.578975868863887 1.247709102223538
1.582783488990921 1.246286211803875
1.586588095153041 1.244871004435497
1.590389692026444 1.243463402679002
1.594188284311713 1.242063330200010
1.597983876733335 1.240670711749484
1.601776474039179 1.239285473144432
1.605566080999906 1.237907541248964
1.609352702408424 1.236536843955762
1.613136343079460 1.235173310168040
1.616917007848832 1.233816869781635
1.620694701573110 1.232467453667764
1.624469429128968 1.231124993655906
1.628241195412738 1.229789422517174
1.632010005339837 1.228460673947939
1.635775863844329 1.227138682553885
1.639538775878302 1.225823383834244
1.643298746411576 1.224514714166599
1.647055780430919 1.223212610791622
1.650809882939857 1.221917011798562
1.654561058957863 1.220627856110559
1.658309313520250 1.219345083470772
1.662054651677506 1.218068634428366
1.665797078494591 1.216798450324756
1.669536599051047 1.215534473280704
1.673273218439923 1.214276646182818
1.677006941767735 1.213024912671056
1.680737774153940 1.211779217126128
1.684465720730310 1.210539504657068
1.688190786640711 1.209305721089335
1.691912977040561 1.208077812952918
1.695632297096438 1.206855727470774
1.699348751985713 1.205639412547508
1.703062346895928 1.204428816758082
1.706773087024609 1.203223889337053
1.710480977578942 1.202024580167914
1.714186023774959 1.200830839772301
1.717888230837618 1.199642619300012
1.721587604000073 1.198459870518673
1.725284148503448 1.197282545803920
1.728977869596477 1.196110598129697
1.732668772535042 1.194943981058650
1.736356862581963 1.193782648732872
1.740042145006271 1.192626555864476
1.743724625083370 1.191475657726936
1.747404308094334 1.190329910146004
1.751081199325606 1.189189269491074
1.754755304068708 1.188053692666694
1.758426627619953 1.186923137104255
1.762095175280003 1.185797560753703
1.765760952353702 1.184676922075614
1.769423964149446 1.183561180033074
1.773084215979234 1.182450294084184
1.776741713158240 1.181344224174362
1.780396461004254 1.180242930728707
1.784048464837701 1.179146374644879
1.787697729981299 1.178054517285864
1.791344261759653 1.176967320472834
1.794988065498843 1.175884746478116
1.798629146526554 1.174806758018650
1.802267510171459 1.173733318249078
1.805903161763012 1.172664390755203
1.809536106631199 1.171599939547555
1.813166350106333 1.170539929055089
1.816793897518581 1.169484324118816
1.820418754198163 1.168433089985984
1.824040925474496 1.167386192303677
1.827660416676447 1.166343597113240
1.831277233131765 1.165305270844267
1.834891380167026 1.164271180309027
1.838502863107357 1.163241292696841
1.842111687276136 1.162215575568540
1.845717857994888 1.161193996851141
1.849321380582985 1.160176524832487
1.852922260357257 1.159163128155932
1.856520502632172 1.158153775815454
1.860116112719318 1.157148437150431
1.863709095927238 1.156147081840718
1.867299457561264 1.155149679901803
1.870887202923447 1.154156201680103
1.874472337311977 1.153166617848033
1.878054866021429 1.152180899399650
1.881634794342457 1.151199017646043
1.885212127561354 1.150220944210710
1.888786870960054 1.149246651025284
1.892359029816119 1.148276110325315
1.895928609402171 1.147309294645792
1.899495614986156 1.146346176817233
1.903060051830780 1.145386729961348
1.906621925193485 1.144430927487086
1.910181240326648 1.143478743086889
1.913738002476659 1.142530150732334
1.917292216884470 1.141585124670717
1.920843888785116 1.140643639421090
1.924393023407505 1.139705669770509
1.927939625974566 1.138771190770564
1.931483701702757 1.137840177733583
1.935025255802029 1.136912606229159
1.938564293475986 1.135988452080859
1.942100819921206 1.135067691362482
1.945634840327745 1.134150300395071
1.949166359878192 1.133236255743135
1.952695383748502 1.132325534211946
1.956221917107098 1.131418112843897
1.959745965114984 1.130513968915480
1.963267532925844 1.129613079934318
1.966786625685610 1.128715423635931
1.970303248532623 1.127820977980895
1.973817406597158 1.126929721151674
1.977329105001763 1.126041631549979
1.980838348860773 1.125156687793680
1.984345143280395 1.124274868714105
1.987849493358544 1.123396153353232
1.991351404184786 1.122520520960984
1.994850880840221 1.121647950992534
1.998347928397271 1.120778423105592
2.001842551919879 1.119911917157975
2.005334756462990 1.119048413204794
2.008824547072880 1.118187891496176
2.012311928786771 1.117330332474609
2.015796906632976 1.116475716772626
2.019279485630531 1.115624025210238
2.022759670789452 1.114775238792754
2.026237467110242 1.113929338708214
2.029712879584347 1.113086306325389
2.033185913193559 1.112246123191225
2.036656572910220 1.111408771028769
2.040124863697075 1.110574231734935
2.043590790507289 1.109742487378381
2.047054358284198 1.108913520197291
2.050515571961469 1.108087312597390
2.053974436462730 1.107263847149720
2.057430956701936 1.106443106588834
2.060885137582842 1.105625073810538
2.064336983999214 1.104809731870064
2.067786500834821 1.103997063980150
2.071233692963139 1.103187053508995
2.074678565247507 1.102379683978484
2.078121122540902 1.101574939062233
2.081561369686031 1.100772802583835
2.084999311515296 1.099973258515060
2.088434952850501 1.099176290973948
2.091868298503122 1.098381884223220
2.095299353274052 1.097590022668440
2.098728121953489 1.096800690856279
2.102154609321401 1.096013873473098
2.105578820146590 1.095229555342830
2.109000759187501 1.094447721425792
2.112420431191680 1.093668356816816
2.115837840896030 1.092891446743817
2.119252993026508 1.092116976566095
2.122665892298232 1.091344931772870
2.126076543415561 1.090575297981822
2.129484951071652 1.089808060937386
2.132891119948998 1.089043206509573
2.136295054718940 1.088280720692277
2.139696760041823 1.087520589601943
2.143096240566988 1.086762799476160
2.146493500932628 1.086007336672213
2.149888545765787 1.085254187665718
2.153281379682547 1.084503339049382
2.156672007287638 1.083754777531476
2.160060433174786 1.083008489934714
2.163446661926304 1.082264463194749
2.166830698113448 1.081522684359096
2.170212546296112 1.080783140585713
2.173592211022970 1.080045819141848
2.176969696831394 1.079310707402773
2.180345008247472 1.078577792850593
2.183718149785872 1.077847063072987
2.187089125950055 1.077118505762154
2.190457941231962 1.076392108713495
2.193824600112298 1.075667859824613
2.197189107060279 1.074945747094070
2.200551466533720 1.074225758620317
2.203911682979137 1.073507882600651
2.207269760831503 1.072792107330014
2.210625704514338 1.072078421199970
2.213979518439790 1.071366812697697
2.217331207008500 1.070657270404877
2.220680774609648 1.069949782996699
2.224028225621026 1.069244339240878
2.227373564408685 1.068540927996491
2.230716795327510 1.067839538213265
2.234057922720662 1.067140158930338
2.237396950919945 1.066442779275474
2.240733884245530 1.065747388463986
2.244068727006193 1.065053975797908
2.247401483499112 1.064362530664983
2.250732158009980 1.063673042537798
2.254060754813044 1.062985500972905
2.257387278170897 1.062299895609834
2.260711732334702 1.061616216170322
2.264034121544148 1.060934452457426
2.267354450027279 1.060254594354584
2.270672722000722 1.059576631824882
2.273988941669553 1.058900554910153
2.277303113227329 1.058226353730171
2.280615240856157 1.057554018481872
2.283925328726527 1.056883539438467
2.287233380997507 1.056214906948745
2.290539401816684 1.055548111436260
2.293843395320105 1.054883143398530
2.297145365632269 1.054219993406273
2.300445316866373 1.053558652102759
2.303743253123962 1.052899110202908
2.307039178495153 1.052241358492658
2.310333097058697 1.051585387828264
2.313625012881820 1.050931189135507
2.316914930020266 1.050278753409006
2.320202852518318 1.049628071711521
2.323488784409026 1.048979135173375
2.326772729713761 1.048331934991557
2.330054692442616 1.047686462429234
2.333334676594355 1.047042708815057
2.336612686156196 1.046400665542407
2.339888725104131 1.045760324068886
2.343162797402570 1.045121675915509
2.346434907004844 1.044484712666300
2.349705057852646 1.043849425967413
2.352973253876659 1.043215807526783
2.356239498995959 1.042583849113256
2.359503797118522 1.041953542556203
2.362766152140840 1.041324879744751
2.366026567948341 1.040697852627377
2.369285048414961 1.040072453211133
2.372541597403574 1.039448673561259
2.375796218765773 1.038826505800513
2.379048916341895 1.038205942108616
2.382299693960917 1.037586974721654
2.385548555440972 1.036969595931742
2.388795504588769 1.036353798086234
2.392040545199955 1.035739573587337
2.395283681058940 1.035126914891504
2.398524915938976 1.034515814508939
2.401764253602524 1.033906265003239
2.405001697800500 1.033298258990548
2.408237252273109 1.032691789139412
2.411470920749294 1.032086848170038
2.414702706947003 1.031483428853910
2.417932614573248 1.030881524013323
2.421160647323881 1.030281126520801
2.424386808883955 1.029682229298771
2.427611102927289 1.029084825318902
2.430833533117037 1.028488907601878
2.434054103105266 1.027894469216751
2.437272816533123 1.027301503280558
2.440489677030986 1.026710002957925
2.443704688218268 1.026119961460537
2.446917853703450 1.025531372046710
2.450129177084432 1.024944228021097
2.453338661947962 1.024358522734014
2.456546311870339 1.023774249581304
2.459752130416789 1.023191402003656
2.462956121142044 1.022609973486420
2.466158287589866 1.022029957559000
2.469358633293558 1.021451347794647
2.472557161775560 1.020874137809893
2.475753876547615 1.020298321264214
2.478948781110947 1.019723891859707
2.482141878956083 1.019150843340621
2.485333173563043 1.018579169493050
2.488522668401060 1.018008864144430
2.491710366928999 1.017439921163332
2.494896272595150 1.016872334458997
2.498080388837187 1.016306097980955
2.501262719082444 1.015741205718759
2.504443266747656 1.015177651701523
2.507622035239101 1.014615429997613
2.510799027952711 1.014054534714342
2.513974248274085 1.013494959997615
2.517147699578178 1.012936700031460
2.520319385229980 1.012379749037951
2.523489308583693 1.011824101276541
2.526657472983555 1.011269751044048
2.529823881763274 1.010716692674101
2.532988538246573 1.010164920537018
2.536151445746563 1.009614429039237
2.539312607566491 1.009065212623283
2.542472026999236 1.008517265767249
2.545629707327485 1.007970582984552
2.548785651823814 1.007425158823642
2.551939863750663 1.006880987867691
2.555092346360292 1.006338064734262
2.558243102895223 1.005796384075181
2.561392136587390 1.005255940575899
2.564539450659071 1.004716728955561
2.567685048322496 1.004178743966561
2.570828932779896 1.003641980394260
2.573971107223307 1.003106433056628
2.577111574835187 1.002572096804196
2.580250338787937 1.002038966519587
2.583387402243974 1.001507037117261
2.586522768355935 1.000976303543319
2.589656440266525 1.000446760775169
2.592788421109018 0.999918403821449
2.595918714006293 0.999391227721383
2.599047322071963 0.998865227544951
2.602174248409604 0.998340398392329
2.605299496113383 0.997816735393866
2.608423068267407 0.997294233709580
2.611544967946242 0.996772888529100
2.614665198215084 0.996252695071474
2.617783762128987 0.995733648584628
2.620900662733864 0.995215744345496
2.624015903066018 0.994698977659598
2.627129486151830 0.994183343860674
2.630241415008655 0.993668838310788
2.633351692644021 0.993155456399782
2.636460322055997 0.992643193545180
2.639567306233381 0.992132045192024
2.642672648155453 0.991622006812553
2.645776350792189 0.991113073906046
2.648878417103926 0.990605241998476
2.651978850041938 0.990098506642501
2.655077652548022 0.989592863417079
2.658174827554750 0.989088307927349
2.661270377985508 0.988584835804423
2.664364306754058 0.988082442705009
2.667456616765349 0.987581124311496
2.670547310915057 0.987080876331568
2.673636392089512 0.986581694497975
2.676723863166018 0.986083574568435
2.679809727012688 0.985586512325373
2.682893986488645 0.985090503575783
2.685976644443739 0.984595544150931
2.689057703718958 0.984101629906297
2.692137167146226 0.983608756721310
2.695215037548427 0.983116920499153
2.698291317739446 0.982626117166587
2.701366010524204 0.982136342673770
2.704439118698851 0.981647592994138
2.707510645050289 0.981159864124040
2.710580592357164 0.980673152082910
2.713648963388468 0.980187452912577
2.716715760905059 0.979702762677627
2.719780987658433 0.979219077464782
2.722844646391803 0.978736393383107
2.725906739839235 0.978254706563515
2.728967270726313 0.977774013158837
2.732026241769785 0.977294309343511
2.735083655677689 0.976815591313461
2.738139515149538 0.976337855285982
2.741193822876175 0.975861097499528
2.744246581539759 0.975385314213527
2.747297793813879 0.974910501708261
2.750347462363474 0.974436656284668
2.753395589845366 0.973963774264367
2.756442178907236 0.973491851989135
2.759487232188753 0.973020885821140
2.762530752320917 0.972550872142551
2.765572741926433 0.972081807355513
2.768613203619342 0.971613687881854
2.771652140005478 0.971146510163097
2.774689553682324 0.970680270660250
2.777725447238898 0.970214965853615
2.780759823256124 0.969750592242763
2.783792684306263 0.969287146346192
2.786824032953632 0.968824624701419
2.789853871754173 0.968363023864690
2.792882203255515 0.967902340410853
2.795909029997203 0.967442570933288
2.798934354510880 0.966983712043835
2.801958179319370 0.966525760372325
2.804980506937837 0.966068712566846
2.808001339873226 0.965612565293406
2.811020680624605 0.965157315235916
2.814038531682587 0.964702959095847
2.817054895529898 0.964249493592298
2.820069774641517 0.963796915461899
2.823083171484190 0.963345221458519
2.826095088516622 0.962894408353193
2.829105528189829 0.962444472934114
2.832114492946639 0.961995412006331
2.835121985222202 0.961547222391793
2.838128007443614 0.961099900929094
2.841132562030420 0.960653444473515
2.844135651394037 0.960207849896704
2.847137277938088 0.959763114086664
2.850137444058690 0.959319233947725
2.853136152143989 0.958876206400265
2.856133404574265 0.958434028380626
2.859129203722552 0.957992696841197
2.862123551953664 0.957552208749971
2.865116451625158 0.957112561090749
2.868107905086744 0.956673750862823
2.871097914680508 0.956235775080935
2.874086482741042 0.955798630775205
2.877073611595357 0.955362314990987
2.880059303562805 0.954926824788728
2.883043560955272 0.954492157243924
2.886026386077155 0.954058309446993
2.889007781225412 0.953625278503190
2.891987748689397 0.953193061532432
2.894966290751320 0.952761655669350
2.897943409685518 0.952331058062937
2.900919107759356 0.951901265876737
2.903893387232670 0.951472276288555
2.906866250357777 0.951044086490357
2.909837699380063 0.950616693688358
2.912807736537092 0.950190095102624
2.915776364059731 0.949764287967339
2.918743584171183 0.949339269530390
2.921709399087468 0.948915037053416
2.924673811017483 0.948491587811734
2.927636822162834 0.948068919094182
2.930598434718085 0.947647028203099
2.933558650870578 0.947225912454174
2.936517472800463 0.946805569176355
2.939474902680917 0.946385995711821
2.942430942677901 0.945967189415818
2.945385594950319 0.945549147656603
2.948338861650226 0.945131867815427
2.951290744922392 0.944715347286297
2.954241246904769 0.944299583476033
2.957190369728195 0.943884573804084
2.960138115516684 0.943470315702529
2.963084486387298 0.943056806615945
2.966029484450007 0.942644044001274
2.968973111808148 0.942232025327879
2.971915370557956 0.941820748077311
2.974856262788999 0.941410209743354
2.977795790583921 0.941000407831860
2.980733956018542 0.940591339860695
2.983670761161883 0.940183003359661
2.986606208076341 0.939775395870466
2.989540298817423 0.939368514946559
2.992473035433851 0.938962358153075
2.995404419967818 0.938556923066839
2.998334454454753 0.938152207276206
3.001263140923357 0.937748208380990
3.004190481395845 0.937344923992463
3.007116477887638 0.936942351733179
3.010041132407648 0.936540489236978
3.012964446958210 0.936139334148892
3.015886423535025 0.935738884125047
3.018807064127374 0.935339136832649
3.021726370717800 0.934940089949814
3.024644345282692 0.934541741165670
3.027560989791590 0.934144088180065
3.030476306207750 0.933747128703667
3.033390296488019 0.933350860457852
3.036302962582760 0.932955281174608
3.039214306435917 0.932560388596476
3.042124329985047 0.932166180476497
3.045033035161520 0.931772654578189
3.047940423890168 0.931379808675376
3.050846498089451 0.930987640552167
3.053751259671806 0.930596148002988
3.056654710543075 0.930205328832342
3.059556852603039 0.929815180854897
3.062457687745096 0.929425701895325
3.065357217856525 0.929036889788309
3.068255444818472 0.928648742378472
3.071152370505726 0.928261257520244
3.074047996786880 0.927874433077839
3.076942325524596 0.927488266925274
3.079835358575207 0.927102756946179
3.082727097789024 0.926717901033827
3.085617545010327 0.926333697091062
3.088506702077227 0.925950143030199
3.091394570821705 0.925567236772966
3.094281153069986 0.925184976250556
3.097166450641956 0.924803359403391
3.100050465351811 0.924422384181247
3.102933199007458 0.924042048543019
3.105814653411164 0.923662350456852
3.108694830358864 0.923283287899871
3.111573731641053 0.922904858858387
3.114451359041982 0.922527061327601
3.117327714340011 0.922149893311644
3.120202799307829 0.921773352823583
3.123076615712253 0.921397437885309
3.125949165314011 0.921022146527405
3.128820449868386 0.920647476789285
3.131690471124555 0.920273426718941
3.134559230826119 0.919899994373036
3.137426730710815 0.919527177816769
3.140292972510841 0.919154975123911
3.143157957952309 0.918783384376588
3.146021688755946 0.918412403665434
3.148884166636659 0.918042031089405
3.151745393303731 0.917672264755781
3.154605370460765 0.917303102780100
3.157464099805853 0.916934543286149
3.160321583031125 0.916566584405779
3.163177821823615 0.916199224279106
3.166032817864348 0.915832461054194
3.168886572829130 0.915466292887225
3.171739088387961 0.915100717942286
3.174590366205371 0.914735734391405
3.177440407940583 0.914371340414556
3.180289215246947 0.914007534199439
3.183136789772723 0.913644313941654
3.185983133160538 0.913281677844500
3.188828247047590 0.912919624118978
3.191672133065610 0.912558150983734
3.194514792840976 0.912197256665042
3.197356227994805 0.911836939396779
3.200196440142516 0.911477197420255
3.203035430894611 0.911118028984386
3.205873201855831 0.910759432345406
3.208709754625901 0.910401405767031
3.211545090799110 0.910043947520292
3.214379211964496 0.909687055883542
3.217212119705616 0.909330729142345
3.220043815601301 0.908974965589640
3.222874301224530 0.908619763525382
3.225703578143442 0.908265121256777
3.228531647920986 0.907911037098140
3.231358512114666 0.907557509370781
3.234184172277096 0.907204536403112
3.237008629955543 0.906852116530478
3.239831886692104 0.906500248095161
3.242653944024005 0.906148929446417
3.245474803483131 0.905798158940310
3.248294466596408 0.905447934939765
3.251112934885617 0.905098255814482
3.253930209867451 0.904749119940901
3.256746293053698 0.904400525702221
3.259561185951090 0.904052471488307
3.262374890061219 0.903704955695629
3.265187406880693 0.903357976727263
3.267998737901418 0.903011532992931
3.270808884609956 0.902665622908778
3.273617848488251 0.902320244897533
3.276425631013115 0.901975397388332
3.279232233656516 0.901631078816749
3.282037657885497 0.901287287624742
3.284841905162235 0.900944022260624
3.287644976944056 0.900601281179032
3.290446874683419 0.900259062840881
3.293247599827928 0.899917365713329
3.296047153820439 0.899576188269770
3.298845538098904 0.899235528989752
3.301642754096557 0.898895386358986
3.304438803241865 0.898555758869304
3.307233686958411 0.898216645018580
3.310027406665203 0.897878043310783
3.312819963776483 0.897539952255888
3.315611359701620 0.897202370369806
3.318401595845455 0.896865296174447
3.321190673608176 0.896528728197645
3.323978594385041 0.896192664973050
3.326765359567006 0.895857105040260
3.329550970540159 0.895522046944637
3.332335428685920 0.895187489237319
3.335118735381391 0.894853430475286
3.337900891998739 0.894519869221155
3.340681899905741 0.894186804043293
3.343461760465512 0.893854233515710
3.346240475036819 0.893522156218109
3.349018044973691 0.893190570735749
3.351794471625599 0.892859475659456
3.354569756337616 0.892528869585637
3.357343900450438 0.892198751116247
3.360116905299963 0.891869118858650
3.362888772217911 0.891539971425745
3.365659502531507 0.891211307435855
3.368429097563286 0.890883125512639
3.371197558631807 0.890555424285248
3.373964887050880 0.890228202388095
3.376731084129912 0.889901458460907
3.379496151174140 0.889575191148760
3.382260089484333 0.889249399101968
3.385022900356914 0.888924080976080
3.387784585083907 0.888599235431845
3.390545144952982 0.888274861135180
3.393304581247874 0.887950956757261
3.396062895247562 0.887627520974271
3.398820088226834 0.887304552467520
3.401576161456461 0.886982049923458
3.404331116202680 0.886660012033515
3.407084953727608 0.886338437494175
3.409837675289214 0.886017325006941
3.412589282141109 0.885696673278253
3.415339775532817 0.885376481019525
3.418089156709403 0.885056746947023
3.420837426912359 0.884737469782066
3.423584587378353 0.884418648250672
3.426330639340188 0.884100281083780
3.429075584026708 0.883782367017193
3.431819422662325 0.883464904791434
3.434562156467632 0.883147893151872
3.437303786658945 0.882831330848580
3.440044314448376 0.882515216636320
3.442783741044353 0.882199549274658
3.445522067650948 0.881884327527757
3.448259295468326 0.881569550164470
3.450995425692466 0.881255215958240
3.453730459515485 0.880941323687153
3.456464398125466 0.880627872133877
3.459197242706666 0.880314860085676
3.461928994439024 0.880002286334271
3.464659654498746 0.879690149675954
3.467389224057955 0.879378448911477
3.470117704285075 0.879067182846124
3.472845096344230 0.878756350289532
3.475571401396170 0.878445950055900
3.478296620597104 0.878135980963672
3.481020755099896 0.877826441835808
3.483743806053210 0.877517331499549
3.486465774602022 0.877208648786519
3.489186661887330 0.876900392532629
3.491906469046445 0.876592561578121
3.494625197212714 0.876285154767481
3.497342847515805 0.875978170949481
3.500059421081357 0.875671608977072
3.502774919031554 0.875365467707498
3.505489342484491 0.875059746002119
3.508202692554780 0.874754442726538
3.510914970352938 0.874449556750420
3.513626176986215 0.874145086947684
3.516336313557732 0.873841032196256
3.519045381167036 0.873537391378190
3.521753380909979 0.873234163379613
3.524460313878707 0.872931347090702
3.527166181161724 0.872628941405671
3.529870983843902 0.872326945222761
3.532574723006331 0.872025357444170
3.535277399726497 0.871724176976081
3.537979015078358 0.871423402728660
3.540679570132097 0.871123033615967
3.543379065954593 0.870823068556056
3.546077503608693 0.870523506470773
3.548774884153925 0.870224346285906
3.551471208646379 0.869925586931140
3.554166478138237 0.869627227339916
3.556860693678380 0.869329266449561
3.559553856312035 0.869031703201180
3.562245967081011 0.868734536539693
3.564937027023515 0.868437765413767
3.567627037174427 0.868141388775867
3.570315998564667 0.867845405582078
3.573003912222401 0.867549814792376
3.575690779171726 0.867254615370295
3.578376600433341 0.866959806283063
3.581061377024983 0.866665386501690
3.583745109960296 0.866371355000676
3.586427800250045 0.866077710758282
3.589109448901293 0.865784452756312
3.591790056917740 0.865491579980178
3.594469625299818 0.865199091418900
3.597148155044466 0.864906986065032
3.599825647145151 0.864615262914651
3.602502102592393 0.864323920967465
3.605177522372835 0.864032959226563
3.607851907470203 0.863742376698636
3.610525258864596 0.863452172393781
3.613197577533214 0.863162345325660
3.615868864449356 0.862872894511241
3.618539120583631 0.862583818971068
3.621208346902881 0.862295117728987
3.623876544371161 0.862006789812360
3.626543713948746 0.861718834251811
3.629209856593168 0.861431250081455
3.631874973258230 0.861144036338644
3.634539064894970 0.860857192064181
3.637202132450977 0.860570716302136
3.639864176870491 0.860284608099856
3.642525199094922 0.859998866508068
3.645185200062183 0.859713490580703
3.647844180707219 0.859428479375007
3.650502141961720 0.859143831951452
3.653159084754125 0.858859547373722
3.655815010009942 0.858575624708770
3.658469918651439 0.858292063026731
3.661123811597699 0.858008861400914
3.663776689764813 0.857726018907834
3.666428554065671 0.857443534627145
3.669079405410181 0.857161407641673
3.671729244705037 0.856879637037348
3.674378072854055 0.856598221903265
3.677025890757763 0.856317161331570
3.679672699313929 0.856036454417571
3.682318499416796 0.855756100259539
3.684963291958168 0.855476097958948
3.687607077826422 0.855196446620228
3.690249857907022 0.854917145350868
3.692891633082518 0.854638193261402
3.695532404232527 0.854359589465386
3.698172172233294 0.854081333079283
3.700810937958546 0.853803423222643
3.703448702278865 0.853525859017945
3.706085466061944 0.853248639590640
3.708721230172505 0.852971764069113
3.711355995472111 0.852695231584632
3.713989762819684 0.852419041271445
3.716622533071424 0.852143192266749
3.719254307080104 0.851867683710514
3.721885085696021 0.851592514745686
3.724514869766296 0.851317684518010
3.727143660135424 0.851043192176144
3.729771457644918 0.850769036871560
3.732398263133408 0.850495217758553
3.735024077436795 0.850221733994263
3.737648901388127 0.849948584738630
3.740272735817435 0.849675769154347
3.742895581552196 0.849403286406944
3.745517439416976 0.849131135664697
3.748138310233278 0.848859316098580
3.750758194820422 0.848587826882448
3.753377093994424 0.848316667192773
3.755995008568655 0.848045836208773
3.758611939353783 0.847775333112391
3.761227887158027 0.847505157088334
3.763842852786181 0.847235307323845
3.766456837040810 0.846965783008952
3.769069840721608 0.846696583336315
3.771681864625632 0.846427707501264
3.774292909547108 0.846159154701739
3.776902976277747 0.845890924138353
3.779512065606434 0.845623015014305
3.782120178319361 0.845355426535396
3.784727315199978 0.845088157910010
3.787333477029467 0.844821208349201
3.789938664585870 0.844554577066489
3.792542878644958 0.844288263278041
3.795146119979576 0.844022266202508
3.797748389360085 0.843756585061117
3.800349687554388 0.843491219077658
3.802950015327564 0.843226167478396
3.805549373441985 0.842961429492078
3.808147762657791 0.842697004350031
3.810745183732375 0.842432891286034
3.813341637420252 0.842169089536275
3.815937124474034 0.841905598339555
3.818531645643223 0.841642416937012
3.821125201674926 0.841379544572262
3.823717793313780 0.841116980491373
3.826309421301857 0.840854723942832
3.828900086378713 0.840592774177544
3.831489789281471 0.840331130448837
3.834078530744487 0.840069792012377
3.836666311499948 0.839808758126288
3.839253132277413 0.839548028051042
3.841838993803971 0.839287601049475
3.844423896804023 0.839027476386736
3.847007842000088 0.838767653330446
3.849590830111554 0.838508131150415
3.852172861855815 0.838248909118881
3.854753937947584 0.837989986510344
3.857334059099458 0.837731362601685
3.859913226021225 0.837473036671995
3.862491439420475 0.837215008002704
3.865068700002470 0.836957275877538
3.867645008469863 0.836699839582448
3.870220365523088 0.836442698405681
3.872794771859944 0.836185851637686
3.875368228176491 0.835929298571288
3.877940735165590 0.835673038501366
3.880512293518450 0.835417070725178
3.883082903923341 0.835161394542067
3.885652567066694 0.834906009253695
3.888221283632433 0.834650914163880
3.890789054302036 0.834396108578605
3.893355879754747 0.834141591806052
3.895921760667650 0.833887363156603
3.898486697715220 0.833633421942739
3.901050691569972 0.833379767479165
3.903613742901956 0.833126399082693
3.906175852378975 0.832873316072276
3.908737020666536 0.832620517768993
3.911297248427945 0.832368003496051
3.913856536324267 0.832115772578775
3.916414885014297 0.831863824344583
3.918972295154441 0.831612158122958
3.921528767399210 0.831360773245540
3.924084302400672 0.831109669045996
3.926638900808597 0.830858844860050
3.929192563270833 0.830608300025543
3.931745290432707 0.830358033882304
3.934297082937680 0.830108045772271
3.936847941426679 0.829858335039351
3.939397866538790 0.829608901029544
3.941946858910814 0.829359743090851
3.944494919177210 0.829110860573244
3.947042047970390 0.828862252828725
3.949588245920883 0.828613919211347
3.952133513656745 0.828365859077079
3.954677851804185 0.828118071783936
3.957221260986776 0.827870556691794
3.959763741826522 0.827623313162613
3.962305294943218 0.827376340560288
3.964845920954370 0.827129638250625
3.967385620475451 0.826883205601386
3.969924394120014 0.826637041982304
3.972462242499057 0.826391146764938
3.974999166222135 0.826145519322900
3.977535165896342 0.825900159031632
3.980070242126937 0.825655065268528
3.982604395516822 0.825410237412813
3.985137626667335 0.825165674845706
3.987669936177133 0.824921376950172
3.990201324643401 0.824677343111171
3.992731792661137 0.824433572715494
3.995261340823087 0.824190065151746
3.997789969720353 0.823946819810460
4.000317679941831 0.823703836083976
4.002844472074414 0.823461113366471
4.005370346703110 0.823218651053974
4.007895304410889 0.822976448544330
4.010419345778795 0.822734505237213
4.012942471385763 0.822492820534077
4.015464681808906 0.822251393838212
4.017985977623302 0.822010224554685
4.020506359402223 0.821769312090388
4.023025827716761 0.821528655853943
4.025544383136573 0.821288255255855
4.028062026228675 0.821048109708250
4.030578757558590 0.820808218625108
4.033094577690075 0.820568581422192
4.035609487184389 0.820329197516900
4.038123486601659 0.820090066328525
4.040636576499633 0.819851187278002
4.043148757434084 0.819612559787976
4.045660029959439 0.819374183282924
4.048170394627627 0.819136057188917
4.050679851989244 0.818898180933841
4.053188402592555 0.818660553947194
4.055696046984444 0.818423175660265
4.058202785709545 0.818186045505957
4.060708619310973 0.817949162918919
4.063213548329540 0.817712527335388
4.065717573304819 0.817476138193389
4.068220694774190 0.817239994932541
4.070722913273498 0.817004096994179
4.073224229336326 0.816768443821200
4.075724643495194 0.816533034858298
4.078224156279968 0.816297869551635
4.080722768219125 0.816062947349090
4.083220479839570 0.815828267700214
4.085717291666257 0.815593830056145
4.088213204222110 0.815359633869587
4.090708218028840 0.815125678594967
4.093202333605601 0.814891963688155
4.095695551470856 0.814658488606834
4.098187872140511 0.814425252810117
4.100679296128979 0.814192255758757
4.103169823948988 0.813959496915094
4.105659456111466 0.813726975743032
4.108148193125629 0.813494691708045
4.110636035499109 0.813262644277200
4.113122983737623 0.813030832919080
4.115609038345382 0.812799257103857
4.118094199824678 0.812567916303212
4.120578468676483 0.812336809990435
4.123061845399768 0.812105937640293
4.125544330491952 0.811875298729106
4.128025924448587 0.811644892734681
4.130506627763931 0.811414719136417
4.132986440930177 0.811184777415147
4.135465364438446 0.810955067053328
4.137943398777407 0.810725587534758
4.140420544434784 0.810496338344873
4.142896801896399 0.810267318970545
4.145372171646356 0.810038528900119
4.147846654167328 0.809809967623453
4.150320249940265 0.809581634631867
4.152792959444461 0.809353529418137
4.155264783157712 0.809125651476529
4.157735721556257 0.808898000302774
4.160205775114592 0.808670575394031
4.162674944305575 0.808443376248898
4.165143229600852 0.808216402367489
4.167610631469961 0.807989653251253
4.170077150381393 0.807763128403175
4.172542786801793 0.807536827327616
4.175007541196176 0.807310749530344
4.177471414028323 0.807084894518610
4.179934405760013 0.806859261800987
4.182396516851880 0.806633850887537
4.184857747762874 0.806408661289695
4.187318098950572 0.806183692520326
4.189777570870493 0.805958944093583
4.192236163977445 0.805734415525167
4.194693878724072 0.805510106332035
4.197150715561717 0.805286016032563
4.199606674940510 0.805062144146556
4.202061757308527 0.804838490195083
4.204515963112721 0.804615053700645
4.206969292798524 0.804391834187098
4.209421746809872 0.804168831179649
4.211873325589195 0.803946044204847
4.214324029577452 0.803723472790589
4.216773859214054 0.803501116466093
4.219222814937275 0.803278974761975
4.221670897183583 0.803057047210117
4.224118106388204 0.802835333343762
4.226564442984667 0.802613832697430
4.229009907405334 0.802392544807008
4.231454500081196 0.802171469209706
4.233898221441627 0.801950605444005
4.236341071914382 0.801729953049656
4.238783051926290 0.801509511567796
4.241224161902503 0.801289280540809
4.243664402266749 0.801069259512364
4.246103773441298 0.800849448027405
4.248542275847369 0.800629845632219
4.250979909904459 0.800410451874310
4.253416676030557 0.800191266302428
4.255852574642834 0.799972288466698
4.258287606156423 0.799753517918382
4.260721770985624 0.799534954210100
4.263155069543187 0.799316596895694
4.265587502240257 0.799098445530209
4.268019069486995 0.798880499670004
4.270449771692175 0.798662758872672
4.272879609262928 0.798445222696987
4.275308582605267 0.798227890703000
4.277736692123967 0.798010762452004
4.280163938222232 0.797793837506474
4.282590321302135 0.797577115430140
4.285015841764356 0.797360595787934
4.287440500008238 0.797144278145996
4.289864296431850 0.796928162071679
4.292287231432081 0.796712247133565
4.294709305404197 0.796496532901372
4.297130518742519 0.796281018946080
4.299550871839895 0.796065704839825
4.301970365087885 0.795850590155931
4.304388998876897 0.795635674468927
4.306806773595977 0.795420957354507
4.309223689632875 0.795206438389532
4.311639747374116 0.794992117152045
4.314054947204968 0.794777993221254
4.316469289509495 0.794564066177542
4.318882774670407 0.794350335602429
4.321295403069269 0.794136801078612
4.323707175086263 0.793923462189913
4.326118091100572 0.793710318521342
4.328528151489984 0.793497369659026
4.330937356631053 0.793284615190229
4.333345706899069 0.793072054703344
4.335753202668386 0.792859687787947
4.338159844311795 0.792647514034678
4.340565632201073 0.792435533035340
4.342970566706892 0.792223744382870
4.345374648198387 0.792012147671263
4.347777877043766 0.791800742495678
4.350180253610093 0.791589528452387
4.352581778263048 0.791378505138736
4.354982451367270 0.791167672153197
4.357382273286249 0.790957029095344
4.359781244382070 0.790746575565806
4.362179365016087 0.790536311166380
4.364576635547959 0.790326235499857
4.366973056336644 0.790116348170191
4.369368627739711 0.789906648782376
4.371763350113694 0.789697136942503
4.374157223813837 0.789487812257709
4.376550249194490 0.789278674336247
4.378942426608472 0.789069722787363
4.381333756407925 0.788860957221449
4.383724238943683 0.788652377249921
4.386113874565329 0.788443982485229
4.388502663621523 0.788235772540911
4.390890606459756 0.788027747031543
4.393277703426272 0.787819905572720
4.395663954866461 0.787612247781125
4.398049361124322 0.787404773274429
4.400433922543262 0.787197481671424
4.402817639464869 0.786990372591808
4.405200512230160 0.786783445656396
4.407582541179083 0.786576700487032
4.409963726650300 0.786370136706544
4.412344068981407 0.786163753938781
4.414723568509228 0.785957551808657
4.417102225569013 0.785751529942011
4.419480040495321 0.785545687965752
4.421857013621747 0.785340025507814
4.424233145280457 0.785134542197064
4.426608435802805 0.784929237663411
4.428982885519217 0.784724111537778
4.431356494758848 0.784519163452040
4.433729263849872 0.784314393039072
4.436101193119498 0.784109799932744
4.438472282893795 0.783905383767890
4.440842533498119 0.783701144180379
4.443211945256297 0.783497080806965
4.445580518491750 0.783293193285482
4.447948253526351 0.783089481254639
4.450315150681146 0.782885944354147
4.452681210276372 0.782682582224709
4.455046432631095 0.782479394507964
4.457410818063415 0.782276380846510
4.459774366890339 0.782073540883882
4.462137079428103 0.781870874264605
4.464498955991755 0.781668380634116
4.466859996895455 0.781466059638813
4.469220202452461 0.781263910926049
4.471579572974993 0.781061934144104
4.473938108774328 0.780860128942199
4.476295810160582 0.780658494970454
4.478652677443428 0.780457031880008
4.481008710930929 0.780255739322816
4.483363910930625 0.780054616951827
4.485718277749146 0.779853664420923
4.488071811691801 0.779652881384835
4.490424513063400 0.779452267499288
4.492776382167497 0.779251822420865
4.495127419306836 0.779051545807077
4.497477624783288 0.778851437316354
4.499826998897830 0.778651496608034
4.502175541950266 0.778451723342313
4.504523254239902 0.778252117180356
4.506870136064639 0.778052677784141
4.509216187721827 0.777853404816599
4.511561409507792 0.777654297941531
4.513905801718003 0.777455356823631
4.516249364647021 0.777256581128478
4.518592098588556 0.777057970522538
4.520934003835148 0.776859524673107
4.523275080678935 0.776661243248444
4.525615329410791 0.776463125917610
4.527954750320823 0.776265172350561
4.530293343698366 0.776067382218136
4.532631109831722 0.775869755192010
4.534968049008389 0.775672290944734
4.537304161515211 0.775474989149754
4.539639447637784 0.775277849481306
4.541973907661068 0.775080871614517
4.544307541869250 0.774884055225382
4.546640350545413 0.774687399990699
4.548972333972059 0.774490905588160
4.551303492430676 0.774294571696270
4.553633826202137 0.774098397994413
4.555963335566101 0.773902384162749
4.558292020801806 0.773706529882340
4.560619882187381 0.773510834835037
4.562946920000148 0.773315298703525
4.565273134516815 0.773119921171349
4.567598526013099 0.772924701922853
4.569923094764077 0.772729640643232
4.572246841043667 0.772534737018445
4.574569765125335 0.772339990735326
4.576891867281690 0.772145401481517
4.579213147784136 0.771950968945404
4.581533606904058 0.771756692816316
4.583853244911317 0.771562572784265
4.586172062075376 0.771368608540136
4.588490058664775 0.771174799775593
4.590807234947337 0.770981146183112
4.593123591189998 0.770787647455949
4.595439127659122 0.770594303288190
4.597753844620180 0.770401113374695
4.600067742337586 0.770208077411065
4.602380821075709 0.770015195093811
4.604693081097369 0.769822466120099
4.607004522665321 0.769629890187992
4.609315146040856 0.769437466996220
4.611624951485064 0.769245196244381
4.613933939258182 0.769053077632833
4.616242109619471 0.768861110862670
4.618549462827719 0.768669295635803
4.620855999140713 0.768477631654867
4.623161718815857 0.768286118623325
4.625466622109569 0.768094756245362
4.627770709277341 0.767903544225893
4.630073980574534 0.767712482270690
4.632376436255329 0.767521570086211
4.634678076573140 0.767330807379659
4.636978901781073 0.767140193859058
4.639278912131118 0.766949729233116
4.641578107874708 0.766759413211317
4.643876489262549 0.766569245503887
4.646174056544943 0.766379225821846
4.648470809970791 0.766189353876840
4.650766749788942 0.765999629381363
4.653061876247455 0.765810052048627
4.655356189593292 0.765620621592516
4.657649690073195 0.765431337727723
4.659942377933007 0.765242200169638
4.662234253417986 0.765053208634392
4.664525316772522 0.764864362838817
4.666815568240591 0.764675662500507
4.669105008065166 0.764487107337727
4.671393636488869 0.764298697069514
4.673681453753566 0.764110431415608
4.675968460100332 0.763922310096444
4.678254655769821 0.763734332833209
4.680540041001666 0.763546499347743
4.682824616035242 0.763358809362661
4.685108381109065 0.763171262601249
4.687391336461063 0.762983858787509
4.689673482328267 0.762796597646107
4.691954818947599 0.762609478902495
4.694235346554885 0.762422502282749
4.696515065385468 0.762235667513669
4.698793975674107 0.762048974322755
4.701072077654727 0.761862422438170
4.703349371561039 0.761676011588832
4.705625857625633 0.761489741504269
4.707901536080787 0.761303611914746
4.710176407157980 0.761117622551180
4.712450471088343 0.760931773145219
4.714723728102321 0.760746063429176
4.716996178429321 0.760560493135976
4.719267822298817 0.760375061999326
4.721538659939133 0.760189769753523
4.723808691578341 0.760004616133592
4.726077917443566 0.759819600875171
4.728346337761900 0.759634723714660
4.730613952759081 0.759449984389000
4.732880762661042 0.759265382635926
4.735146767692378 0.759080918193712
4.737411968077838 0.758896590801416
4.739676364040911 0.758712400198641
4.741939955805186 0.758528346125760
4.744202743592898 0.758344428323673
4.746464727626430 0.758160646534052
4.748725908127072 0.757977000499134
4.750986285315973 0.757793489961875
4.753245859413322 0.757610114665815
4.755504630639050 0.757426874355188
4.757762599212239 0.757243768774827
4.760019765351808 0.757060797670268
4.762276129275823 0.756877960787639
4.764531691201848 0.756695257873715
4.766786451346742 0.756512688675884
4.769040409927311 0.756330252942243
4.771293567159374 0.756147950421454
4.773545923258234 0.755965780862813
4.775797478438924 0.755783744016288
4.778048232915580 0.755601839632416
4.780298186902270 0.755420067462432
4.782547340612005 0.755238427258114
4.784795694257729 0.755056918771931
4.787043248051526 0.754875541756923
4.789290002205176 0.754694295966779
4.791535956929792 0.754513181155782
4.793781112436055 0.754332197078844
4.796025468934034 0.754151343491475
4.798269026633474 0.753970620149823
4.800511785743496 0.753790026810630
4.802753746472630 0.753609563231230
4.804994909029025 0.753429229169585
4.807235273620200 0.753249024384237
4.809474840453386 0.753068948634367
4.811713609735288 0.752889001679751
4.813951581671732 0.752709183280702
4.816188756468543 0.752529493198210
4.818425134330808 0.752349931193818
4.820660715463239 0.752170497029683
4.822895500069762 0.751991190468506
4.825129488354179 0.751812011273634
4.827362680519958 0.751632959209024
4.829595076769437 0.751454034039122
4.831826677305101 0.751275235529053
4.834057482328572 0.751096563444464
4.836287492041263 0.750918017551629
4.838516706643873 0.750739597617358
4.840745126336979 0.750561303409098
4.842972751320432 0.750383134694830
4.845199581793604 0.750205091243107
4.847425617955374 0.750027172823050
4.849650860004626 0.749849379204426
4.851875308139153 0.749671710157471
4.854098962556722 0.749494165453057
4.856321823454408 0.749316744862584
4.858543891028957 0.749139448158038
4.860765165476699 0.748962275111972
4.862985646993629 0.748785225497518
4.865205335774911 0.748608299088308
4.867424232015699 0.748431495658599
4.869642335910286 0.748254814983142
4.871859647653227 0.748078256837348
4.874076167437875 0.747901820997065
4.876291895457471 0.747725507238744
4.878506831904897 0.747549315339396
4.880720976972682 0.747373245076592
4.882934330852613 0.747197296228403
4.885146893736339 0.747021468573490
4.887358665815083 0.746845761891058
4.889569647279421 0.746670175960819
4.891779838319718 0.746494710563058
4.893989239126057 0.746319365478621
4.896197849887635 0.746144140488820
4.898405670793819 0.745969035375591
4.900612702033255 0.745794049921360
4.902818943794125 0.745619183909075
4.905024396264387 0.745444437122247
4.907229059631515 0.745269809344903
4.909432934082833 0.745095300361638
4.911636019804564 0.744920909957468
4.913838316983565 0.744746637918091
4.916039825805456 0.744572484029603
4.918240546455834 0.744398448078679
4.920440479120007 0.744224529852531
4.922639623982557 0.744050729138839
4.924837981228044 0.743877045725858
4.927035551040460 0.743703479402334
4.929232333603426 0.743530029957527
4.931428329100269 0.743356697181228
4.933623537713853 0.743183480863727
4.935817959626774 0.743010380795841
4.938011595021123 0.742837396768879
4.940204444078770 0.742664528574680
4.942396506981195 0.742491776005588
4.944587783909505 0.742319138854452
4.946778275044304 0.742146616914606
4.948967980565831 0.741974209979885
4.951156900654676 0.741801917844734
4.953345035489875 0.741629740303919
4.955532385251290 0.741457677152883
4.957718950117455 0.741285728187419
4.959904730267108 0.741113893203901
4.962089725878605 0.740942171999195
4.964273937129891 0.740770564370647
4.966457364198462 0.740599070116084
4.968640007261732 0.740427689033862
4.970821866496562 0.740256420922794
4.973002942079416 0.740085265582174
4.975183234186606 0.739914222811809
4.977362742994282 0.739743292412021
4.979541468677692 0.739572474183528
4.981719411412399 0.739401767927629
4.983896571373149 0.739231173446032
4.986072948734590 0.739060690540961
4.988248543671245 0.738890319015145
4.990423356356811 0.738720058671721
4.992597386965136 0.738549909314369
4.994770635669518 0.738379870747212
4.996943102643073 0.738209942774867
4.999114788058359 0.738040125202386
5.001285692088011 0.737870417835351
5.003455814903971 0.737700820479760
5.005625156678238 0.737531332942130
5.007793717582116 0.737361955029392
5.009961497786920 0.737192686548988
5.012128497463432 0.737023527308791
5.014294716782462 0.736854477117188
5.016460155914230 0.736685535782984
5.018624815028768 0.736516703115464
5.020788694295647 0.736347978924345
5.022951793884607 0.736179363019875
5.025114113964515 0.736010855212672
5.027275654704395 0.735842455313875
5.029436416272612 0.735674163135027
5.031596398837713 0.735505978488191
5.033755602567710 0.735337901185846
5.035914027630131 0.735169931040895
5.038071674192542 0.735002067866736
5.040228542422136 0.734834311477203
5.042384632485701 0.734666661686560
5.044539944549979 0.734499118309549
5.046694478781323 0.734331681161342
5.048848235345763 0.734164350057549
5.051001214409225 0.733997124814245
5.053153416137185 0.733830005247921
5.055304840695027 0.733662991175535
5.057455488247539 0.733496082414437
5.059605358959795 0.733329278782491
5.061754452996190 0.733162580097942
5.063902770520872 0.732995986179470
5.066050311697921 0.732829496846220
5.068197076691213 0.732663111917776
5.070343065663994 0.732496831214099
5.072488278779705 0.732330654555649
5.074632716201375 0.732164581763292
5.076776378091528 0.731998612658284
5.078919264612940 0.731832747062383
5.081061375927692 0.731666984797709
5.083202712197714 0.731501325686820
5.085343273585118 0.731335769552760
5.087483060251161 0.731170316218908
5.089622072357337 0.731004965509133
5.091760310064478 0.730839717247664
5.093897773533590 0.730674571259211
5.096034462925203 0.730509527368865
5.098170378399837 0.730344585402169
5.100305520117516 0.730179745185042
5.102439888238171 0.730015006543840
5.104573482921558 0.729850369305342
5.106706304326978 0.729685833296703
5.108838352613811 0.729521398345539
5.110969627941105 0.729357064279858
5.113100130467602 0.729192830928067
5.115229860351989 0.729028698119004
5.117358817752431 0.728864665681873
5.119487002827237 0.728700733446337
5.121614415734451 0.728536901242454
5.123741056631601 0.728373168900647
5.125866925676254 0.728209536251776
5.127992023025940 0.728046003127130
5.130116348837371 0.727882569358310
5.132239903267966 0.727719234777450
5.134362686473946 0.727555999216940
5.136484698612068 0.727392862509675
5.138605939838678 0.727229824488916
5.140726410309643 0.727066884988281
5.142846110180980 0.726904043841835
5.144965039608636 0.726741300884051
5.147083198747589 0.726578655949688
5.149200587753642 0.726416108874041
5.151317206781765 0.726253659492706
5.153433055986747 0.726091307641669
5.155548135523587 0.725929053157362
5.157662445546597 0.725766895876535
5.159775986210334 0.725604835636385
5.161888757668982 0.725442872274469
5.164000760076464 0.725281005628717
5.166111993586666 0.725119235537465
5.168222458353267 0.724957561839426
5.170332154529509 0.724795984373661
5.172441082268867 0.724634502979668
5.174549241724600 0.724473117497319
5.176656633049203 0.724311827766784
5.178763256395988 0.724150633628748
5.180869111917225 0.723989534924151
5.182974199765320 0.723828531494354
5.185078520092699 0.723667623181116
5.187182073051348 0.723506809826536
5.189284858793273 0.723346091273107
5.191386877470001 0.723185467363656
5.193488129233400 0.723024937941445
5.195588614234738 0.722864502850051
5.197688332625461 0.722704161933462
5.199787284556550 0.722543915035997
5.201885470179041 0.722383762002367
5.203982889643562 0.722223702677616
5.206079543100969 0.722063736907208
5.208175430701647 0.721903864536925
5.210270552595867 0.721744085412920
5.212364908934031 0.721584399381745
5.214458499866010 0.721424806290262
5.216551325541722 0.721265305985720
5.218643386110913 0.721105898315727
5.220734681723213 0.720946583128249
5.222825212528066 0.720787360271607
5.224914978674819 0.720628229594486
5.227003980312535 0.720469190945904
5.229092217590305 0.720310244175261
5.231179690657011 0.720151389132298
5.233266399661519 0.719992625667128
5.235352344752147 0.719833953630159
5.237437526077692 0.719675372872235
5.239521943786348 0.719516883244486
5.241605598026323 0.719358484598411
5.243688488945907 0.719200176785888
5.245770616692768 0.719041959659073
5.247851981414719 0.718883833070510
5.249932583259630 0.718725796873110
5.252012422374890 0.718567850920084
5.254091498908258 0.718409995065052
5.256169813006676 0.718252229161885
5.258247364817553 0.718094553064876
5.260324154487775 0.717936966628603
5.262400182164741 0.717779469708074
5.264475447994747 0.717622062158499
5.266549952124713 0.717464743835531
5.268623694701322 0.717307514595143
5.270696675871038 0.717150374293631
5.272768895780016 0.716993322787601
5.274840354574968 0.716836359934085
5.276911052401367 0.716679485590298
5.278980989405913 0.716522699613969
5.281050165734050 0.716366001863002
5.283118581531836 0.716209392195735
5.285186236944877 0.716052870470787
5.287253132118741 0.715896436547118
5.289319267199148 0.715740090284052
5.291384642331313 0.715583831541188
5.293449257660410 0.715427660178458
5.295513113331777 0.715271576056160
5.297576209490508 0.715115579034896
5.299638546281430 0.714959668975572
5.301700123849670 0.714803845739473
5.303760942339973 0.714648109188166
5.305821001896700 0.714492459183504
5.307880302664950 0.714336895587773
5.309938844788745 0.714181418263449
5.311996628412874 0.714026027073442
5.314053653681458 0.713870721880905
5.316109920738807 0.713715502549347
5.318165429729047 0.713560368942580
5.320220180796134 0.713405320924725
5.322274174084209 0.713250358360253
5.324327409736926 0.713095481113899
5.326379887898286 0.712940689050768
5.328431608711907 0.712785982036239
5.330482572321505 0.712631359936030
5.332532778870474 0.712476822616137
5.334582228502220 0.712322369942879
5.336630921360493 0.712168001782944
5.338678857588264 0.712013718003236
5.340726037328674 0.711859518470999
5.342772460725288 0.711705403053855
5.344818127920820 0.711551371619626
5.346863039058486 0.711397424036520
5.348907194281050 0.711243560173000
5.350950593731404 0.711089779897861
5.352993237552465 0.710936083080213
5.355035125886698 0.710782469589421
5.357076258876993 0.710628939295217
5.359116636665769 0.710475492067582
5.361156259395671 0.710322127776836
5.363195127208916 0.710168846293554
5.365233240248229 0.710015647488683
5.367270598655614 0.709862531233384
5.369307202573268 0.709709497399150
5.371343052143562 0.709556545857802
5.373378147508765 0.709403676481453
5.375412488810512 0.709250889142435
5.377446076191010 0.709098183713458
5.379478909792502 0.708945560067541
5.381510989756360 0.708793018077887
5.383542316224771 0.708640557618109
5.385572889339416 0.708488178562049
5.387602709241937 0.708335880783847
5.389631776074018 0.708183664157942
5.391660089977373 0.708031528559077
5.393687651093418 0.707879473862251
5.395714459563842 0.707727499942791
5.397740515529989 0.707575606676278
5.399765819133211 0.707423793938584
5.401790370514905 0.707272061605880
5.403814169816617 0.707120409554648
5.405837217179361 0.706968837661592
5.407859512744171 0.706817345803708
5.409881056652762 0.706665933858371
5.411901849045814 0.706514601703109
5.413921890064701 0.706363349215826
5.415941179850372 0.706212176274661
5.417959718543757 0.706061082758032
5.419977506286003 0.705910068544673
5.421994543217735 0.705759133513535
5.424010829480170 0.705608277543927
5.426026365214137 0.705457500515392
5.428041150560070 0.705306802307701
5.430055185659246 0.705156182801019
5.432068470652018 0.705005641875668
5.434081005679451 0.704855179412342
5.436092790882009 0.704704795291938
5.438103826400376 0.704554489395657
5.440114112375086 0.704404261604957
5.442123648946791 0.704254111801591
5.444132436256195 0.704104039867589
5.446140474443712 0.703954045685221
5.448147763649720 0.703804129137026
5.450154304014871 0.703654290105851
5.452160095679539 0.703504528474779
5.454165138784149 0.703354844127171
5.456169433469157 0.703205236946663
5.458172979874797 0.703055706817131
5.460175778141526 0.702906253622750
5.462177828409596 0.702756877247938
5.464179130819494 0.702607577577407
5.466179685511307 0.702458354496088
5.468179492625344 0.702309207889204
5.470178552301872 0.702160137642240
5.472176864681160 0.702011143640944
5.474174429903264 0.701862225771301
5.476171248108630 0.701713383919609
5.478167319437272 0.701564617972373
5.480162644029290 0.701415927816369
5.482157222025002 0.701267313338664
5.484151053564736 0.701118774426584
5.486144138788010 0.700970310967611
5.488136477835332 0.700821922849615
5.490128070846896 0.700673609960678
5.492118917962539 0.700525372189099
5.494109019322439 0.700377209423474
5.496098375066676 0.700229121552641
5.498086985335290 0.700081108465689
5.500074850268316 0.699933170051962
5.502061970005969 0.699785306201077
5.504048344688208 0.699637516802874
5.506033974454825 0.699489801747421
5.508018859446293 0.699342160925126
5.510002999802168 0.699194594226530
5.511986395662912 0.699047101542538
5.513969047168323 0.698899682764221
5.515950954458496 0.698752337782936
5.517932117673366 0.698605066490266
5.519912536952984 0.698457868778057
5.521892212437518 0.698310744538415
5.523871144266767 0.698163693663646
5.525849332580803 0.698016716046334
5.527826777519994 0.697869811579345
5.529803479223732 0.697722980155666
5.531779437832667 0.697576221668684
5.533754653486445 0.697429536011903
5.535729126325476 0.697282923079163
5.537702856489279 0.697136382764434
5.539675844118484 0.696989914962064
5.541648089352748 0.696843519566520
5.543619592332448 0.696697196472596
5.545590353197573 0.696550945575278
5.547560372087986 0.696404766769770
5.549529649144132 0.696258659951588
5.551498184505792 0.696112625016400
5.553465978313488 0.695966661860203
5.555433030707120 0.695820770379148
5.557399341826819 0.695674950469653
5.559364911812763 0.695529202028370
5.561329740805230 0.695383524952201
5.563293828944366 0.695237919138261
5.565257176370343 0.695092384483900
5.567219783223478 0.694946920886716
5.569181649643830 0.694801528244505
5.571142775771887 0.694656206455348
5.573103161747814 0.694510955417511
5.575062807711926 0.694365775029509
5.577021713804649 0.694220665190098
5.578979880166087 0.694075625798219
5.580937306936660 0.693930656753082
5.582893994256854 0.693785757954126
5.584849942267160 0.693640929301020
5.586805151107673 0.693496170693604
5.588759620919152 0.693351482032027
5.590713351841770 0.693206863216587
5.592666344016422 0.693062314147893
5.594618597583199 0.692917834726678
5.596570112683053 0.692773424854002
5.598520889456145 0.692629084431046
5.600470928043313 0.692484813359297
5.602420228585251 0.692340611540441
5.604368791222499 0.692196478876366
5.606316616095568 0.692052415269173
5.608263703345503 0.691908420621245
5.610210053112726 0.691764494835108
5.612155665538441 0.691620637813598
5.614100540762700 0.691476849459626
5.616044678927182 0.691333129676517
5.617988080172125 0.691189478367634
5.619930744638769 0.691045895436676
5.621872672467855 0.690902380787496
5.623813863800620 0.690758934324218
5.625754318777530 0.690615555951084
5.627694037540206 0.690472245572690
5.629633020229199 0.690329003093709
5.631571266985874 0.690185828419128
5.633508777951346 0.690042721454109
5.635445553266876 0.689899682104043
5.637381593073587 0.689756710274512
5.639316897512624 0.689613805871308
5.641251466725359 0.689470968800460
5.643185300853157 0.689328198968199
5.645118400037229 0.689185496280946
5.647050764419279 0.689042860645388
5.648982394140366 0.688900291968337
5.650913289342169 0.688757790156886
5.652843450166354 0.688615355118328
5.654772876754249 0.688472986760120
5.656701569247483 0.688330684989959
5.658629527787828 0.688188449715759
5.660556752517106 0.688046280845643
5.662483243576483 0.687904178287856
5.664409001108442 0.687762141951001
5.666334025254433 0.687620171743758
5.668258316156335 0.687478267575056
5.670181873956175 0.687336429354043
5.672104698795935 0.687194656990058
5.674026790817519 0.687052950392628
5.675948150163016 0.686911309471502
5.677868776974585 0.686769734136630
5.679788671394417 0.686628224298165
5.681707833564491 0.686486779866428
5.683626263627322 0.686345400752001
5.685543961725089 0.686204086865619
5.687460928000268 0.686062838118247
5.689377162594967 0.685921654420998
5.691292665651953 0.685780535685258
5.693207437313553 0.685639481822551
5.695121477722513 0.685498492744645
5.697034787021215 0.685357568363454
5.698947365352454 0.685216708591133
5.700859212858831 0.685075913340003
5.702770329683458 0.684935182522635
5.704680715968663 0.684794516051697
5.706590371857639 0.684653913840149
5.708499297493407 0.684513375801116
5.710407493018560 0.684372901847862
5.712314958576411 0.684232491893922
5.714221694310190 0.684092145853010
5.716127700362762 0.683951863638979
5.718032976877619 0.683811645165944
5.719937523997813 0.683671490348152
5.721841341866782 0.683531399100082
5.723744430627889 0.683391371336385
5.725646790424659 0.683251406971916
5.727548421400500 0.683111505921701
5.729449323698968 0.682971668100962
5.731349497463723 0.682831893425118
5.733248942838439 0.682692181809769
5.735147659967211 0.682552533170748
5.737045648993197 0.682412947423956
5.738942910060761 0.682273424485616
5.740839443313588 0.682133964272052
5.742735248895834 0.681994566699820
5.744630326951562 0.681855231685645
5.746524677624965 0.681715959146446
5.748418301059932 0.681576748999281
5.750311197400861 0.681437601161446
5.752203366792056 0.681298515550403
5.754094809378044 0.681159492083817
5.755985525303123 0.681020530679499
5.757875514711857 0.680881631255467
5.759764777748855 0.680742793729920
5.761653314558663 0.680604018021223
5.763541125286137 0.680465304047950
5.765428210075904 0.680326651728822
5.767314569072863 0.680188060982765
5.769200202421935 0.680049531728878
5.771085110268246 0.679911063886457
5.772969292756679 0.679772657374940
5.774852750032248 0.679634312113952
5.776735482240243 0.679496028023319
5.778617489526176 0.679357805023063
5.780498772035124 0.679219643033326
5.782379329912320 0.679081541974436
5.784259163303529 0.678943501766950
5.786138272354242 0.678805522331563
5.788016657210107 0.678667603589155
5.789894318016565 0.678529745460748
5.791771254919652 0.678391947867602
5.793647468064993 0.678254210731093
5.795522957598564 0.678116533972803
5.797397723666466 0.677978917514497
5.799271766414591 0.677841361278077
5.801145085988979 0.677703865185629
5.803017682536004 0.677566429159438
5.804889556201853 0.677429053121934
5.806760707132986 0.677291736995741
5.808631135475578 0.677154480703611
5.810500841376310 0.677017284168519
5.812369824981822 0.676880147313593
5.814238086438449 0.676743070062090
5.816105625893257 0.676606052337512
5.817972443492811 0.676469094063463
5.819838539384110 0.676332195163755
5.821703913714067 0.676195355562352
5.823568566629800 0.676058575183399
5.825432498278206 0.675921853951176
5.827295708806526 0.675785191790157
5.829158198362175 0.675648588624999
5.831019967092438 0.675512044380496
5.832881015144700 0.675375558981613
5.834741342666344 0.675239132353471
5.836600949805229 0.675102764421402
5.838459836708713 0.674966455110834
5.840318003524793 0.674830204347425
5.842175450401116 0.674694012056948
5.844032177485587 0.674557878165359
5.845888184926237 0.674421802598781
5.847743472871253 0.674285785283511
5.849598041468488 0.674149826145959
5.851451890866525 0.674013925112771
5.853305021213300 0.673878082110672
5.855157432657365 0.673742297066609
5.857009125347471 0.673606569907702
5.858860099431661 0.673470900561143
5.860710355058863 0.673335288954373
5.862559892377806 0.673199735014963
5.864408711537306 0.673064238670642
5.866256812686060 0.672928799849276
5.868104195973115 0.672793418478917
5.869950861547789 0.672658094487800
5.871796809558750 0.672522827804232
5.873642040155599 0.672387618356774
5.875486553487634 0.672252466074100
5.877330349704029 0.672117370885017
5.879173428954453 0.671982332718534
5.881015791388363 0.671847351503783
5.882857437155507 0.671712427170074
5.884698366405493 0.671577559646847
5.886538579288184 0.671442748863714
5.888378075953702 0.671307994750465
5.890216856551808 0.671173297236988
5.892054921232631 0.671038656253360
5.893892270146430 0.670904071729816
5.895728903443294 0.670769543596711
5.897564821273795 0.670635071784602
5.899400023788210 0.670500656224153
5.901234511137146 0.670366296846205
5.903068283471204 0.670231993581743
5.904901340941080 0.670097746361902
5.906733683697516 0.669963555117963
5.908565311891433 0.669829419781366
5.910396225673807 0.669695340283702
5.912226425195694 0.669561316556704
5.914055910608345 0.669427348532271
5.915884682062744 0.669293436142408
5.917712739710386 0.669159579319318
5.919540083702853 0.669025777995350
5.921366714191359 0.668892032102949
5.923192631327706 0.668758341574766
5.925017835263368 0.668624706343550
5.926842326150386 0.668491126342250
5.928666104140500 0.668357601503917
5.930489169385799 0.668224131761780
5.932311522038039 0.668090717049163
5.934133162249731 0.667957357299609
5.935954090172784 0.667824052446733
5.937774305959911 0.667690802424369
5.939593809763302 0.667557607166429
5.941412601735499 0.667424466606998
5.943230682029068 0.667291380680297
5.945048050796783 0.667158349320703
5.946864708191395 0.667025372462722
5.948680654366028 0.666892450041035
5.950495889473347 0.666759581990403
5.952310413666547 0.666626768245778
5.954124227098747 0.666494008742234
5.955937329923474 0.666361303415023
5.957749722293817 0.666228652199476
5.959561404363293 0.666096055031105
5.961372376285608 0.665963511845569
5.963182638214086 0.665831022578616
5.964992190302826 0.665698587166210
5.966801032705429 0.665566205544387
5.968609165575818 0.665433877649347
5.970416589068232 0.665301603417454
5.972223303336555 0.665169382785160
5.974029308535282 0.665037215689111
5.975834604818416 0.664905102066027
5.977639192340447 0.664773041852808
5.979443071256064 0.664641034986502
5.981246241719709 0.664509081404256
5.983048703886103 0.664377181043374
5.984850457910103 0.664245333841299
5.986651503946571 0.664113539735600
5.988451842150416 0.663981798663978
5.990251472676812 0.663850110564284
5.992050395680974 0.663718475374499
5.993848611318148 0.663586893032732
5.995646119743746 0.663455363477232
5.997442921112979 0.663323886646351
5.999239015581628 0.663192462478624
6.001034403305436 0.663061090912705
6.002829084440243 0.662929771887382
6.004623059141724 0.662798505341545
6.006416327565860 0.662667291214239
6.008208889868816 0.662536129444651
6.010000746206644 0.662405019972076
6.011791896735676 0.662273962735960
6.013582341612143 0.662142957675858
6.015372080992736 0.662012004731496
6.017161115033783 0.661881103842678
6.018949443892200 0.661750254949393
6.020737067724458 0.661619457991699
6.022523986687571 0.661488712909833
6.024310200938516 0.661358019644145
6.026095710634253 0.661227378135102
6.027880515931963 0.661096788323313
6.029664616988897 0.660966250149509
6.031448013962524 0.660835763554566
6.033230707010181 0.660705328479459
6.035012696289337 0.660574944865295
6.036793981957866 0.660444612653341
6.038574564173357 0.660314331784949
6.040354443093713 0.660184102201619
6.042133618876851 0.660053923844970
6.043912091680781 0.659923796656743
6.045689861663956 0.659793720578845
6.047466928984374 0.659663695553245
6.049243293800303 0.659533721522057
6.051018956270408 0.659403798427550
6.052793916553186 0.659273926212089
6.054568174807252 0.659144104818165
6.056341731191444 0.659014334188405
6.058114585864583 0.658884614265548
6.059886738985611 0.658754944992457
6.061658190713659 0.658625326312127
6.063428941207657 0.658495758167643
6.065198990627335 0.658366240502289
6.066968339131547 0.658236773259363
6.068736986880183 0.658107356382387
6.070504934032560 0.657977989814932
6.072272180748529 0.657848673500735
6.074038727187753 0.657719407383622
6.075804573510107 0.657590191407555
6.077569719875590 0.657461025516615
6.079334166444434 0.657331909655018
6.081097913376503 0.657202843767049
6.082860960832418 0.657073827797183
6.084623308972430 0.656944861689962
6.086384957956951 0.656815945390056
6.088145907946763 0.656687078842279
6.089906159102374 0.656558261991523
6.091665711584659 0.656429494782830
6.093424565554559 0.656300777161351
6.095182721173081 0.656172109072352
6.096940178601397 0.656043490461225
6.098696938000590 0.655914921273456
6.100452999532045 0.655786401454668
6.102208363357072 0.655657930950583
6.103963029637395 0.655529509707071
6.105716998534505 0.655401137670084
6.107470270210118 0.655272814785700
6.109222844826163 0.655144541000125
6.110974722544449 0.655016316259655
6.112725903527140 0.654888140510729
6.114476387936297 0.654760013699877
6.116226175934242 0.654631935773760
6.117975267683119 0.654503906679125
6.119723663345609 0.654375926362875
6.121471363084233 0.654247994772002
6.123218367061767 0.654120111853623
6.124964675440514 0.653992277554911
6.126710288383758 0.653864491823240
6.128455206054433 0.653736754606052
6.130199428615516 0.653609065850892
6.131942956230095 0.653481425505419
6.133685789061729 0.653353833517440
6.135427927273498 0.653226289834815
6.137169371029111 0.653098794405567
6.138910120492167 0.652971347177809
6.140650175826051 0.652843948099729
6.142389537195078 0.652716597119715
6.144128204762692 0.652589294186160
6.145866178693101 0.652462039247635
6.147603459150416 0.652334832252803
6.149340046298815 0.652207673150428
6.151075940302664 0.652080561889395
6.152811141326482 0.651953498418700
6.154545649534501 0.651826482687407
6.156279465091725 0.651699514644760
6.158012588162598 0.651572594240038
6.159745018912037 0.651445721422668
6.161476757505033 0.651318896142181
6.163207804106745 0.651192118348222
6.164938158882083 0.651065387990504
6.166667821996562 0.650938705018901
6.168396793615438 0.650812069383355
6.170125073904040 0.650685481033909
6.171852663028094 0.650558939920744
6.173579561153281 0.650432445994130
6.175305768445477 0.650305999204452
6.177031285070220 0.650179599502155
6.178756111193854 0.650053246837859
6.180480246982302 0.649926941162238
6.182203692601768 0.649800682426085
6.183926448218610 0.649674470580303
6.185648513999245 0.649548305575895
6.187369890110105 0.649422187363958
6.189090576717894 0.649296115895709
6.190810573989345 0.649170091122460
6.192529882091312 0.649044112995631
6.194248501190374 0.648918181466699
6.195966431453964 0.648792296487326
6.197683673049153 0.648666458009226
6.199400226143085 0.648540665984212
6.201116090903227 0.648414920364221
6.202831267496807 0.648289221101255
6.204545756091571 0.648163568147461
6.206259556855037 0.648037961455052
6.207972669955206 0.647912400976382
6.209685095559753 0.647786886663859
6.211396833836596 0.647661418470006
6.213107884954120 0.647535996347485
6.214818249080111 0.647410620248983
6.216527926383211 0.647285290127365
6.218236917031510 0.647160005935527
6.219945221193591 0.647034767626505
6.221652839038091 0.646909575153428
6.223359770733772 0.646784428469525
6.225066016449456 0.646659327528121
6.226771576353847 0.646534272282613
6.228476450616241 0.646409262686549
6.230180639405565 0.646284298693523
6.231884142890949 0.646159380257240
6.233586961242027 0.646034507331540
6.235289094627867 0.645909679870292
6.236990543218275 0.645784897827529
6.238691307182813 0.645660161157342
6.240391386691235 0.645535469813927
6.242090781913277 0.645410823751567
6.243789493019082 0.645286222924667
6.245487520178514 0.645161667287693
6.247184863561857 0.645037156795236
6.248881523339352 0.644912691401966
6.250577499681345 0.644788271062652
6.252272792758218 0.644663895732146
6.253967402740679 0.644539565365421
6.255661329799397 0.644415279917527
6.257354574105062 0.644291039343602
6.259047135828565 0.644166843598885
6.260739015140929 0.644042692638713
6.262430212213232 0.643918586418511
6.264120727216737 0.643794524893807
6.265810560322778 0.643670508020215
6.267499711702537 0.643546535753418
6.269188181527683 0.643422608049231
6.270875969969772 0.643298724863538
6.272563077200356 0.643174886152305
6.274249503391684 0.643051091871650
6.275935248715180 0.642927341977686
6.277620313343157 0.642803636426701
6.279304697447680 0.642679975175035
6.280988401201141 0.642556358179145
6.282671424775390 0.642432785395510
6.284353768343303 0.642309256780796
6.286035432077310 0.642185772291700
6.287716416149849 0.642062331885005
6.289396720733909 0.641938935517623
6.291076346002207 0.641815583146522
6.292755292127735 0.641692274728775
6.294433559283527 0.641569010221540
6.296111147642778 0.641445789582067
6.297788057378599 0.641322612767678
6.299464288664463 0.641199479735810
6.301139841673712 0.641076390443963
6.302814716580137 0.640953344849762
6.304488913557412 0.640830342910898
6.306162432778869 0.640707384585102
6.307835274418677 0.640584469830271
6.309507438650862 0.640461598604361
6.311178925649395 0.640338770865401
6.312849735588403 0.640215986571513
6.314519868642321 0.640093245680925
6.316189324985387 0.639970548151921
6.317858104792157 0.639847893942896
6.319526208237090 0.639725283012309
6.321193635495090 0.639602715318738
6.322860386740655 0.639480190820800
6.324526462148799 0.639357709477234
6.326191861894376 0.639235271246842
6.327856586153066 0.639112876088584
6.329520635099247 0.638990523961360
6.331184008908522 0.638868214824271
6.332846707756519 0.638745948636494
6.334508731818395 0.638623725357233
6.336170081269987 0.638501544945834
6.337830756286753 0.638379407361679
6.339490757044677 0.638257312564277
6.341150083719692 0.638135260513202
6.342808736487633 0.638013251168097
6.344466715524613 0.637891284488700
6.346124021006919 0.637769360434844
6.347780653110720 0.637647478966421
6.349436612012541 0.637525640043430
6.351091897888798 0.637403843625933
6.352746510916230 0.637282089674096
6.354400451271303 0.637160378148130
6.356053719131051 0.637038709008374
6.357706314672161 0.636917082215203
6.359358238071830 0.636795497729117
6.361009489506937 0.636673955510653
6.362660069154782 0.636552455520462
6.364309977192729 0.636430997719273
