1.352833426174231 -0.000122726908395
1.356822726668307 -0.342273219203803
1.360808802645165 -0.341797523215566
1.364791656480767 -0.341327430162332
1.368771290598538 -0.340862875212246
1.372747707469574 -0.340403794226958
1.376720909612974 -0.339950123730290
1.380690899595970 -0.339501800928445
1.384657680033906 -0.339058763725205
1.388621253590601 -0.338620950643254
1.392581622978195 -0.338188300902107
1.396538790957121 -0.337760754384193
1.400492760336118 -0.337338251617309
1.404443533972199 -0.336920733771585
1.408391114770379 -0.336508142690416
1.412335505683550 -0.336100420853629
1.416276709712456 -0.335697511351997
1.420214729905212 -0.335299357954144
1.424149569357206 -0.334905905032629
1.428081231210814 -0.334517097584995
1.432009718655026 -0.334132881241320
1.435935034925148 -0.333753202240980
1.439857183302546 -0.333378007418141
1.443776167114065 -0.333007244246929
1.447691989731755 -0.332640860781315
1.451604654572577 -0.332278805651612
1.455514165097705 -0.331921028122749
1.459420524812263 -0.331567478014668
1.463323737264949 -0.331218105711854
1.467223806047218 -0.330872862232310
1.471120734793249 -0.330531699085979
1.475014527179036 -0.330194568416641
1.478905186922181 -0.329861422875624
1.482792717781187 -0.329532215698994
1.486677123554978 -0.329206900663263
1.490558408082443 -0.328885432073749
1.494436575241830 -0.328567764784156
1.498311628950075 -0.328253854200471
1.502183573162553 -0.327943656202593
1.506052411872252 -0.327637127237809
1.509918149109171 -0.327334224275432
1.513780788940013 -0.327034904749945
1.517640335467447 -0.326739126629636
1.521496792829487 -0.326446848391244
1.525350165198976 -0.326158028994862
1.529200456783082 -0.325872627877269
1.533047671822530 -0.325590604991662
1.536891814591239 -0.325311920732345
1.540732889395523 -0.325036536005229
1.544570900573633 -0.324764412163314
1.548405852495332 -0.324495510994336
1.552237749560732 -0.324229794848328
1.556066596200496 -0.323967226389657
1.559892396874699 -0.323707768830092
1.563715156072440 -0.323451385790539
1.567534878311251 -0.323198041333695
1.571351568136551 -0.322947699949847
1.575165230120963 -0.322700326578039
1.578975868863887 -0.322455886555375
1.582783488990921 -0.322214345639501
1.586588095153041 -0.321975670048714
1.590389692026444 -0.321739826337399
1.594188284311713 -0.321506781514838
1.597983876733335 -0.321276502977384
1.601776474039179 -0.321048958511049
1.605566080999906 -0.320824116300364
1.609352702408424 -0.320601944917136
1.613136343079460 -0.320382413293887
1.616917007848832 -0.320165490775593
1.620694701573110 -0.319951147045828
1.624469429128968 -0.319739352177857
1.628241195412738 -0.319530076595821
1.632010005339837 -0.319323291093693
1.635775863844329 -0.319118966806830
1.639538775878302 -0.318917075243632
1.643298746411576 -0.318717588220725
1.647055780430919 -0.318520477949978
1.650809882939857 -0.318325716926426
1.654561058957863 -0.318133278039263
1.658309313520250 -0.317943134439677
1.662054651677506 -0.317755259639652
1.665797078494591 -0.317569627516030
1.669536599051047 -0.317386212159067
1.673273218439923 -0.317204988086545
1.677006941767735 -0.317025930050069
1.680737774153940 -0.316849013123494
1.684465720730310 -0.316674212716352
1.688190786640711 -0.316501504498583
1.691912977040561 -0.316330864455131
1.695632297096438 -0.316162268857091
1.699348751985713 -0.315995694253584
1.703062346895928 -0.315831117516921
1.706773087024609 -0.315668515759511
1.710480977578942 -0.315507866356230
1.714186023774959 -0.315349147032857
1.717888230837618 -0.315192335699261
1.721587604000073 -0.315037410594637
1.725284148503448 -0.314884350195134
1.728977869596477 -0.314733133232394
1.732668772535042 -0.314583738714156
1.736356862581963 -0.314436145871842
1.740042145006271 -0.314290334257167
1.743724625083370 -0.314146283572782
1.747404308094334 -0.314003973832248
1.751081199325606 -0.313863385281915
1.754755304068708 -0.313724498397993
1.758426627619953 -0.313587293883435
1.762095175280003 -0.313451752695113
1.765760952353702 -0.313317855989516
1.769423964149446 -0.313185585208903
1.773084215979234 -0.313054921950237
1.776741713158240 -0.312925848054509
1.780396461004254 -0.312798345628042
1.784048464837701 -0.312672396933830
1.787697729981299 -0.312547984455674
1.791344261759653 -0.312425090909280
1.794988065498843 -0.312303699242807
1.798629146526554 -0.312183792530925
1.802267510171459 -0.312065354114415
1.805903161763012 -0.311948367522941
1.809536106631199 -0.311832816479051
1.813166350106333 -0.311718684889364
1.816793897518581 -0.311605956893528
1.820418754198163 -0.311494616734353
1.824040925474496 -0.311384648958764
1.827660416676447 -0.311276038202666
1.831277233131765 -0.311168769347184
1.834891380167026 -0.311062827420201
1.838502863107357 -0.310958197634469
1.842111687276136 -0.310854865393427
1.845717857994888 -0.310752816250596
1.849321380582985 -0.310652035946295
1.852922260357257 -0.310552510422991
1.856520502632172 -0.310454225715555
1.860116112719318 -0.310357168082812
1.863709095927238 -0.310261323938330
1.867299457561264 -0.310166679850736
1.870887202923447 -0.310073222523203
1.874472337311977 -0.309980938888772
1.878054866021429 -0.309889815952253
1.881634794342457 -0.309799840894490
1.885212127561354 -0.309711001096179
1.888786870960054 -0.309623284053036
1.892359029816119 -0.309536677375406
1.895928609402171 -0.309451168896456
1.899495614986156 -0.309366746507776
1.903060051830780 -0.309283398320900
1.906621925193485 -0.309201112559796
1.910181240326648 -0.309119877517118
1.913738002476659 -0.309039681770572
1.917292216884470 -0.308960513896007
1.920843888785116 -0.308882362666465
1.924393023407505 -0.308805216998631
1.927939625974566 -0.308729065881392
1.931483701702757 -0.308653898500473
1.935025255802029 -0.308579704148787
1.938564293475986 -0.308506472184955
1.942100819921206 -0.308434192198698
1.945634840327745 -0.308362853777847
1.949166359878192 -0.308292446789456
1.952695383748502 -0.308222961032587
1.956221917107098 -0.308154386575671
1.959745965114984 -0.308086713556984
1.963267532925844 -0.308019932187996
1.966786625685610 -0.307954032853805
1.970303248532623 -0.307889005998967
1.973817406597158 -0.307824842249489
1.977329105001763 -0.307761532252511
1.980838348860773 -0.307699066838519
1.984345143280395 -0.307637436905831
1.987849493358544 -0.307576633471371
1.991351404184786 -0.307516647647814
1.994850880840221 -0.307457470653058
1.998347928397271 -0.307399093831142
2.001842551919879 -0.307341508566953
2.005334756462990 -0.307284706430661
2.008824547072880 -0.307228679005882
2.012311928786771 -0.307173418033208
2.015796906632976 -0.307118915301486
2.019279485630531 -0.307065162752258
2.022759670789452 -0.307012152351508
2.026237467110242 -0.306959876240588
2.029712879584347 -0.306908326544414
2.033185913193559 -0.306857495582519
2.036656572910220 -0.306807375707450
2.040124863697075 -0.306757959374631
2.043590790507289 -0.306709239107906
2.047054358284198 -0.306661207553657
2.050515571961469 -0.306613857397030
2.053974436462730 -0.306567181467668
2.057430956701936 -0.306521172591264
2.060885137582842 -0.306475823769604
2.064336983999214 -0.306431128029274
2.067786500834821 -0.306387078466438
2.071233692963139 -0.306343668304954
2.074678565247507 -0.306300890802368
2.078121122540902 -0.306258739328213
2.081561369686031 -0.306217207299126
2.084999311515296 -0.306176288202249
2.088434952850501 -0.306135975648722
2.091868298503122 -0.306096263258458
2.095299353274052 -0.306057144765411
2.098728121953489 -0.306018613988973
2.102154609321401 -0.305980664715327
2.105578820146590 -0.305943290982037
2.109000759187501 -0.305906486722246
2.112420431191680 -0.305870246040278
2.115837840896030 -0.305834563046721
2.119252993026508 -0.305799431973095
2.122665892298232 -0.305764847087230
2.126076543415561 -0.305730802698622
2.129484951071652 -0.305697293264084
2.132891119948998 -0.305664313187668
2.136295054718940 -0.305631857028631
2.139696760041823 -0.305599919370343
2.143096240566988 -0.305568494853626
2.146493500932628 -0.305537578201540
2.149888545765787 -0.305507164194219
2.153281379682547 -0.305477247624425
2.156672007287638 -0.305447823420170
2.160060433174786 -0.305418886488983
2.163446661926304 -0.305390431876568
2.166830698113448 -0.305362454605129
2.170212546296112 -0.305334949813010
2.173592211022970 -0.305307912658035
2.176969696831394 -0.305281338367094
2.180345008247472 -0.305255222212131
2.183718149785872 -0.305229559543880
2.187089125950055 -0.305204345716486
2.190457941231962 -0.305179576198476
2.193824600112298 -0.305155246447958
2.197189107060279 -0.305131352022921
2.200551466533720 -0.305107888510486
2.203911682979137 -0.305084851523164
2.207269760831503 -0.305062236771201
2.210625704514338 -0.305040039992348
2.213979518439790 -0.305018256952868
2.217331207008500 -0.304996883492516
2.220680774609648 -0.304975915486614
2.224028225621026 -0.304955348839949
2.227373564408685 -0.304935179574296
2.230716795327510 -0.304915403636328
2.234057922720662 -0.304896017131947
2.237396950919945 -0.304877016134071
2.240733884245530 -0.304858396814642
2.244068727006193 -0.304840155340154
2.247401483499112 -0.304822287959619
2.250732158009980 -0.304804790941455
2.254060754813044 -0.304787660586828
2.257387278170897 -0.304770893280293
2.260711732334702 -0.304754485401991
2.264034121544148 -0.304738433379297
2.267354450027279 -0.304722733717582
2.270672722000722 -0.304707382912304
2.273988941669553 -0.304692377526958
2.277303113227329 -0.304677714157227
2.280615240856157 -0.304663389422757
2.283925328726527 -0.304649400016680
2.287233380997507 -0.304635742628773
2.290539401816684 -0.304622413999621
2.293843395320105 -0.304609410918436
2.297145365632269 -0.304596730213645
2.300445316866373 -0.304584368699569
2.303743253123962 -0.304572323299237
2.307039178495153 -0.304560590924986
2.310333097058697 -0.304549168512553
2.313625012881820 -0.304538053065728
2.316914930020266 -0.304527241615305
2.320202852518318 -0.304516731223059
2.323488784409026 -0.304506518935269
2.326772729713761 -0.304496601929547
2.330054692442616 -0.304486977330234
2.333334676594355 -0.304477642308197
2.336612686156196 -0.304468594113551
2.339888725104131 -0.304459829960643
2.343162797402570 -0.304451347174312
2.346434907004844 -0.304443143003879
2.349705057852646 -0.304435214850256
2.352973253876659 -0.304427560013986
2.356239498995959 -0.304420175953732
2.359503797118522 -0.304413060051890
2.362766152140840 -0.304406209805272
2.366026567948341 -0.304399622650842
2.369285048414961 -0.304393296149427
2.372541597403574 -0.304387227800393
2.375796218765773 -0.304381415179477
2.379048916341895 -0.304375855888650
2.382299693960917 -0.304370547581271
2.385548555440972 -0.304365487830876
2.388795504588769 -0.304360674364594
2.392040545199955 -0.304356104860781
2.395283681058940 -0.304351777065108
2.398524915938976 -0.304347688735076
2.401764253602524 -0.304343837577960
2.405001697800500 -0.304340221492117
2.408237252273109 -0.304336838223736
2.411470920749294 -0.304333685666744
2.414702706947003 -0.304330761684463
2.417932614573248 -0.304328064156010
2.421160647323881 -0.304325591035899
2.424386808883955 -0.304323340227587
2.427611102927289 -0.304321309756283
2.430833533117037 -0.304319497549820
2.434054103105266 -0.304317901655683
2.437272816533123 -0.304316520109744
2.440489677030986 -0.304315350942604
2.443704688218268 -0.304314392253375
2.446917853703450 -0.304313642158920
2.450129177084432 -0.304313098726261
2.453338661947962 -0.304312760171849
2.456546311870339 -0.304312624584909
2.459752130416789 -0.304312690214340
2.462956121142044 -0.304312955209372
2.466158287589866 -0.304313417846050
2.469358633293558 -0.304314076315453
2.472557161775560 -0.304314928919092
2.475753876547615 -0.304315973948236
2.478948781110947 -0.304317209677899
2.482141878956083 -0.304318634446726
2.485333173563043 -0.304320246574967
2.488522668401060 -0.304322044467670
2.491710366928999 -0.304324026461652
2.494896272595150 -0.304326190962337
2.498080388837187 -0.304328536406638
2.501262719082444 -0.304331061194002
2.504443266747656 -0.304333763803576
2.507622035239101 -0.304336642705637
2.510799027952711 -0.304339696367762
2.513974248274085 -0.304342923278347
2.517147699578178 -0.304346322014419
2.520319385229980 -0.304349891027064
2.523489308583693 -0.304353628968849
2.526657472983555 -0.304357534333697
2.529823881763274 -0.304361605760109
2.532988538246573 -0.304365841789545
2.536151445746563 -0.304370241120943
2.539312607566491 -0.304374802310704
2.542472026999236 -0.304379524046195
2.545629707327485 -0.304384404996971
2.548785651823814 -0.304389443835773
2.551939863750663 -0.304394639259557
2.555092346360292 -0.304399989997367
2.558243102895223 -0.304405494698817
2.561392136587390 -0.304411152222509
2.564539450659071 -0.304416961240135
2.567685048322496 -0.304422920529670
2.570828932779896 -0.304429028878515
2.573971107223307 -0.304435285136269
2.577111574835187 -0.304441688034950
2.580250338787937 -0.304448236432020
2.583387402243974 -0.304454929188111
2.586522768355935 -0.304461765136783
2.589656440266525 -0.304468743165101
2.592788421109018 -0.304475862065715
2.595918714006293 -0.304483120865912
2.599047322071963 -0.304490518358789
2.602174248409604 -0.304498053528260
2.605299496113383 -0.304505725235939
2.608423068267407 -0.304513532506682
2.611544967946242 -0.304521474266700
2.614665198215084 -0.304529549423401
2.617783762128987 -0.304537757072715
2.620900662733864 -0.304546096105491
2.624015903066018 -0.304554565533601
2.627129486151830 -0.304563164457357
2.630241415008655 -0.304571891792519
2.633351692644021 -0.304580746651843
2.636460322055997 -0.304589728082681
2.639567306233381 -0.304598835107054
2.642672648155453 -0.304608066817875
2.645776350792189 -0.304617422278952
2.648878417103926 -0.304626900643420
2.651978850041938 -0.304636500952981
2.655077652548022 -0.304646222358279
2.658174827554750 -0.304656063969100
2.661270377985508 -0.304666024902412
2.664364306754058 -0.304676104390536
2.667456616765349 -0.304686301497991
2.670547310915057 -0.304696615410114
2.673636392089512 -0.304707045342491
2.676723863166018 -0.304717590455195
2.679809727012688 -0.304728249960947
2.682893986488645 -0.304739023042626
2.685976644443739 -0.304749908961489
2.689057703718958 -0.304760906901453
2.692137167146226 -0.304772016107242
2.695215037548427 -0.304783235833228
2.698291317739446 -0.304794565339104
2.701366010524204 -0.304806003891633
2.704439118698851 -0.304817550727971
2.707510645050289 -0.304829205208562
2.710580592357164 -0.304840966483262
2.713648963388468 -0.304852834033205
2.716715760905059 -0.304864807009209
2.719780987658433 -0.304876884854913
2.722844646391803 -0.304889066782653
2.725906739839235 -0.304901352215636
2.728967270726313 -0.304913740440038
2.732026241769785 -0.304926230835365
2.735083655677689 -0.304938822767442
2.738139515149538 -0.304951515572713
2.741193822876175 -0.304964308634422
2.744246581539759 -0.304977201353050
2.747297793813879 -0.304990193116062
2.750347462363474 -0.305003283342407
2.753395589845366 -0.305016471343012
2.756442178907236 -0.305029756675432
2.759487232188753 -0.305043138652420
2.762530752320917 -0.305056616750532
2.765572741926433 -0.305070190372772
2.768613203619342 -0.305083859020126
2.771652140005478 -0.305097622101290
2.774689553682324 -0.305111479071193
2.777725447238898 -0.305125429422261
2.780759823256124 -0.305139472576812
2.783792684306263 -0.305153608097079
2.786824032953632 -0.305167835394959
2.789853871754173 -0.305182153992986
2.792882203255515 -0.305196563411003
2.795909029997203 -0.305211063129449
2.798934354510880 -0.305225652598366
2.801958179319370 -0.305240331490966
2.804980506937837 -0.305255099225311
2.808001339873226 -0.305269955360422
2.811020680624605 -0.305284899388479
2.814038531682587 -0.305299930946082
2.817054895529898 -0.305315049550876
2.820069774641517 -0.305330254699946
2.823083171484190 -0.305345546013373
2.826095088516622 -0.305360923079310
2.829105528189829 -0.305376385414936
2.832114492946639 -0.305391932665012
2.835121985222202 -0.305407564366952
2.838128007443614 -0.305423280156910
2.841132562030420 -0.305439079565120
2.844135651394037 -0.305454962266983
2.847137277938088 -0.305470927871036
2.850137444058690 -0.305486975930560
2.853136152143989 -0.305503106116864
2.856133404574265 -0.305519318088033
2.859129203722552 -0.305535611369495
2.862123551953664 -0.305551985722378
2.865116451625158 -0.305568440695296
2.868107905086744 -0.305584975984888
2.871097914680508 -0.305601591245791
2.874086482741042 -0.305618286112903
2.877073611595357 -0.305635060252478
2.880059303562805 -0.305651913358245
2.883043560955272 -0.305668845089217
2.886026386077155 -0.305685855121293
2.889007781225412 -0.305702943126892
2.891987748689397 -0.305720108828878
2.894966290751320 -0.305737351851101
2.897943409685518 -0.305754671998546
2.900919107759356 -0.305772068875330
2.903893387232670 -0.305789542226098
2.906866250357777 -0.305807091801520
2.909837699380063 -0.305824717226377
2.912807736537092 -0.305842418341931
2.915776364059731 -0.305860194736932
2.918743584171183 -0.305878046234874
2.921709399087468 -0.305895972557111
2.924673811017483 -0.305913973420702
2.927636822162834 -0.305932048589509
2.930598434718085 -0.305950197780835
2.933558650870578 -0.305968420761627
2.936517472800463 -0.305986717301517
2.939474902680917 -0.306005087129003
2.942430942677901 -0.306023530037268
2.945385594950319 -0.306042045791208
2.948338861650226 -0.306060634117760
2.951290744922392 -0.306079294852743
2.954241246904769 -0.306098027733371
2.957190369728195 -0.306116832573799
2.960138115516684 -0.306135709128929
2.963084486387298 -0.306154657193938
2.966029484450007 -0.306173676603883
2.968973111808148 -0.306192767095448
2.971915370557956 -0.306211928524155
2.974856262788999 -0.306231160651294
2.977795790583921 -0.306250463308530
2.980733956018542 -0.306269836309948
2.983670761161883 -0.306289279475055
2.986606208076341 -0.306308792588763
2.989540298817423 -0.306328375506340
2.992473035433851 -0.306348028069213
2.995404419967818 -0.306367750064208
2.998334454454753 -0.306387541342574
3.001263140923357 -0.306407401755387
3.004190481395845 -0.306427331104831
3.007116477887638 -0.306447329273318
3.010041132407648 -0.306467396084722
3.012964446958210 -0.306487531385841
3.015886423535025 -0.306507735046244
3.018807064127374 -0.306528006891333
3.021726370717800 -0.306548346831143
3.024644345282692 -0.306568754643644
3.027560989791590 -0.306589230280176
3.030476306207750 -0.306609773566521
3.033390296488019 -0.306630384363655
3.036302962582760 -0.306651062559933
3.039214306435917 -0.306671808035567
3.042124329985047 -0.306692620669314
3.045033035161520 -0.306713500301938
3.047940423890168 -0.306734446864129
3.050846498089451 -0.306755460253558
3.053751259671806 -0.306776540294183
3.056654710543075 -0.306797686952490
3.059556852603039 -0.306818900074431
3.062457687745096 -0.306840179591842
3.065357217856525 -0.306861525378257
3.068255444818472 -0.306882937320616
3.071152370505726 -0.306904415363986
3.074047996786880 -0.306925959423510
3.076942325524596 -0.306947569358420
3.079835358575207 -0.306969245128298
3.082727097789024 -0.306990986628392
3.085617545010327 -0.307012793761951
3.088506702077227 -0.307034666472531
3.091394570821705 -0.307056604701234
3.094281153069986 -0.307078608306250
3.097166450641956 -0.307100677292206
3.100050465351811 -0.307122811515822
3.102933199007458 -0.307145010983001
3.105814653411164 -0.307167275551757
3.108694830358864 -0.307189605251955
3.111573731641053 -0.307211999906776
3.114451359041982 -0.307234459538223
3.117327714340011 -0.307256984091006
3.120202799307829 -0.307279573463315
3.123076615712253 -0.307302227607203
3.125949165314011 -0.307324946535012
3.128820449868386 -0.307347730109105
3.131690471124555 -0.307370578358506
3.134559230826119 -0.307393491189685
3.137426730710815 -0.307416468586853
3.140292972510841 -0.307439510459651
3.143157957952309 -0.307462616858537
3.146021688755946 -0.307485787669236
3.148884166636659 -0.307509022888912
3.151745393303731 -0.307532322475034
3.154605370460765 -0.307555686402664
3.157464099805853 -0.307579114613909
3.160321583031125 -0.307602607164777
3.163177821823615 -0.307626163909039
3.166032817864348 -0.307649784926174
3.168886572829130 -0.307673470111536
3.171739088387961 -0.307697219507491
3.174590366205371 -0.307721033082869
3.177440407940583 -0.307744910769716
3.180289215246947 -0.307768852647383
3.183136789772723 -0.307792858607055
3.185983133160538 -0.307816928679832
3.188828247047590 -0.307841062853414
3.191672133065610 -0.307865261129002
3.194514792840976 -0.307889523486329
3.197356227994805 -0.307913849889126
3.200196440142516 -0.307938240412717
3.203035430894611 -0.307962694947744
3.205873201855831 -0.307987213595994
3.208709754625901 -0.308011796283888
3.211545090799110 -0.308036443045921
3.214379211964496 -0.308061153875520
3.217212119705616 -0.308085928829695
3.220043815601301 -0.308110767785693
3.222874301224530 -0.308135670900697
3.225703578143442 -0.308160638091512
3.228531647920986 -0.308185669364378
3.231358512114666 -0.308210764794474
3.234184172277096 -0.308235924325982
3.237008629955543 -0.308261148019970
3.239831886692104 -0.308286435900323
3.242653944024005 -0.308311787922553
3.245474803483131 -0.308337204161951
3.248294466596408 -0.308362684606939
3.251112934885617 -0.308388229295178
3.253930209867451 -0.308413838256815
3.256746293053698 -0.308439511480532
3.259561185951090 -0.308465248999532
3.262374890061219 -0.308491050870641
3.265187406880693 -0.308516917119024
3.267998737901418 -0.308542847704292
3.270808884609956 -0.308568842750205
3.273617848488251 -0.308594902205402
3.276425631013115 -0.308621026151540
3.279232233656516 -0.308647214603718
3.282037657885497 -0.308673467601760
3.284841905162235 -0.308699785176162
3.287644976944056 -0.308726167357723
3.290446874683419 -0.308752614187762
3.293247599827928 -0.308779125707969
3.296047153820439 -0.308805701939292
3.298845538098904 -0.308832342945292
3.301642754096557 -0.308859048748986
3.304438803241865 -0.308885819390279
3.307233686958411 -0.308912654941877
3.310027406665203 -0.308939555406085
3.312819963776483 -0.308966520835797
3.315611359701620 -0.308993551316301
3.318401595845455 -0.309020646850882
3.321190673608176 -0.309047807479642
3.323978594385041 -0.309075033314925
3.326765359567006 -0.309102324318665
3.329550970540159 -0.309129680597140
3.332335428685920 -0.309157102211670
3.335118735381391 -0.309184589142029
3.337900891998739 -0.309212141524190
3.340681899905741 -0.309239759365022
3.343461760465512 -0.309267442741352
3.346240475036819 -0.309295191658586
3.349018044973691 -0.309323006221760
3.351794471625599 -0.309350886495931
3.354569756337616 -0.309378832512151
3.357343900450438 -0.309406844298163
3.360116905299963 -0.309434921992718
3.362888772217911 -0.309463065583817
3.365659502531507 -0.309491275142753
3.368429097563286 -0.309519550793639
3.371197558631807 -0.309547892486980
3.373964887050880 -0.309576300369538
3.376731084129912 -0.309604774508062
3.379496151174140 -0.309633314912303
3.382260089484333 -0.309661921672894
3.385022900356914 -0.309690594853904
3.387784585083907 -0.309719334535137
3.390545144952982 -0.309748140791528
3.393304581247874 -0.309777013595641
3.396062895247562 -0.309805953130196
3.398820088226834 -0.309834959440231
3.401576161456461 -0.309864032531815
3.404331116202680 -0.309893172543954
3.407084953727608 -0.309922379516689
3.409837675289214 -0.309951653499366
3.412589282141109 -0.309980994600249
3.415339775532817 -0.310010402861878
3.418089156709403 -0.310039878425024
3.420837426912359 -0.310069421210904
3.423584587378353 -0.310099031460450
3.426330639340188 -0.310128709175077
3.429075584026708 -0.310158454386665
3.431819422662325 -0.310188267247477
3.434562156467632 -0.310218147760425
3.437303786658945 -0.310248096047420
3.440044314448376 -0.310278112215504
3.442783741044353 -0.310308196245187
3.445522067650948 -0.310338348288849
3.448259295468326 -0.310368568391034
3.450995425692466 -0.310398856668468
3.453730459515485 -0.310429213162053
3.456464398125466 -0.310459637957407
3.459197242706666 -0.310490131093914
3.461928994439024 -0.310520692735733
3.464659654498746 -0.310551322906061
3.467389224057955 -0.310582021718222
3.470117704285075 -0.310612789192639
3.472845096344230 -0.310643625504870
3.475571401396170 -0.310674530600896
3.478296620597104 -0.310705504724026
3.481020755099896 -0.310736547819763
3.483743806053210 -0.310767660053145
3.486465774602022 -0.310798841462260
3.489186661887330 -0.310830092163444
3.491906469046445 -0.310861412202288
3.494625197212714 -0.310892801697664
3.497342847515805 -0.310924260699897
3.500059421081357 -0.310955789351788
3.502774919031554 -0.310987387653328
3.505489342484491 -0.311019055769955
3.508202692554780 -0.311050793714757
3.510914970352938 -0.311082601661762
3.513626176986215 -0.311114479576318
3.516336313557732 -0.311146427647188
3.519045381167036 -0.311178445924968
3.521753380909979 -0.311210534494518
3.524460313878707 -0.311242693446227
3.527166181161724 -0.311274922858808
3.529870983843902 -0.311307222809738
3.532574723006331 -0.311339593420081
3.535277399726497 -0.311372034766872
3.537979015078358 -0.311404546912791
3.540679570132097 -0.311437129985166
3.543379065954593 -0.311469783995411
3.546077503608693 -0.311502509143027
3.548774884153925 -0.311535305450177
3.551471208646379 -0.311568172970779
3.554166478138237 -0.311601111882610
3.556860693678380 -0.311634122212599
3.559553856312035 -0.311667204079378
3.562245967081011 -0.311700357544977
3.564937027023515 -0.311733582721479
3.567627037174427 -0.311766879654801
3.570315998564667 -0.311800248553846
3.573003912222401 -0.311833689323770
3.575690779171726 -0.311867202208540
3.578376600433341 -0.311900787283169
3.581061377024983 -0.311934444514330
3.583745109960296 -0.311968174161583
3.586427800250045 -0.312001976176207
3.589109448901293 -0.312035850723322
3.591790056917740 -0.312069797883956
3.594469625299818 -0.312103817718395
3.597148155044466 -0.312137910347071
3.599825647145151 -0.312172075887999
3.602502102592393 -0.312206314326667
3.605177522372835 -0.312240625892119
3.607851907470203 -0.312275010567975
3.610525258864596 -0.312309468523255
3.613197577533214 -0.312343999744249
3.615868864449356 -0.312378604475899
3.618539120583631 -0.312413282655486
3.621208346902881 -0.312448034499649
3.623876544371161 -0.312482859976944
3.626543713948746 -0.312517759312709
3.629209856593168 -0.312552732468657
3.631874973258230 -0.312587779663916
3.634539064894970 -0.312622900870829
3.637202132450977 -0.312658096241950
3.639864176870491 -0.312693365905363
3.642525199094922 -0.312728709859943
3.645185200062183 -0.312764128277940
3.647844180707219 -0.312799621197728
3.650502141961720 -0.312835188735049
3.653159084754125 -0.312870831007766
3.655815010009942 -0.312906548052745
3.658469918651439 -0.312942339989955
3.661123811597699 -0.312978206927313
3.663776689764813 -0.313014148925773
3.666428554065671 -0.313050166103697
3.669079405410181 -0.313086258523473
3.671729244705037 -0.313122426312768
3.674378072854055 -0.313158669512207
3.677025890757763 -0.313194988273343
3.679672699313929 -0.313231382612181
3.682318499416796 -0.313267852745957
3.684963291958168 -0.313304398613264
3.687607077826422 -0.313341020411065
3.690249857907022 -0.313377718205127
3.692891633082518 -0.313414492065537
3.695532404232527 -0.313451342067447
3.698172172233294 -0.313488268404676
3.700810937958546 -0.313525271050856
3.703448702278865 -0.313562350144610
3.706085466061944 -0.313599505761158
3.708721230172505 -0.313636737999258
3.711355995472111 -0.313674047009162
3.713989762819684 -0.313711432808774
3.716622533071424 -0.313748895438401
3.719254307080104 -0.313786435126829
3.721885085696021 -0.313824051854874
3.724514869766296 -0.313861745790127
3.727143660135424 -0.313899516957391
3.729771457644918 -0.313937365478741
3.732398263133408 -0.313975291451150
3.735024077436795 -0.314013294935166
3.737648901388127 -0.314051376024449
3.740272735817435 -0.314089534858744
3.742895581552196 -0.314127771460015
3.745517439416976 -0.314166085943739
3.748138310233278 -0.314204478469449
3.750758194820422 -0.314242948967954
3.753377093994424 -0.314281497665238
3.755995008568655 -0.314320124618542
3.758611939353783 -0.314358829900451
3.761227887158027 -0.314397613521672
3.763842852786181 -0.314436475749275
3.766456837040810 -0.314475416539311
3.769069840721608 -0.314514436018949
3.771681864625632 -0.314553534255699
3.774292909547108 -0.314592711370900
3.776902976277747 -0.314631967404039
3.779512065606434 -0.314671302479478
3.782120178319361 -0.314710716688910
3.784727315199978 -0.314750210137759
3.787333477029467 -0.314789782810593
3.789938664585870 -0.314829434923363
3.792542878644958 -0.314869166463670
3.795146119979576 -0.314908977596439
3.797748389360085 -0.314948868370450
3.800349687554388 -0.314988838829918
3.802950015327564 -0.315028889118543
3.805549373441985 -0.315069019350608
3.808147762657791 -0.315109229517402
3.810745183732375 -0.315149519748437
3.813341637420252 -0.315189890209755
3.815937124474034 -0.315230340811683
3.818531645643223 -0.315270871785858
3.821125201674926 -0.315311483177164
3.823717793313780 -0.315352175052198
3.826309421301857 -0.315392947504825
3.828900086378713 -0.315433800617387
3.831489789281471 -0.315474734453583
3.834078530744487 -0.315515749166079
3.836666311499948 -0.315556844752700
3.839253132277413 -0.315598021333436
3.841838993803971 -0.315639278989949
3.844423896804023 -0.315680617862283
3.847007842000088 -0.315722037878876
3.849590830111554 -0.315763539303667
3.852172861855815 -0.315805122097648
3.854753937947584 -0.315846786407972
3.857334059099458 -0.315888532233677
3.859913226021225 -0.315930359759281
3.862491439420475 -0.315972269009980
3.865068700002470 -0.316014260045225
3.867645008469863 -0.316056333003871
3.870220365523088 -0.316098487921835
3.872794771859944 -0.316140724946072
3.875368228176491 -0.316183043990065
3.877940735165590 -0.316225445355450
3.880512293518450 -0.316267928934424
3.883082903923341 -0.316310494964509
3.885652567066694 -0.316353143391090
3.888221283632433 -0.316395874340736
3.890789054302036 -0.316438687924281
3.893355879754747 -0.316481584198386
3.895921760667650 -0.316524563202427
3.898486697715220 -0.316567625096333
3.901050691569972 -0.316610769869921
3.903613742901956 -0.316653997648706
3.906175852378975 -0.316697308501545
3.908737020666536 -0.316740702513648
3.911297248427945 -0.316784179745367
3.913856536324267 -0.316827740269747
3.916414885014297 -0.316871384170014
3.918972295154441 -0.316915111562356
3.921528767399210 -0.316958922432640
3.924084302400672 -0.317002816916435
3.926638900808597 -0.317046795109838
3.929192563270833 -0.317090857012210
3.931745290432707 -0.317135002783823
3.934297082937680 -0.317179232412188
3.936847941426679 -0.317223546064521
3.939397866538790 -0.317267943725376
3.941946858910814 -0.317312425498456
3.944494919177210 -0.317356991505628
3.947042047970390 -0.317401641790957
3.949588245920883 -0.317446376357027
3.952133513656745 -0.317491195364564
3.954677851804185 -0.317536098809609
3.957221260986776 -0.317581086901817
3.959763741826522 -0.317626159564694
3.962305294943218 -0.317671316896326
3.964845920954370 -0.317716559017674
3.967385620475451 -0.317761885982843
3.969924394120014 -0.317807297816550
3.972462242499057 -0.317852794716537
3.974999166222135 -0.317898376583160
3.977535165896342 -0.317944043592143
3.980070242126937 -0.317989795751324
3.982604395516822 -0.318035633213395
3.985137626667335 -0.318081555915926
3.987669936177133 -0.318127564100798
3.990201324643401 -0.318173657685919
3.992731792661137 -0.318219836782764
3.995261340823087 -0.318266101521753
3.997789969720353 -0.318312451872065
4.000317679941831 -0.318358887954651
4.002844472074414 -0.318405409838864
4.005370346703110 -0.318452017562010
4.007895304410889 -0.318498711205864
4.010419345778795 -0.318545490822571
4.012942471385763 -0.318592356515469
4.015464681808906 -0.318639308312079
4.017985977623302 -0.318686346298835
4.020506359402223 -0.318733470501753
4.023025827716761 -0.318780681050120
4.025544383136573 -0.318827977872166
4.028062026228675 -0.318875361225290
4.030578757558590 -0.318922831056253
4.033094577690075 -0.318970387388755
4.035609487184389 -0.319018030444289
4.038123486601659 -0.319065760078444
4.040636576499633 -0.319113576483466
4.043148757434084 -0.319161479745576
4.045660029959439 -0.319209469780991
4.048170394627627 -0.319257546820129
4.050679851989244 -0.319305710778775
4.053188402592555 -0.319353961844774
4.055696046984444 -0.319402299950371
4.058202785709545 -0.319450725264042
4.060708619310973 -0.319499237758099
4.063213548329540 -0.319547837618999
4.065717573304819 -0.319596524745602
4.068220694774190 -0.319645299296839
4.070722913273498 -0.319694161255572
4.073224229336326 -0.319743110802132
4.075724643495194 -0.319792147793461
4.078224156279968 -0.319841272520115
4.080722768219125 -0.319890484930230
4.083220479839570 -0.319939785023180
4.085717291666257 -0.319989172901177
4.088213204222110 -0.320038648692557
4.090708218028840 -0.320088212302036
4.093202333605601 -0.320137864002786
4.095695551470856 -0.320187603560141
4.098187872140511 -0.320237431250867
4.100679296128979 -0.320287347061549
4.103169823948988 -0.320337351032863
4.105659456111466 -0.320387443239752
4.108148193125629 -0.320437623731317
4.110636035499109 -0.320487892526400
4.113122983737623 -0.320538249733063
4.115609038345382 -0.320588695350852
4.118094199824678 -0.320639229492270
4.120578468676483 -0.320689852107987
4.123061845399768 -0.320740563335940
4.125544330491952 -0.320791363192522
4.128025924448587 -0.320842251781876
4.130506627763931 -0.320893229053091
4.132986440930177 -0.320944295166803
4.135465364438446 -0.320995450012196
4.137943398777407 -0.321046693861024
4.140420544434784 -0.321098026569232
4.142896801896399 -0.321149448260278
4.145372171646356 -0.321200959004384
4.147846654167328 -0.321252558798737
4.150320249940265 -0.321304247718350
4.152792959444461 -0.321356025822706
4.155264783157712 -0.321407893129064
4.157735721556257 -0.321459849672464
4.160205775114592 -0.321511895538993
4.162674944305575 -0.321564030789115
4.165143229600852 -0.321616255364867
4.167610631469961 -0.321668569458925
4.170077150381393 -0.321720972970754
4.172542786801793 -0.321773466022162
4.175007541196176 -0.321826048676975
4.177471414028323 -0.321878720890226
4.179934405760013 -0.321931482831415
4.182396516851880 -0.321984334431665
4.184857747762874 -0.322037275776821
4.187318098950572 -0.322090306863717
4.189777570870493 -0.322143427881904
4.192236163977445 -0.322196638649263
4.194693878724072 -0.322249939387428
4.197150715561717 -0.322303330078788
4.199606674940510 -0.322356810684322
4.202061757308527 -0.322410381397406
4.204515963112721 -0.322464042156730
4.206969292798524 -0.322517793010481
4.209421746809872 -0.322571634002821
4.211873325589195 -0.322625565179522
4.214324029577452 -0.322679586581252
4.216773859214054 -0.322733698267266
4.219222814937275 -0.322787900187263
4.221670897183583 -0.322842192476085
4.224118106388204 -0.322896575113268
4.226564442984667 -0.322951048205664
4.229009907405334 -0.323005611715745
4.231454500081196 -0.323060265661193
4.233898221441627 -0.323115010131509
4.236341071914382 -0.323169845215280
4.238783051926290 -0.323224770813595
4.241224161902503 -0.323279787032654
4.243664402266749 -0.323334893913446
4.246103773441298 -0.323390091504757
4.248542275847369 -0.323445379745641
4.250979909904459 -0.323500758760703
4.253416676030557 -0.323556228616631
4.255852574642834 -0.323611789191249
4.258287606156423 -0.323667440700505
4.260721770985624 -0.323723183026918
4.263155069543187 -0.323779016254142
4.265587502240257 -0.323834940480910
4.268019069486995 -0.323890955636139
4.270449771692175 -0.323947061760661
4.272879609262928 -0.324003258967718
4.275308582605267 -0.324059547225329
4.277736692123967 -0.324115926536834
4.280163938222232 -0.324172396998708
4.282590321302135 -0.324228958586156
4.285015841764356 -0.324285611348032
4.287440500008238 -0.324342355319375
4.289864296431850 -0.324399190517365
4.292287231432081 -0.324456116935735
4.294709305404197 -0.324513134692352
4.297130518742519 -0.324570243715540
4.299550871839895 -0.324627444083732
4.301970365087885 -0.324684735823553
4.304388998876897 -0.324742118925661
4.306806773595977 -0.324799593439811
4.309223689632875 -0.324857159398541
4.311639747374116 -0.324914816814913
4.314054947204968 -0.324972565712934
4.316469289509495 -0.325030406102507
4.318882774670407 -0.325088338035793
4.321295403069269 -0.325146361509070
4.323707175086263 -0.325204476583137
4.326118091100572 -0.325262683216954
4.328528151489984 -0.325320981476439
4.330937356631053 -0.325379371386672
4.333345706899069 -0.325437852981670
4.335753202668386 -0.325496426202685
4.338159844311795 -0.325555091169818
4.340565632201073 -0.325613847849244
4.342970566706892 -0.325672696233030
4.345374648198387 -0.325731636437949
4.347777877043766 -0.325790668406557
4.350180253610093 -0.325849792147102
4.352581778263048 -0.325909007733420
4.354982451367270 -0.325968315145304
4.357382273286249 -0.326027714394507
4.359781244382070 -0.326087205563322
4.362179365016087 -0.326146788548170
4.364576635547959 -0.326206463515719
4.366973056336644 -0.326266230353759
4.369368627739711 -0.326326089147650
4.371763350113694 -0.326386039879062
4.374157223813837 -0.326446082607087
4.376550249194490 -0.326506217276953
4.378942426608472 -0.326566444016016
4.381333756407925 -0.326626762711051
4.383724238943683 -0.326687173429051
4.386113874565329 -0.326747676219600
4.388502663621523 -0.326808271042463
4.390890606459756 -0.326868957926067
4.393277703426272 -0.326929736923896
4.395663954866461 -0.326990607978255
4.398049361124322 -0.327051571183132
4.400433922543262 -0.327112626409177
4.402817639464869 -0.327173773873673
4.405200512230160 -0.327235013442847
4.407582541179083 -0.327296345123936
4.409963726650300 -0.327357768986628
4.412344068981407 -0.327419285039234
4.414723568509228 -0.327480893207902
4.417102225569013 -0.327542593645866
4.419480040495321 -0.327604386259475
4.421857013621747 -0.327666271030088
4.424233145280457 -0.327728248074209
4.426608435802805 -0.327790317332736
4.428982885519217 -0.327852478781754
4.431356494758848 -0.327914732493703
4.433729263849872 -0.327977078462021
4.436101193119498 -0.328039516673557
4.438472282893795 -0.328102047167910
4.440842533498119 -0.328164669862880
4.443211945256297 -0.328227384910884
4.445580518491750 -0.328290192143820
4.447948253526351 -0.328353091719467
4.450315150681146 -0.328416083592740
4.452681210276372 -0.328479167713518
4.455046432631095 -0.328542344134379
4.457410818063415 -0.328605612852285
4.459774366890339 -0.328668973900070
4.462137079428103 -0.328732427220026
4.464498955991755 -0.328795972873863
4.466859996895455 -0.328859610838507
4.469220202452461 -0.328923341096190
4.471579572974993 -0.328987163668323
4.473938108774328 -0.329051078550184
4.476295810160582 -0.329115085799800
4.478652677443428 -0.329179185271033
4.481008710930929 -0.329243377152860
4.483363910930625 -0.329307661323013
4.485718277749146 -0.329372037771490
4.488071811691801 -0.329436506606292
4.490424513063400 -0.329501067700604
4.492776382167497 -0.329565721146722
4.495127419306836 -0.329630466908169
4.497477624783288 -0.329695304968313
4.499826998897830 -0.329760235317308
4.502175541950266 -0.329825258024391
4.504523254239902 -0.329890372969639
4.506870136064639 -0.329955580289961
4.509216187721827 -0.330020879880639
4.511561409507792 -0.330086271772733
4.513905801718003 -0.330151755949735
4.516249364647021 -0.330217332411527
4.518592098588556 -0.330283001141807
4.520934003835148 -0.330348762215239
4.523275080678935 -0.330414615489853
4.525615329410791 -0.330480561069005
4.527954750320823 -0.330546598915721
4.530293343698366 -0.330612728994514
4.532631109831722 -0.330678951345933
4.534968049008389 -0.330745265945248
4.537304161515211 -0.330811672725958
4.539639447637784 -0.330878171791317
4.541973907661068 -0.330944763072154
4.544307541869250 -0.331011446536823
4.546640350545413 -0.331078222251070
4.548972333972059 -0.331145090130222
4.551303492430676 -0.331212050215291
4.553633826202137 -0.331279102433442
4.555963335566101 -0.331346246883864
4.558292020801806 -0.331413483439768
4.560619882187381 -0.331480812171567
4.562946920000148 -0.331548233063995
4.565273134516815 -0.331615746048842
4.567598526013099 -0.331683351162994
4.569923094764077 -0.331751048347109
4.572246841043667 -0.331818837689202
4.574569765125335 -0.331886719076466
4.576891867281690 -0.331954692511540
4.579213147784136 -0.332022758099491
4.581533606904058 -0.332090915603799
4.583853244911317 -0.332159165221167
4.586172062075376 -0.332227506827377
4.588490058664775 -0.332295940446655
4.590807234947337 -0.332364466047783
4.593123591189998 -0.332433083647037
4.595439127659122 -0.332501793170761
4.597753844620180 -0.332570594640153
4.600067742337586 -0.332639488122415
4.602380821075709 -0.332708473394835
4.604693081097369 -0.332777550668267
4.607004522665321 -0.332846719727252
4.609315146040856 -0.332915980759130
4.611624951485064 -0.332985333589206
4.613933939258182 -0.333054778230218
4.616242109619471 -0.333124314731103
4.618549462827719 -0.333193942997811
4.620855999140713 -0.333263663087615
4.623161718815857 -0.333333474879790
4.625466622109569 -0.333403378431279
4.627770709277341 -0.333473373778161
4.630073980574534 -0.333543460731223
4.632376436255329 -0.333613639402444
4.634678076573140 -0.333683909786225
4.636978901781073 -0.333754271744991
4.639278912131118 -0.333824725375405
4.641578107874708 -0.333895270612157
4.643876489262549 -0.333965907441075
4.646174056544943 -0.334036635753973
4.648470809970791 -0.334107455733134
4.650766749788942 -0.334178367168819
4.653061876247455 -0.334249370068908
4.655356189593292 -0.334320464527362
4.657649690073195 -0.334391650387258
4.659942377933007 -0.334462927686843
4.662234253417986 -0.334534296376521
4.664525316772522 -0.334605756486649
4.666815568240591 -0.334677307918994
4.669105008065166 -0.334748950744962
4.671393636488869 -0.334820684848318
4.673681453753566 -0.334892510230607
4.675968460100332 -0.334964426904614
4.678254655769821 -0.335036434775281
4.680540041001666 -0.335108533923276
4.682824616035242 -0.335180724208092
4.685108381109065 -0.335253005665333
4.687391336461063 -0.335325378249323
4.689673482328267 -0.335397842008727
4.691954818947599 -0.335470396761536
4.694235346554885 -0.335543042612240
4.696515065385468 -0.335615779491323
4.698793975674107 -0.335688607355852
4.701072077654727 -0.335761526237199
4.703349371561039 -0.335834535986959
4.705625857625633 -0.335907636722218
4.707901536080787 -0.335980828323389
4.710176407157980 -0.336054110814650
4.712450471088343 -0.336127484088737
4.714723728102321 -0.336200948137679
4.716996178429321 -0.336274503056344
4.719267822298817 -0.336348148618161
4.721538659939133 -0.336421884952972
4.723808691578341 -0.336495711927460
4.726077917443566 -0.336569629612903
4.728346337761900 -0.336643637813663
4.730613952759081 -0.336717736721439
4.732880762661042 -0.336791926075034
4.735146767692378 -0.336866206061531
4.737411968077838 -0.336940576433737
4.739676364040911 -0.337015037357325
4.741939955805186 -0.337089588600623
4.744202743592898 -0.337164230359355
4.746464727626430 -0.337238962388491
4.748725908127072 -0.337313784808171
4.750986285315973 -0.337388697458963
4.753245859413322 -0.337463700423433
4.755504630639050 -0.337538793577148
4.757762599212239 -0.337613976971558
4.760019765351808 -0.337689250456354
4.762276129275823 -0.337764614083634
4.764531691201848 -0.337840067802970
4.766786451346742 -0.337915611626782
4.769040409927311 -0.337991245372670
4.771293567159374 -0.338066969135889
4.773545923258234 -0.338142782872115
4.775797478438924 -0.338218686466488
4.778048232915580 -0.338294679988334
4.780298186902270 -0.338370763264395
4.782547340612005 -0.338446936411268
4.784795694257729 -0.338523199257573
4.787043248051526 -0.338599551861633
4.789290002205176 -0.338675994123346
4.791535956929792 -0.338752526046784
4.793781112436055 -0.338829147568164
4.796025468934034 -0.338905858678096
4.798269026633474 -0.338982659281054
4.800511785743496 -0.339059549371770
4.802753746472630 -0.339136528936773
4.804994909029025 -0.339213597897546
4.807235273620200 -0.339290756253853
4.809474840453386 -0.339368003901865
4.811713609735288 -0.339445340809821
4.813951581671732 -0.339522767051118
4.816188756468543 -0.339600282438818
4.818425134330808 -0.339677887006067
4.820660715463239 -0.339755580677920
4.822895500069762 -0.339833363500853
4.825129488354179 -0.339911235328652
4.827362680519958 -0.339989196075131
4.829595076769437 -0.340067245890896
4.831826677305101 -0.340145384549552
4.834057482328572 -0.340223612123782
4.836287492041263 -0.340301928493048
4.838516706643873 -0.340380333687757
4.840745126336979 -0.340458827561128
4.842972751320432 -0.340537410148942
4.845199581793604 -0.340616081411908
4.847425617955374 -0.340694841315682
4.849650860004626 -0.340773689680423
4.851875308139153 -0.340852626649218
4.854098962556722 -0.340931652051653
4.856321823454408 -0.341010765914761
4.858543891028957 -0.341089968158285
4.860765165476699 -0.341169258728241
4.862985646993629 -0.341248637547400
4.865205335774911 -0.341328104684868
4.867424232015699 -0.341407659968892
4.869642335910286 -0.341487303479146
4.871859647653227 -0.341567034961687
4.874076167437875 -0.341646854600167
4.876291895457471 -0.341726762252618
4.878506831904897 -0.341806757852081
4.880720976972682 -0.341886841330224
4.882934330852613 -0.341967012733891
4.885146893736339 -0.342047271932313
4.887358665815083 -0.342127618879398
4.889569647279421 -0.342208053595982
4.891779838319718 -0.342288575973465
4.893989239126057 -0.342369185924538
4.896197849887635 -0.342449883543250
4.898405670793819 -0.342530668608014
4.900612702033255 -0.342611541163444
4.902818943794125 -0.342692501179767
4.905024396264387 -0.342773548553779
4.907229059631515 -0.342854683261121
4.909432934082833 -0.342935905179252
4.911636019804564 -0.343017214467926
4.913838316983565 -0.343098610771263
4.916039825805456 -0.343180094290589
4.918240546455834 -0.343261664867441
4.920440479120007 -0.343343322421393
4.922639623982557 -0.343425067003109
4.924837981228044 -0.343506898453679
4.927035551040460 -0.343588816779093
4.929232333603426 -0.343670821924412
4.931428329100269 -0.343752913813791
4.933623537713853 -0.343835092422029
4.935817959626774 -0.343917357665389
4.938011595021123 -0.343999709532281
4.940204444078770 -0.344082147926247
4.942396506981195 -0.344164672801621
4.944587783909505 -0.344247284108646
4.946778275044304 -0.344329981835137
4.948967980565831 -0.344412765931018
4.951156900654676 -0.344495636129194
4.953345035489875 -0.344578592735921
4.955532385251290 -0.344661635342725
4.957718950117455 -0.344744764189141
4.959904730267108 -0.344827979054040
4.962089725878605 -0.344911279893145
4.964273937129891 -0.344994666672219
4.966457364198462 -0.345078139367354
4.968640007261732 -0.345161697844699
4.970821866496562 -0.345245342114700
4.973002942079416 -0.345329072137636
4.975183234186606 -0.345412887804114
4.977362742994282 -0.345496789006118
4.979541468677692 -0.345580775858551
4.981719411412399 -0.345664848111827
4.983896571373149 -0.345749005855512
4.986072948734590 -0.345833248965561
4.988248543671245 -0.345917577324272
4.990423356356811 -0.346001991026592
4.992597386965136 -0.346086489872692
4.994770635669518 -0.346171073876385
4.996943102643073 -0.346255742937587
4.999114788058359 -0.346340497073032
5.001285692088011 -0.346425336106721
5.003455814903971 -0.346510260096260
5.005625156678238 -0.346595268872066
5.007793717582116 -0.346680362492938
5.009961497786920 -0.346765540804663
5.012128497463432 -0.346850803817916
5.014294716782462 -0.346936151373118
5.016460155914230 -0.347021583499819
5.018624815028768 -0.347107100104136
5.020788694295647 -0.347192701177039
5.022951793884607 -0.347278386518700
5.025114113964515 -0.347364156243289
5.027275654704395 -0.347450010157017
5.029436416272612 -0.347535948309600
5.031596398837713 -0.347621970501016
5.033755602567710 -0.347708076743241
5.035914027630131 -0.347794267037536
5.038071674192542 -0.347880541226190
5.040228542422136 -0.347966899275570
5.042384632485701 -0.348053341161898
5.044539944549979 -0.348139866755704
5.046694478781323 -0.348226476028039
5.048848235345763 -0.348313168932378
5.051001214409225 -0.348399945356418
5.053153416137185 -0.348486805291983
5.055304840695027 -0.348573748624377
5.057455488247539 -0.348660775388925
5.059605358959795 -0.348747885358171
5.061754452996190 -0.348835078593499
5.063902770520872 -0.348922355028535
5.066050311697921 -0.349009714541416
5.068197076691213 -0.349097157052874
5.070343065663994 -0.349184682612256
5.072488278779705 -0.349272291019550
5.074632716201375 -0.349359982259216
5.076776378091528 -0.349447756344163
5.078919264612940 -0.349535613057297
5.081061375927692 -0.349623552471615
5.083202712197714 -0.349711574491136
5.085343273585118 -0.349799678923338
5.087483060251161 -0.349887865888980
5.089622072357337 -0.349976135177191
5.091760310064478 -0.350064486851355
5.093897773533590 -0.350152920720859
5.096034462925203 -0.350241436792384
5.098170378399837 -0.350330034932606
5.100305520117516 -0.350418715155554
5.102439888238171 -0.350507477352297
5.104573482921558 -0.350596321439603
5.106706304326978 -0.350685247422078
5.108838352613811 -0.350774255137210
5.110969627941105 -0.350863344553353
5.113100130467602 -0.350952515627476
5.115229860351989 -0.351041768241712
5.117358817752431 -0.351131102420524
5.119487002827237 -0.351220517986389
5.121614415734451 -0.351310014886776
5.123741056631601 -0.351399593144914
5.125866925676254 -0.351489252615176
5.127992023025940 -0.351578993177124
5.130116348837371 -0.351668814947102
5.132239903267966 -0.351758717577413
5.134362686473946 -0.351848701301164
5.136484698612068 -0.351938765824301
5.138605939838678 -0.352028911139394
5.140726410309643 -0.352119137262738
5.142846110180980 -0.352209444017583
5.144965039608636 -0.352299831294324
5.147083198747589 -0.352390299259420
5.149200587753642 -0.352480847530691
5.151317206781765 -0.352571476232637
5.153433055986747 -0.352662185291733
5.155548135523587 -0.352752974515452
5.157662445546597 -0.352843843983903
5.159775986210334 -0.352934793494601
5.161888757668982 -0.353025823032702
5.164000760076464 -0.353116932550926
5.166111993586666 -0.353208121932807
5.168222458353267 -0.353299391114448
5.170332154529509 -0.353390740102497
5.172441082268867 -0.353482168699306
5.174549241724600 -0.353573676843352
5.176656633049203 -0.353665264644678
5.178763256395988 -0.353756931724746
5.180869111917225 -0.353848678278682
5.182974199765320 -0.353940504138975
5.185078520092699 -0.354032409175286
5.187182073051348 -0.354124393396353
5.189284858793273 -0.354216456672835
5.191386877470001 -0.354308599026480
5.193488129233400 -0.354400820229239
5.195588614234738 -0.354493120341960
5.197688332625461 -0.354585499185742
5.199787284556550 -0.354677956780576
5.201885470179041 -0.354770492986843
5.203982889643562 -0.354863107807440
5.206079543100969 -0.354955801049856
5.208175430701647 -0.355048572735679
5.210270552595867 -0.355141422780439
5.212364908934031 -0.355234351020562
5.214458499866010 -0.355327357498838
5.216551325541722 -0.355420442079079
5.218643386110913 -0.355513604694223
5.220734681723213 -0.355606845259650
5.222825212528066 -0.355700163711565
5.224914978674819 -0.355793559960415
5.227003980312535 -0.355887033974034
5.229092217590305 -0.355980585624201
5.231179690657011 -0.356074214855983
5.233266399661519 -0.356167921556031
5.235352344752147 -0.356261705773983
5.237437526077692 -0.356355567243580
5.239521943786348 -0.356449506033617
5.241605598026323 -0.356543522020772
5.243688488945907 -0.356637615063382
5.245770616692768 -0.356731785234967
5.247851981414719 -0.356826032373634
5.249932583259630 -0.356920356345381
5.252012422374890 -0.357014757182538
5.254091498908258 -0.357109234653663
5.256169813006676 -0.357203788894731
5.258247364817553 -0.357298419646788
5.260324154487775 -0.357393126954855
5.262400182164741 -0.357487910545187
5.264475447994747 -0.357582770644745
5.266549952124713 -0.357677706944215
5.268623694701322 -0.357772719402486
5.270696675871038 -0.357867807973951
5.272768895780016 -0.357962972639114
5.274840354574968 -0.358058213111882
5.276911052401367 -0.358153529662618
5.278980989405913 -0.358248921797344
5.281050165734050 -0.358344389792565
5.283118581531836 -0.358439933344493
5.285186236944877 -0.358535552481477
5.287253132118741 -0.358631247101366
5.289319267199148 -0.358727017045853
5.291384642331313 -0.358822862359318
5.293449257660410 -0.358918782943142
5.295513113331777 -0.359014778634780
5.297576209490508 -0.359110849397682
5.299638546281430 -0.359206995205183
5.301700123849670 -0.359303215852354
5.303760942339973 -0.359399511347572
5.305821001896700 -0.359495881700070
5.307880302664950 -0.359592326569565
5.309938844788745 -0.359688846182392
5.311996628412874 -0.359785440189055
5.314053653681458 -0.359882108688455
5.316109920738807 -0.359978851512346
5.318165429729047 -0.360075668609774
5.320220180796134 -0.360172559924547
5.322274174084209 -0.360269525289882
5.324327409736926 -0.360366564749623
5.326379887898286 -0.360463678087994
5.328431608711907 -0.360560865316340
5.330482572321505 -0.360658126296200
5.332532778870474 -0.360755461020716
5.334582228502220 -0.360852869379626
5.336630921360493 -0.360950351157272
5.338678857588264 -0.361047906491336
5.340726037328674 -0.361145535222349
5.342772460725288 -0.361243237109760
5.344818127920820 -0.361341012315871
5.346863039058486 -0.361438860575895
5.348907194281050 -0.361536781926982
5.350950593731404 -0.361634776222755
5.352993237552465 -0.361732843350503
5.355035125886698 -0.361830983347462
5.357076258876993 -0.361929195973720
5.359116636665769 -0.362027481274316
5.361156259395671 -0.362125839073887
5.363195127208916 -0.362224269401111
5.365233240248229 -0.362322771994266
5.367270598655614 -0.362421346974972
5.369307202573268 -0.362519994178256
5.371343052143562 -0.362618713449354
5.373378147508765 -0.362717504713847
5.375412488810512 -0.362816368069775
5.377446076191010 -0.362915303234170
5.379478909792502 -0.363014310093190
5.381510989756360 -0.363113388819684
5.383542316224771 -0.363212539053517
5.385572889339416 -0.363311760852987
5.387602709241937 -0.363411054128767
5.389631776074018 -0.363510418766330
5.391660089977373 -0.363609854654508
5.393687651093418 -0.363709361786456
5.395714459563842 -0.363808939975650
5.397740515529989 -0.363908589229997
5.399765819133211 -0.364008309446197
5.401790370514905 -0.364108100510271
5.403814169816617 -0.364207962275920
5.405837217179361 -0.364307894810478
5.407859512744171 -0.364407898007168
5.409881056652762 -0.364507971553627
5.411901849045814 -0.364608115676156
5.413921890064701 -0.364708330056774
5.415941179850372 -0.364808614731852
5.417959718543757 -0.364908969607387
5.419977506286003 -0.365009394517779
5.421994543217735 -0.365109889527997
5.424010829480170 -0.365210454356292
5.426026365214137 -0.365311089023845
5.428041150560070 -0.365411793560396
5.430055185659246 -0.365512567600601
5.432068470652018 -0.365613411340605
5.434081005679451 -0.365714324458068
5.436092790882009 -0.365815307045434
5.438103826400376 -0.365916358937453
5.440114112375086 -0.366017480084550
5.442123648946791 -0.366118670353489
5.444132436256195 -0.366219929631900
5.446140474443712 -0.366321257916237
5.448147763649720 -0.366422655120897
5.450154304014871 -0.366524121065109
5.452160095679539 -0.366625655740314
5.454165138784149 -0.366727259036652
5.456169433469157 -0.366828930849275
5.458172979874797 -0.366930671152492
5.460175778141526 -0.367032479782484
5.462177828409596 -0.367134356709385
5.464179130819494 -0.367236301765247
5.466179685511307 -0.367338314982168
5.468179492625344 -0.367440396195894
5.470178552301872 -0.367542545327012
5.472176864681160 -0.367644762281573
5.474174429903264 -0.367747047032478
5.476171248108630 -0.367849399364809
5.478167319437272 -0.367951819321918
5.480162644029290 -0.368054306783476
5.482157222025002 -0.368156861589137
5.484151053564736 -0.368259483641897
5.486144138788010 -0.368362173108387
5.488136477835332 -0.368464929581175
5.490128070846896 -0.368567753068726
5.492118917962539 -0.368670643592267
5.494109019322439 -0.368773600953118
5.496098375066676 -0.368876625090549
5.498086985335290 -0.368979715927061
5.500074850268316 -0.369082873371637
5.502061970005969 -0.369186097278390
5.504048344688208 -0.369289387636962
5.506033974454825 -0.369392744410358
5.508018859446293 -0.369496167292510
5.510002999802168 -0.369599656484256
5.511986395662912 -0.369703211608218
5.513969047168323 -0.369806832785580
5.515950954458496 -0.369910519832469
5.517932117673366 -0.370014272710961
5.519912536952984 -0.370118091294864
5.521892212437518 -0.370221975457102
5.523871144266767 -0.370325925227725
5.525849332580803 -0.370429940430439
5.527826777519994 -0.370534020882878
5.529803479223732 -0.370638166807501
5.531779437832667 -0.370742377715100
5.533754653486445 -0.370846653838433
5.535729126325476 -0.370950994845309
5.537702856489279 -0.371055400933151
5.539675844118484 -0.371159871659994
5.541648089352748 -0.371264407248573
5.543619592332448 -0.371369007381947
5.545590353197573 -0.371473672097383
5.547560372087986 -0.371578401348874
5.549529649144132 -0.371683194863015
5.551498184505792 -0.371788052765411
5.553465978313488 -0.371892974734379
5.555433030707120 -0.371997960881124
5.557399341826819 -0.372103011046218
5.559364911812763 -0.372208125130007
5.561329740805230 -0.372313303012827
5.563293828944366 -0.372418544652920
5.565257176370343 -0.372523849956567
5.567219783223478 -0.372629218791823
5.569181649643830 -0.372734651156041
5.571142775771887 -0.372840146827688
5.573103161747814 -0.372945705825354
5.575062807711926 -0.373051328016107
5.577021713804649 -0.373157013280507
5.578979880166087 -0.373262761637263
5.580937306936660 -0.373368572901462
5.582893994256854 -0.373474446966812
5.584849942267160 -0.373580383749825
5.586805151107673 -0.373686383291969
5.588759620919152 -0.373792445299158
5.590713351841770 -0.373898569874226
5.592666344016422 -0.374004756702841
5.594618597583199 -0.374111005960152
5.596570112683053 -0.374217317287492
5.598520889456145 -0.374323690855459
5.600470928043313 -0.374430126364275
5.602420228585251 -0.374536623778231
5.604368791222499 -0.374643183064088
5.606316616095568 -0.374749804149504
5.608263703345503 -0.374856486780644
5.610210053112726 -0.374963231076341
5.612155665538441 -0.375070036703300
5.614100540762700 -0.375176903950679
5.616044678927182 -0.375283832214057
5.617988080172125 -0.375390821874854
5.619930744638769 -0.375497872531662
5.621872672467855 -0.375604984261327
5.623813863800620 -0.375712156826573
5.625754318777530 -0.375819390391938
5.627694037540206 -0.375926684508203
5.629633020229199 -0.376034039437772
5.631571266985874 -0.376141454838310
5.633508777951346 -0.376248930710931
5.635445553266876 -0.376356466928836
5.637381593073587 -0.376464063455515
5.639316897512624 -0.376571720206709
5.641251466725359 -0.376679437027672
5.643185300853157 -0.376787213842354
5.645118400037229 -0.376895050620287
5.647050764419279 -0.377002947124941
5.648982394140366 -0.377110903484797
5.650913289342169 -0.377218919420540
5.652843450166354 -0.377326994858553
5.654772876754249 -0.377435129828997
5.656701569247483 -0.377543324157173
5.658629527787828 -0.377651577717456
5.660556752517106 -0.377759890416967
5.662483243576483 -0.377868262388823
5.664409001108442 -0.377976693130165
5.666334025254433 -0.378085182896652
5.668258316156335 -0.378193731473734
5.670181873956175 -0.378302338733963
5.672104698795935 -0.378411004616294
5.674026790817519 -0.378519729068225
5.675948150163016 -0.378628511952321
5.677868776974585 -0.378737353171245
5.679788671394417 -0.378846252636411
5.681707833564491 -0.378955210339422
5.683626263627322 -0.379064226031138
5.685543961725089 -0.379173299744534
5.687460928000268 -0.379282431305913
5.689377162594967 -0.379391620760211
5.691292665651953 -0.379500867816417
5.693207437313553 -0.379610172542275
5.695121477722513 -0.379719534725686
5.697034787021215 -0.379828954410548
5.698947365352454 -0.379938431385583
5.700859212858831 -0.380047965640454
5.702770329683458 -0.380157556933099
5.704680715968663 -0.380267205442644
5.706590371857639 -0.380376910814242
5.708499297493407 -0.380486673029727
5.710407493018560 -0.380596492151710
5.712314958576411 -0.380706367873469
5.714221694310190 -0.380816300146643
5.716127700362762 -0.380926289015496
5.718032976877619 -0.381036334203582
5.719937523997813 -0.381146435778352
5.721841341866782 -0.381256593541451
5.723744430627889 -0.381366807443220
5.725646790424659 -0.381477077357194
5.727548421400500 -0.381587403248816
5.729449323698968 -0.381697784995453
5.731349497463723 -0.381808222490702
5.733248942838439 -0.381918715657509
5.735147659967211 -0.382029264284251
5.737045648993197 -0.382139868604859
5.738942910060761 -0.382250528152702
5.740839443313588 -0.382361243077063
5.742735248895834 -0.382472013151371
5.744630326951562 -0.382582838334596
5.746524677624965 -0.382693718510172
5.748418301059932 -0.382804653708007
5.750311197400861 -0.382915643687635
5.752203366792056 -0.383026688409021
5.754094809378044 -0.383137787727317
5.755985525303123 -0.383248941645117
5.757875514711857 -0.383360150005638
5.759764777748855 -0.383471412721206
5.761653314558663 -0.383582729742227
5.763541125286137 -0.383694100895157
5.765428210075904 -0.383805526184491
5.767314569072863 -0.383917005450471
5.769200202421935 -0.384028538615337
5.771085110268246 -0.384140125540091
5.772969292756679 -0.384251766235136
5.774852750032248 -0.384363460586583
5.776735482240243 -0.384475208433580
5.778617489526176 -0.384587009633325
5.780498772035124 -0.384698864258404
5.782379329912320 -0.384810772187026
5.784259163303529 -0.384922733176593
5.786138272354242 -0.385034747244689
5.788016657210107 -0.385146814273159
5.789894318016565 -0.385258934257715
5.791771254919652 -0.385371106935712
5.793647468064993 -0.385483332371286
5.795522957598564 -0.385595610380322
5.797397723666466 -0.385707940853809
5.799271766414591 -0.385820323790210
5.801145085988979 -0.385932759072398
5.803017682536004 -0.386045246522425
5.804889556201853 -0.386157786132280
5.806760707132986 -0.386270377744359
5.808631135475578 -0.386383021383506
5.810500841376310 -0.386495716814748
5.812369824981822 -0.386608463984964
5.814238086438449 -0.386721262924587
5.816105625893257 -0.386834113326260
5.817972443492811 -0.386947015285840
5.819838539384110 -0.387059968594079
5.821703913714067 -0.387172973210830
5.823568566629800 -0.387286029000953
5.825432498278206 -0.387399135970256
5.827295708806526 -0.387512293938572
5.829158198362175 -0.387625502779467
5.831019967092438 -0.387738762470907
5.832881015144700 -0.387852072911056
5.834741342666344 -0.387965434034185
5.836600949805229 -0.388078845618042
5.838459836708713 -0.388192307759207
5.840318003524793 -0.388305820180919
5.842175450401116 -0.388419382932197
5.844032177485587 -0.388532995861717
5.845888184926237 -0.388646658860945
5.847743472871253 -0.388760371813521
5.849598041468488 -0.388874134761660
5.851451890866525 -0.388987947400759
5.853305021213300 -0.389101809875796
5.855157432657365 -0.389215721919820
5.857009125347471 -0.389329683400572
5.858860099431661 -0.389443694485799
5.860710355058863 -0.389557754818538
5.862559892377806 -0.389671864398402
5.864408711537306 -0.389786023132194
5.866256812686060 -0.389900230993078
5.868104195973115 -0.390014487800421
5.869950861547789 -0.390128793400724
5.871796809558750 -0.390243147941965
5.873642040155599 -0.390357551052741
5.875486553487634 -0.390472002767479
5.877330349704029 -0.390586503063095
5.879173428954453 -0.390701051710668
5.881015791388363 -0.390815648716741
5.882857437155507 -0.390930293919144
5.884698366405493 -0.391044987301890
5.886538579288184 -0.391159728715092
5.888378075953702 -0.391274518009561
5.890216856551808 -0.391389355240733
5.892054921232631 -0.391504240222561
5.893892270146430 -0.391619172848115
5.895728903443294 -0.391734153110900
5.897564821273795 -0.391849180786507
5.899400023788210 -0.391964255908775
5.901234511137146 -0.392079378306410
5.903068283471204 -0.392194547916763
5.904901340941080 -0.392309764645729
5.906733683697516 -0.392425028414393
5.908565311891433 -0.392540339101250
5.910396225673807 -0.392655696623669
5.912226425195694 -0.392771100893783
5.914055910608345 -0.392886551783630
5.915884682062744 -0.393002049317930
5.917712739710386 -0.393117593266356
5.919540083702853 -0.393233183536164
5.921366714191359 -0.393348820187733
5.923192631327706 -0.393464502963545
5.925017835263368 -0.393580231909700
5.926842326150386 -0.393696006775838
5.928666104140500 -0.393811827601265
5.930489169385799 -0.393927694205410
5.932311522038039 -0.394043606639616
5.934133162249731 -0.394159564589687
5.935954090172784 -0.394275568194307
5.937774305959911 -0.394391617124814
5.939593809763302 -0.394507711492544
5.941412601735499 -0.394623851121114
5.943230682029068 -0.394740035939276
5.945048050796783 -0.394856265817165
5.946864708191395 -0.394972540700994
5.948680654366028 -0.395088860405061
5.950495889473347 -0.395205225023473
5.952310413666547 -0.395321634315419
5.954124227098747 -0.395438088248024
5.955937329923474 -0.395554586623436
5.957749722293817 -0.395671129526360
5.959561404363293 -0.395787716755341
5.961372376285608 -0.395904348185229
5.963182638214086 -0.396021023883311
5.964992190302826 -0.396137743531080
5.966801032705429 -0.396254507234828
5.968609165575818 -0.396371314825730
5.970416589068232 -0.396488166139421
5.972223303336555 -0.396605061233186
5.974029308535282 -0.396721999844809
5.975834604818416 -0.396838982076842
5.977639192340447 -0.396956007707353
5.979443071256064 -0.397073076611933
5.981246241719709 -0.397190188811521
5.983048703886103 -0.397307344153847
5.984850457910103 -0.397424542534376
5.986651503946571 -0.397541783891129
5.988451842150416 -0.397659068150206
5.990251472676812 -0.397776395163693
5.992050395680974 -0.397893764858088
5.993848611318148 -0.398011177164710
5.995646119743746 -0.398128631968292
5.997442921112979 -0.398246129277685
5.999239015581628 -0.398363668843275
6.001034403305436 -0.398481250618832
6.002829084440243 -0.398598874512835
6.004623059141724 -0.398716540523565
6.006416327565860 -0.398834248488318
6.008208889868816 -0.398951998287497
6.010000746206644 -0.399069789900542
6.011791896735676 -0.399187623176303
6.013582341612143 -0.399305498089115
6.015372080992736 -0.399423414427661
6.017161115033783 -0.399541372254903
6.018949443892200 -0.399659371315883
6.020737067724458 -0.399777411702134
6.022523986687571 -0.399895493172993
6.024310200938516 -0.400013615684589
6.026095710634253 -0.400131779183782
6.027880515931963 -0.400249983538700
6.029664616988897 -0.400368228669236
6.031448013962524 -0.400486514443633
6.033230707010181 -0.400604840849842
6.035012696289337 -0.400723207785395
6.036793981957866 -0.400841615058095
6.038574564173357 -0.400960062704898
6.040354443093713 -0.401078550564914
6.042133618876851 -0.401197078575401
6.043912091680781 -0.401315646648153
6.045689861663956 -0.401434254577570
6.047466928984374 -0.401552902460322
6.049243293800303 -0.401671590148068
6.051018956270408 -0.401790317451238
6.052793916553186 -0.401909084369469
6.054568174807252 -0.402027890806185
6.056341731191444 -0.402146736630539
6.058114585864583 -0.402265621791615
6.059886738985611 -0.402384546192251
6.061658190713659 -0.402503509712676
6.063428941207657 -0.402622512364662
6.065198990627335 -0.402741553821027
6.066968339131547 -0.402860634324192
6.068736986880183 -0.402979753465955
6.070504934032560 -0.403098911385083
6.072272180748529 -0.403218107845175
6.074038727187753 -0.403337342854198
6.075804573510107 -0.403456616284675
6.077569719875590 -0.403575928039046
6.079334166444434 -0.403695277983809
6.081097913376503 -0.403814666187036
6.082860960832418 -0.403934092337801
6.084623308972430 -0.404053556506381
6.086384957956951 -0.404173058583033
6.088145907946763 -0.404292598386044
6.089906159102374 -0.404412175955006
6.091665711584659 -0.404531791109620
6.093424565554559 -0.404651443772164
6.095182721173081 -0.404771133866910
6.096940178601397 -0.404890861281676
6.098696938000590 -0.405010625992585
6.100452999532045 -0.405130427842101
6.102208363357072 -0.405250266801964
6.103963029637395 -0.405370142676769
6.105716998534505 -0.405490055490952
6.107470270210118 -0.405610005113666
6.109222844826163 -0.405729991418742
6.110974722544449 -0.405850014392252
6.112725903527140 -0.405970073858940
6.114476387936297 -0.406090169801560
6.116226175934242 -0.406210302075121
6.117975267683119 -0.406330470688016
6.119723663345609 -0.406450675401243
6.121471363084233 -0.406570916218764
6.123218367061767 -0.406691192997445
6.124964675440514 -0.406811505845147
6.126710288383758 -0.406931854374786
6.128455206054433 -0.407052238651251
6.130199428615516 -0.407172658606996
6.131942956230095 -0.407293114149996
6.133685789061729 -0.407413605067214
6.135427927273498 -0.407534131468048
6.137169371029111 -0.407654693084959
6.138910120492167 -0.407775289901709
6.140650175826051 -0.407895921938809
6.142389537195078 -0.408016588826366
6.144128204762692 -0.408137290807003
6.145866178693101 -0.408258027568475
6.147603459150416 -0.408378799089779
6.149340046298815 -0.408499605296173
6.151075940302664 -0.408620446070044
6.152811141326482 -0.408741321306847
6.154545649534501 -0.408862231051695
6.156279465091725 -0.408983174987681
6.158012588162598 -0.409104153254973
6.159745018912037 -0.409225165638315
6.161476757505033 -0.409346212060373
6.163207804106745 -0.409467292411512
6.164938158882083 -0.409588406723385
6.166667821996562 -0.409709554738117
6.168396793615438 -0.409830736491984
6.170125073904040 -0.409951951906852
6.171852663028094 -0.410073200795898
6.173579561153281 -0.410194483121408
6.175305768445477 -0.410315798766499
6.177031285070220 -0.410437147792650
6.178756111193854 -0.410558529873856
6.180480246982302 -0.410679945100772
6.182203692601768 -0.410801393326800
6.183926448218610 -0.410922874447081
6.185648513999245 -0.411044388389598
6.187369890110105 -0.411165935096835
6.189090576717894 -0.411287514425841
6.190810573989345 -0.411409126313961
6.192529882091312 -0.411530770667393
6.194248501190374 -0.411652447532050
6.195966431453964 -0.411774156560466
6.197683673049153 -0.411895897826773
6.199400226143085 -0.412017671255336
6.201116090903227 -0.412139476683557
6.202831267496807 -0.412261314142369
6.204545756091571 -0.412383183402095
6.206259556855037 -0.412505084491935
6.207972669955206 -0.412627017193635
6.209685095559753 -0.412748981567552
6.211396833836596 -0.412870977481895
6.213107884954120 -0.412993004723574
6.214818249080111 -0.413115063446865
6.216527926383211 -0.413237153309529
6.218236917031510 -0.413359274448194
6.219945221193591 -0.413481426644148
6.221652839038091 -0.413603609827264
6.223359770733772 -0.413725823905080
6.225066016449456 -0.413848068806444
6.226771576353847 -0.413970344520917
6.228476450616241 -0.414092650794056
6.230180639405565 -0.414214987704072
6.231884142890949 -0.414337355130039
6.233586961242027 -0.414459752848133
6.235289094627867 -0.414582181002969
6.236990543218275 -0.414704639290721
6.238691307182813 -0.414827127745245
6.240391386691235 -0.414949646250372
6.242090781913277 -0.415072194762363
6.243789493019082 -0.415194773091105
6.245487520178514 -0.415317381282461
6.247184863561857 -0.415440019142990
6.248881523339352 -0.415562686636933
6.250577499681345 -0.415685383678630
6.252272792758218 -0.415808110205490
6.253967402740679 -0.415930866055478
6.255661329799397 -0.416053651194268
6.257354574105062 -0.416176465562068
6.259047135828565 -0.416299309043010
6.260739015140929 -0.416422181540193
6.262430212213232 -0.416545082985438
6.264120727216737 -0.416668013267046
6.265810560322778 -0.416790972309131
6.267499711702537 -0.416913960117307
6.269188181527683 -0.417036976471434
6.270875969969772 -0.417160021363450
6.272563077200356 -0.417283094745173
6.274249503391684 -0.417406196326349
6.275935248715180 -0.417529326343366
6.277620313343157 -0.417652484439745
6.279304697447680 -0.417775670652978
6.280988401201141 -0.417898884819771
6.282671424775390 -0.418022127080206
6.284353768343303 -0.418145397030050
6.286035432077310 -0.418268694774664
6.287716416149849 -0.418392020262330
6.289396720733909 -0.418515373255084
6.291076346002207 -0.418638753796897
6.292755292127735 -0.418762161744767
6.294433559283527 -0.418885597035623
6.296111147642778 -0.419009059565013
6.297788057378599 -0.419132549313167
6.299464288664463 -0.419256066107846
6.301139841673712 -0.419379609945404
6.302814716580137 -0.419503180620742
6.304488913557412 -0.419626778127411
6.306162432778869 -0.419750402535484
6.307835274418677 -0.419874053507041
6.309507438650862 -0.419997731042142
6.311178925649395 -0.420121435113465
6.312849735588403 -0.420245165618332
6.314519868642321 -0.420368922400882
6.316189324985387 -0.420492705482895
6.317858104792157 -0.420616514705299
6.319526208237090 -0.420740350054879
6.321193635495090 -0.420864211327329
6.322860386740655 -0.420988098618405
6.324526462148799 -0.421112011699206
6.326191861894376 -0.421235950578181
6.327856586153066 -0.421359914920877
6.329520635099247 -0.421483905132087
6.331184008908522 -0.421607920738475
6.332846707756519 -0.421731961683636
6.334508731818395 -0.421856028084615
6.336170081269987 -0.421980119655694
6.337830756286753 -0.422104236483751
6.339490757044677 -0.422228378336016
6.341150083719692 -0.422352545184641
6.342808736487633 -0.422476737015920
6.344466715524613 -0.422600953685286
6.346124021006919 -0.422725195086268
6.347780653110720 -0.422849461210720
6.349436612012541 -0.422973751889716
6.351091897888798 -0.423098067112792
6.352746510916230 -0.423222406721229
6.354400451271303 -0.423346770762515
6.356053719131051 -0.423471158991694
6.357706314672161 -0.423595571483359
6.359358238071830 -0.423720008012011
6.361009489506937 -0.423844468642737
6.362660069154782 -0.423968953180807
6.364309977192729 -0.424093461558142
