1.000000000000000 1.346773687477706
1.414045806227177 1.346710291644931
1.459612653625160 1.326920594204691
1.504787186533507 1.308510596985659
1.549573504986280 1.291311254155233
1.593976459489288 1.275181167591431
1.638001535948086 1.260001181498527
1.681654739864946 1.245670177677737
1.724942487201524 1.232101776572517
1.767871505571865 1.219221727980597
1.810448747185115 1.206965831456743
1.852681313650026 1.195278266870984
1.894576392029118 1.184110245018199
1.936141201166708 1.173418909798005
1.977382947168136 1.163166439510668
2.018308786888761 1.153319306793578
2.058925798344817 1.143847665747120
2.099240957046294 1.134724841646645
2.139261117357455 1.125926903872345
2.178992998095503 1.117432306715642
2.218443171687412 1.109221585843706
2.257618056288858 1.101277100628711
2.296523910365522 1.093582814459772
2.335166829305305 1.086124106653630
2.373552743698479 1.078887610772036
2.411687418979055 1.071861075101802
2.449576456168441 1.065033241812366
2.487225293505874 1.058393741917393
2.524639208782992 1.051933003659580
2.561823322232278 1.045642172339705
2.598782599842377 1.039513039936951
2.635521856996237 1.033537983135779
2.672045762344970 1.027709908594219
2.708358841845368 1.022022204469950
2.744465482903176 1.016468697371547
2.780369938573019 1.011043614026552
2.816076331775981 1.005741547062850
2.851588659502785 1.000557424386942
2.886910796977407 0.995486481716347
2.922046501760276 0.990524237884839
2.956999417775757 0.985666472591919
2.991773079250427 0.980909206311615
3.026370914554134 0.976248682114237
3.060796249935953 0.971681349186017
3.095052313150640 0.967203847859575
3.129142236972729 0.962812995991609
3.163069062596162 0.958505776544291
3.196835742918377 0.954279326244291
3.230445145711916 0.950130925209387
3.263900056678247 0.946057987442970
3.297203182396070 0.942058052113163
3.330357153154677 0.938128775536529
3.363364525682148 0.934267923800597
3.396227785769703 0.930473365964302
3.428949350793371 0.926743067781992
3.461531572138695 0.923075085903652
3.493976737529461 0.919467562507753
3.526287073264875 0.915918720328539
3.558464746368386 0.912426858043176
3.590511866650758 0.908990345987534
3.622430488691526 0.905607622172881
3.654222613741279 0.902277188578094
3.685890191548483 0.898997607694752
3.717435122112617 0.895767499304245
3.748859257369355 0.892585537468894
3.780164402806695 0.889450447719222
3.811352319018340 0.886361004422870
3.842424723195373 0.883316028320775
3.873383290558710 0.880314384217888
3.904229655735736 0.877354978817019
3.934965414082347 0.874436758684966
3.965592122953745 0.871558708341482
3.996111302925740 0.868719848462117
4.026524438968591 0.865919234186794
4.056832981575661 0.863155953526736
4.087038347848710 0.860429125862886
4.117141922541481 0.857737900529475
4.147145059063948 0.855081455477103
4.177049080448041 0.852458996009804
4.206855280277701 0.849869753591455
4.236564923583252 0.847312984716651
4.266179247703260 0.844787969842230
4.295699463113659 0.842294012375227
4.325126754226738 0.839830437713930
4.354462280160994 0.837396592338653
4.383707175482985 0.834991842949140
4.412862550921001 0.832615575645472
4.441929494055459 0.830267195150553
4.470909069981801 0.827946124070704
4.499802321952046 0.825651802193036
4.528610271992550 0.823383685816827
4.557333921499832 0.821141247117087
4.585974251816331 0.818923973538630
4.614532224785769 0.816731367218720
4.643008783288907 0.814562944436650
4.671404851761928 0.812418235089031
4.699721336695614 0.810296782188899
4.727959127119266 0.808198141387909
4.756119095067237 0.806121880519871
4.784202096030032 0.804067579164711
4.812208969390404 0.802034828231734
4.840140538846573 0.800023229561417
4.867997612814625 0.798032395543381
4.895780984830832 0.796061948752981
4.923491433928342 0.794111521601345
4.951129725007630 0.792180756001221
4.978696609194232 0.790269303046703
5.006192824184353 0.788376822706197
5.033619094580320 0.786502983528175
5.060976132215423 0.784647462358980
5.088264636467654 0.782809944071947
5.115485294564782 0.780990121307600
5.142638781879387 0.779187694224149
5.169725762214953 0.777402370257888
5.196746888083249 0.775633863893022
5.223702800973473 0.773881896440514
5.250594131612579 0.772146195825379
5.277421500218605 0.770426496382278
5.304185516746460 0.768722538658907
5.330886781125241 0.767034069226653
5.357525883490133 0.765360840498590
5.384103404406285 0.763702610554083
5.410619915087159 0.762059142970022
5.437075977605543 0.760430206658118
5.463472145099418 0.758815575708253
5.489808961971183 0.757215029237404
5.516086964081931 0.755628351244100
5.542306678939225 0.754055330467922
5.568468625881243 0.752495760254222
5.594573316253765 0.750949438423324
5.620621253583779 0.749416167144504
5.646612933747328 0.747895752814215
5.672548845134235 0.746388005938715
5.698429468805522 0.744892741020330
5.724255278650027 0.743409776448055
5.750026741533953 0.741938934391478
5.775744317448261 0.740480040698495
5.801408459650479 0.739032924796239
5.827019614804429 0.737597419595497
5.852578223115540 0.736173361398181
5.878084718461932 0.734760589807742
5.903539528523145 0.733358947642627
5.928943074905098 0.731968280852481
5.954295773262085 0.730588438437066
5.979598033414082 0.729219272367571
6.004850259464451 0.727860637510843
6.030052849910470 0.726512391555478
6.055206197754674 0.725174394940679
6.080310690611246 0.723846510787053
6.105366710810332 0.722528604829625
6.130374635500141 0.721220545352958
6.155334836745894 0.719922203128175
6.180247681626820 0.718633451351956
6.205113532330659 0.717354165587359
6.229932746246018 0.716084223706439
6.254705676051699 0.714823505834480
6.279432669804571 0.713571894295974
6.304114071026182 0.712329273562280
6.328750218785667 0.711095530200637
6.353341447780799 0.709870552824670
6.377888088419191 0.708654232046577
6.402390466895100 0.707446460430398
6.426848905265092 0.706247132446713
6.451263721523767 0.705056144428827
6.475635229675245 0.703873394529918
6.499963739804315 0.702698782681548
6.524249558145551 0.701532210553285
6.548492987151393 0.700373581513518
6.572694325558127 0.699222800591290
6.596853868450659 0.698079774439223
6.620971907325486 0.696944411297420
6.645048730152703 0.695816620958398
6.669084621436491 0.694696314732968
6.693079862274258 0.693583405417022
6.717034730414364 0.692477807259213
6.740949500312795 0.691379435929517
6.764824443188346 0.690288208488607
6.788659827076825 0.689204043358053
6.812455916883920 0.688126860291305
6.836212974437514 0.687056580345479
6.859931258537607 0.685993125853761
6.883611025006428 0.684936420398650
6.907252526737367 0.683886388785878
6.930856013741975 0.682842957018914
6.954421733196363 0.681806052274153
6.977949929487775 0.680775602876856
7.001440844258558 0.679751538277530
7.024894716449896 0.678733789028975
7.048311782344041 0.677722286763850
7.071692275608859 0.676716964173096
7.095036427335612 0.675717754984344
7.118344466080716 0.674724593941300
7.141616617905933 0.673737416783579
7.164853106417340 0.672756160226980
7.188054152798617 0.671780761943796
7.211219975854888 0.670811160544641
7.234350792045462 0.669847295559765
7.257446815519793 0.668889107421179
7.280508258153013 0.667936537445231
7.303535329579694 0.666989527815497
7.326528237228136 0.666048021566194
7.349487186352824 0.665111962565866
7.372412380066820 0.664181295501515
7.395304019374024 0.663255965863141
7.418162303199618 0.662335919928537
7.440987428421045 0.661421104748537
7.463779589897849 0.660511468132553
7.486538980500794 0.659606958634431
7.509265791140926 0.658707525538678
7.531960210798128 0.657813118846998
7.554622426548543 0.656923689265091
7.577252623591432 0.656039188189734
7.599850985277009 0.655159567696294
7.622417693131884 0.654284780526342
7.644952926884628 0.653414780075609
7.667456864492087 0.652549520382305
7.689929682162759 0.651688956115488
7.712371554382913 0.650833042563959
7.734782653939176 0.649981735625141
7.757163151942443 0.649134991794347
7.779513217851012 0.648292768154251
7.801833019493682 0.647455022364621
7.824122723091228 0.646621712652168
7.846382493279304 0.645792797800766
7.868612493128669 0.644968237141694
7.890812884167357 0.644147990544274
7.912983826401457 0.643332018406622
7.935125478334303 0.642520281646502
7.957237996987992 0.641712741692580
7.979321537922380 0.640909360475693
8.001376255254213 0.640110100420337
8.023402301677004 0.639314924436415
8.045399828478606 0.638523795911000
8.067368985560536 0.637736678700438
8.089309921455559 0.636953537122485
8.111222783345671 0.636174335948680
8.133107717079714 0.635399040396853
8.154964867189706 0.634627616123712
8.176794376908743 0.633860029217732
8.198596388187539 0.633096246192088
8.220371041709832 0.632336233977679
8.242118476909688 0.631579959916451
8.263838831986243 0.630827391754675
8.285532243919512 0.630078497636465
8.307198848486861 0.629333246097489
8.328838780275483 0.628591606058527
8.350452172700571 0.627853546819592
8.372039158017008 0.627119038053708
8.393599867334576 0.626388049801088
8.415134430632872 0.625660552463410
8.436642976774262 0.624936516798093
8.458125633517600 0.624215913912738
8.479582527532612 0.623498715259751
8.501013784411594 0.622784892630886
8.522419528684015 0.622074418152118
8.543799883827488 0.621367264278363
8.565154972282714 0.620663403788603
8.586484915463531 0.619962809780760
8.607789833770752 0.619265455666961
8.629069846603818 0.618571315168732
8.650325072372592 0.617880362312328
8.671555628508200 0.617192571424071
8.692761631476200 0.616507917125972
8.713943196786433 0.615826374331197
8.735100439004789 0.615147918239774
8.756233471764350 0.614472524334340
8.777342407775619 0.613800168375917
8.798427358837726 0.613130826399842
8.819488435848729 0.612464474711717
8.840525748816017 0.611801089883461
8.861539406865610 0.611140648749352
8.882529518254207 0.610483128402351
8.903496190376776 0.609828506190190
8.924439529777830 0.609176759711797
8.945359642160676 0.608527866813651
8.966256632396060 0.607881805586174
8.987130604532958 0.607238554360335
9.007981661806118 0.606598091704116
9.028809906646700 0.605960396419242
9.049615440689896 0.605325447537786
9.070398364784307 0.604693224318954
9.091158779000731 0.604063706245896
9.111896782640256 0.603436873022533
9.132612474242856 0.602812704570486
9.153305951596396 0.602191181026079
9.173977311743553 0.601572282737282
9.194626650990442 0.600955990260813
9.215254064915037 0.600342284359286
9.235859648373845 0.599731145998302
9.256443495511972 0.599122556343817
9.277005699766917 0.598516496759156
9.297546353880527 0.597912948802606
9.318065549902368 0.597311894224511
9.338563379199902 0.596713314964850
9.359039932464846 0.596117193150627
9.379495299719501 0.595523511093302
9.399929570324149 0.594932251286339
9.420342832985288 0.594343396402857
9.440735175760201 0.593756929293094
9.461106686065484 0.593172832982162
9.481457450683147 0.592591090667697
9.501787555766036 0.592011685717510
9.522097086847230 0.591434601667530
9.542386128842660 0.590859822219360
9.562654766059675 0.590287331238251
9.582903082204135 0.589717112751024
9.603131160383134 0.589149150943751
9.623339083115290 0.588583430159957
9.643526932332666 0.588019934898333
9.663694789389821 0.587458649810931
9.683842735067831 0.586899559701081
9.703970849580408 0.586342649521475
9.724079212580596 0.585787904372325
9.744167903163792 0.585235309499327
9.764236999876612 0.584684850292013
9.784286580719703 0.584136512281773
9.804316723154317 0.583590281140138
9.824327504106986 0.583046142676972
9.844318999976455 0.582504082838844
9.864291286634929 0.581964087707075
9.884244439438886 0.581426143496405
9.904178533228453 0.580890236552988
9.924093642336528 0.580356353353013
9.943989840591202 0.579824480500945
9.963867201321788 0.579294604728011
9.983725797362762 0.578766712890595
10.003565701060584 0.578240791968820
10.023386984274895 0.577716829064835
10.043189718386593 0.577194811401528
10.062973974299720 0.576674726320901
10.082739822448227 0.576156561282756
10.102487332797718 0.575640303863118
10.122216574852908 0.575125941753006
10.141927617660041 0.574613462756943
10.161620529810664 0.574102854791563
10.181295379448141 0.573594105884402
10.200952234269845 0.573087204172463
10.220591161531507 0.572582137900925
10.240212228052556 0.572078895421930
10.259815500217844 0.571577465193195
10.279401043984510 0.571077835776917
10.298968924884312 0.570579995838466
10.318519208026641 0.570083934145118
10.338051958104295 0.569589639564975
10.357567239396284 0.569097101065730
10.377065115770407 0.568606307713447
10.396545650689971 0.568117248671583
10.416008907215319 0.567629913199745
10.435454948005974 0.567144290652498
10.454883835328371 0.566660370478502
10.474295631055925 0.566178142219239
10.493690396673545 0.565697595508008
10.513068193281375 0.565218720068891
10.532429081598178 0.564741505715720
10.551773121964478 0.564265942351042
10.571100374345365 0.563792019965086
10.590410898335147 0.563319728634848
10.609704753159713 0.562849058523062
10.628981997679256 0.562379999877209
10.648242690392452 0.561912543028625
10.667486889439523 0.561446678391554
10.686714652604454 0.560982396462176
10.705926037318966 0.560519687817747
10.725121100664863 0.560058543115659
10.744299899377870 0.559598953092597
10.763462489849900 0.559140908563631
10.782608928132063 0.558684400421350
10.801739269937780 0.558229419635027
10.820853570645518 0.557775957249769
10.839951885302698 0.557324004385743
10.859034268625528 0.556873552237207
10.878100775005469 0.556424592071891
10.897151458509313 0.555977115230067
10.916186372882937 0.555531113123814
10.935205571555034 0.555086577236296
10.954209107636617 0.554643499120841
10.973197033927494 0.554201870400378
10.992169402915547 0.553761682766526
11.011126266781565 0.553322927978973
11.030067677401245 0.552885597864724
11.048993686347012 0.552449684317351
11.067904344890657 0.552015179296292
11.086799704006220 0.551582074826180
11.105679814373136 0.551150362996185
11.124544726376330 0.550720035959224
11.143394490110788 0.550291085931397
11.162229155383764 0.549863505191318
11.181048771715014 0.549437286079362
11.199853388342058 0.549012420997160
11.218643054220177 0.548588902406855
11.237417818025071 0.548166722830491
11.256177728156981 0.547745874849488
11.274922832739795 0.547326351103874
11.293653179625512 0.546908144291792
11.312368816396228 0.546491247168900
11.331069790364515 0.546075652547687
11.349756148578033 0.545661353297021
11.368427937819876 0.545248342341481
11.387085204611143 0.544836612660820
11.405727995212592 0.544426157289384
11.424356355628003 0.544016969315619
11.442970331604498 0.543609041881449
11.461569968635185 0.543202368181762
11.480155311961658 0.542796941463908
11.498726406575010 0.542392755027123
11.517283297219167 0.541989802222078
11.535826028390876 0.541588076450276
11.554354644342689 0.541187571163592
11.572869189085576 0.540788279863812
11.591369706388626 0.540390196102034
11.609856239783255 0.539993313478291
11.628328832563108 0.539597625640979
11.646787527787097 0.539203126286440
11.665232368281155 0.538809809158483
11.683663396638313 0.538417668047848
11.702080655223179 0.538026696791870
11.720484186170978 0.537636889273898
11.738874031390939 0.537248239422926
11.757250232567674 0.536860741213136
11.775612831162189 0.536474388663425
11.793961868414041 0.536089175837002
11.812297385343886 0.535705096840993
11.830619422752807 0.535322145825919
11.848928021226156 0.534940316985379
11.867223221134022 0.534559604555586
11.885505062632127 0.534180002814927
11.903773585665984 0.533801506083676
11.922028829969879 0.533424108723484
11.940270835068521 0.533047805136987
11.958499640280319 0.532672589767497
11.976715284717503 0.532298457098556
11.994917807287598 0.531925401653552
12.013107246696169 0.531553417995406
12.031283641445556 0.531182500726073
12.049447029840092 0.530812644486348
12.067597449984612 0.530443843955368
12.085734939785892 0.530076093850258
12.103859536957026 0.529709388925909
12.121971279014565 0.529343723974435
12.140070203283164 0.528979093824974
12.158156346895773 0.528615493343294
12.176229746794728 0.528252917431442
12.194290439733081 0.527891361027406
12.212338462277240 0.527530819104848
12.230373850806208 0.527171286672681
12.248396641513557 0.526812758774777
12.266406870411039 0.526455230489744
12.284404573325618 0.526098696930433
12.302389785903808 0.525743153243752
12.320362543612738 0.525388594610351
12.338322881739922 0.525035016244252
12.356270835395410 0.524682413392586
12.374206439513159 0.524330781335303
12.392129728851195 0.523980115384828
12.410040737994748 0.523630410885854
12.427939501355425 0.523281663214965
12.445826053173366 0.522933867780394
12.463700427517811 0.522587020021711
12.481562658289928 0.522241115409620
12.499412779220567 0.521896149445535
12.517250823875344 0.521552117661473
12.535076825653558 0.521209015619691
12.552890817788590 0.520866838912390
12.570692833350776 0.520525583161523
12.588482905247835 0.520185244018506
12.606261066225997 0.519845817163959
12.624027348869410 0.519507298307383
12.641781785605277 0.519169683187075
12.659524408699909 0.518832967569668
12.677255250263977 0.518497147250060
12.694974342250021 0.518162218051021
12.712681716456130 0.517828175823060
12.730377404526561 0.517495016444169
12.748061437950518 0.517162735819494
12.765733848066239 0.516831329881224
12.783394666060437 0.516500794588300
12.801043922967867 0.516171125926124
12.818681649675414 0.515842319906455
12.836307876920690 0.515514372567096
12.853922635293959 0.515187279971702
12.871525955237958 0.514861038209518
12.889117867050828 0.514535643395243
12.906698400884776 0.514211091668716
12.924267586749313 0.513887379194804
12.941825454509839 0.513564502163089
12.959372033890025 0.513242456787724
12.976907354472116 0.512921239307198
12.994431445698254 0.512600845984152
13.011944336870735 0.512281273105147
13.029446057154003 0.511962516980511
13.046936635573704 0.511644573944067
13.064416101018873 0.511327440352989
13.081884482242408 0.511011112587594
13.099341807862865 0.510695587051184
13.116788106362604 0.510380860169751
13.134223406092097 0.510066928391926
13.151647735267600 0.509753788188667
13.169061121974341 0.509441436053166
13.186463594165721 0.509129868500607
13.203855179665437 0.508819082068032
13.221235906167168 0.508509073314122
13.238605801235499 0.508199838819021
13.255964892307459 0.507891375184194
13.273313206691762 0.507583679032190
13.290650771571888 0.507276747006561
13.307977614004423 0.506970575771597
13.325293760921509 0.506665162012225
13.342599239130518 0.506360502433796
13.359894075315772 0.506056593761961
13.377178296039190 0.505753432742502
13.394451927738276 0.505451016141067
13.411714996731432 0.505149340743180
13.428967529215413 0.504848403353963
13.446209551266906 0.504548200798008
13.463441088843860 0.504248729919246
13.480662167784530 0.503949987580730
13.497872813810176 0.503651970664559
13.515073052524016 0.503354676071658
13.532262909413841 0.503058100721704
13.549442409850080 0.502762241552879
13.566611579088862 0.502467095521810
13.583770442270731 0.502172659603354
13.600919024423638 0.501878930790540
13.618057350461445 0.501585906094344
13.635185445184343 0.501293582543542
13.652303333282429 0.501001957184676
13.669411039332884 0.500711027081791
13.686508587802834 0.500420789316374
13.703596003049201 0.500131240987197
13.720673309319306 0.499842379210175
13.737740530750630 0.499554201118205
13.754797691373271 0.499266703861099
13.771844815109390 0.498979884605413
13.788881925774231 0.498693740534330
13.805909047075799 0.498408268847502
13.822926202616515 0.498123466760955
13.839933415893285 0.497839331506953
13.856930710298336 0.497555860333872
13.873918109119506 0.497273050506075
13.890895635541185 0.496990899303799
13.907863312644157 0.496709404023006
13.924821163406561 0.496428561975278
13.941769210705557 0.496148370487742
13.958707477315345 0.495868826902854
13.975635985910616 0.495589928578391
13.992554759064737 0.495311672887247
14.009463819250774 0.495034057217342
14.026363188844831 0.494757078971599
14.043252890120575 0.494480735567626
14.060132945256637 0.494205024437843
14.077003376332522 0.493929943029211
14.093864205329890 0.493655488803148
14.110715454134947 0.493381659235488
14.127557144536201 0.493108451816272
14.144389298227502 0.492835864049739
14.161211936808158 0.492563893454197
14.178025081781314 0.492292537561851
14.194828754555720 0.492021793918742
14.211622976448194 0.491751660084713
14.228407768680233 0.491482133633169
14.245183152380903 0.491213212151066
14.261949148588448 0.490944893238845
14.278705778247225 0.490677174510214
14.295453062212255 0.490410053592187
14.312191021245811 0.490143528124857
14.328919676019959 0.489877595761366
14.345639047119034 0.489612254167885
14.362349155034554 0.489347501023324
14.379050020170599 0.489083334019408
14.395741662842751 0.488819750860535
14.412424103277715 0.488556749263651
14.429097361614904 0.488294326958203
14.445761457906146 0.488032481686018
14.462416412116202 0.487771211201221
14.479062244124258 0.487510513270177
14.495698973722421 0.487250385671342
14.512326620616919 0.486990826195199
14.528945204430284 0.486731832644231
14.545554744698803 0.486473402832736
14.562155260875439 0.486215534586826
14.578746772328154 0.485958225744272
14.595329298342000 0.485701474154476
14.611902858119343 0.485445277678383
14.628467470778135 0.485189634188329
14.645023155356046 0.484934541568081
14.661569930806998 0.484679997712628
14.678107816004539 0.484426000528203
14.694636829741373 0.484172547932170
14.711156990727121 0.483919637852866
14.727668317593897 0.483667268229685
14.744170828891644 0.483415437012841
14.760664543092160 0.483164142163409
14.777149478586381 0.482913381653150
14.793625653688075 0.482663153464537
14.810093086631385 0.482413455590599
14.826551795572374 0.482164286034874
14.843001798589594 0.481915642811350
14.859443113684318 0.481667523944386
14.875875758779303 0.481419927468586
14.892299751724094 0.481172851428888
14.908715110287485 0.480926293880241
14.925121852165079 0.480680252887764
14.941519994976517 0.480434726526576
14.957909556264635 0.480189712881690
14.974290553498879 0.479945210048041
14.990663004073570 0.479701216130354
15.007026925308782 0.479457729243092
15.023382334450259 0.479214747510375
15.039729248670444 0.478972269065938
15.056067685068403 0.478730292053049
15.072397660670923 0.478488814624474
15.088719192429750 0.478247834942306
15.105032297228609 0.478007351178121
15.121336991874912 0.477767361512635
15.137633293106184 0.477527864135842
15.153921217589350 0.477288857246909
15.170200781919633 0.477050339054077
15.186472002621061 0.476812307774602
15.202734896147819 0.476574761634728
15.218989478884085 0.476337698869611
15.235235767143550 0.476101117723236
15.251473777170951 0.475865016448392
15.267703525142437 0.475629393306618
15.283925027163818 0.475394246568081
15.300138299273494 0.475159574511599
15.316343357441122 0.474925375424531
15.332540217568559 0.474691647602742
15.348728895489769 0.474458389350534
15.364909406971217 0.474225598980593
15.381081767712734 0.473993274813952
15.397245993346809 0.473761415179902
15.413402099439645 0.473530018415965
15.429550101490964 0.473299082867821
15.445690014934742 0.473068606889272
15.461821855139403 0.472838588842184
15.477945637407108 0.472609027096400
15.494061376976063 0.472379920029758
15.510169089018380 0.472151266027957
15.526268788642501 0.471923063484574
15.542360490892097 0.471695310800974
15.558444210746762 0.471468006386266
15.574519963123018 0.471241148657277
15.590587762872122 0.471014736038433
15.606647624783326 0.470788766961790
15.622699563583057 0.470563239866959
15.638743593934777 0.470338153201046
15.654779730438387 0.470113505418570
15.670807987633479 0.469889294981514
15.686828379995566 0.469665520359149
15.702840921939851 0.469442180028097
15.718845627819089 0.469219272472212
15.734842511926320 0.468996796182603
15.750831588491755 0.468774749657493
15.766812871686124 0.468553131402262
15.782786375618718 0.468331939929339
15.798752114339528 0.468111173758208
15.814710101837388 0.467890831415307
15.830660352042729 0.467670911434054
15.846602878824994 0.467451412354720
15.862537695995652 0.467232332724467
15.878464817306071 0.467013671097237
15.894384256449564 0.466795426033761
15.910296027059664 0.466577596101456
15.926200142713217 0.466360179874472
15.942096616926912 0.466143175933535
15.957985463161444 0.465926582866028
15.973866694818865 0.465710399265856
15.989740325244037 0.465494623733451
16.005606367723594 0.465279254875686
16.021464835488530 0.465064291305908
16.037315741712497 0.464849731643840
16.053159099511642 0.464635574515532
16.068994921947962 0.464421818553409
16.084823222024859 0.464208462396100
16.100644012691390 0.463995504688513
16.116457306839443 0.463782944081711
16.132263117307794 0.463570779232983
16.148061456877066 0.463359008805655
16.163852338274847 0.463147631469193
16.179635774172866 0.462936645899081
16.195411777188664 0.462726050776819
16.211180359884299 0.462515844789852
16.226941534769722 0.462306026631616
16.242695314298135 0.462096595001369
16.258441710870873 0.461887548604286
16.274180736834534 0.461678886151334
16.289912404483026 0.461470606359292
16.305636726056456 0.461262707950678
16.321353713741804 0.461055189653723
16.337063379673133 0.460848050202345
16.352765735932618 0.460641288336130
16.368460794549165 0.460434902800258
16.384148567499722 0.460228892345498
16.399829066708445 0.460023255728147
16.415502304049372 0.459817991710066
16.431168291342086 0.459613099058520
16.446827040357078 0.459408576546287
16.462478562812841 0.459204422951544
16.478122870376058 0.459000637057829
16.493759974662531 0.458797217654034
16.509389887237891 0.458594163534386
16.525012619617414 0.458391473498403
16.540628183264293 0.458189146350811
16.556236589592515 0.457987180901591
16.571837849967292 0.457785575965947
16.587431975701644 0.457584330364183
16.603018978060529 0.457383442921778
16.618598868258569 0.457182912469287
16.634171657460357 0.456982737842318
16.649737356783607 0.456782917881580
16.665295977295052 0.456583451432741
16.680847530012606 0.456384337346446
16.696392025906707 0.456185574478325
16.711929475898174 0.455987161688900
16.727459890860434 0.455789097843608
16.742983281617658 0.455591381812725
16.758499658947144 0.455394012471390
16.774009033577435 0.455196988699523
16.789511416190212 0.455000309381849
16.805006817419468 0.454803973407834
16.820495247850641 0.454607979671639
16.835976718023932 0.454412327072171
16.851451238431650 0.454217014512983
16.866918819519086 0.454022040902263
16.882379471685365 0.453827405152832
16.897833205282094 0.453633106182070
16.913280030615581 0.453439142911946
16.928719957945450 0.453245514268954
16.944152997485599 0.453052219184107
16.959579159403191 0.452859256592876
16.974998453821026 0.452666625435227
16.990410890814786 0.452474324655520
17.005816480415685 0.452282353202545
17.021215232609936 0.452090710029480
17.036607157337968 0.451899394093845
17.051992264494402 0.451708404357468
17.067370563932062 0.451517739786562
17.082742065455356 0.451327399351529
17.098106778826210 0.451137382027077
17.113464713762433 0.450947686792159
17.128815879936774 0.450758312629915
17.144160286977986 0.450569258527674
17.159497944471482 0.450380523476942
17.174828861958101 0.450192106473345
17.190153048935453 0.450004006516635
17.205470514857684 0.449816222610658
17.220781269135493 0.449628753763329
17.236085321136528 0.449441598986611
17.251382680184491 0.449254757296471
17.266673355562222 0.449068227712932
17.281957356506986 0.448882009259922
17.297234692215380 0.448696100965379
17.312505371841230 0.448510501861172
17.327769404495051 0.448325210983054
17.343026799246186 0.448140227370702
17.358277565121114 0.447955550067642
17.373521711105177 0.447771178121267
17.388759246140953 0.447587110582779
17.403990179129710 0.447403346507191
17.419214518931074 0.447219884953301
17.434432274363846 0.447036724983688
17.449643454204338 0.446853865664644
17.464848067189028 0.446671306066216
17.480046122012297 0.446489045262128
17.495237627327931 0.446307082329794
17.510422591749542 0.446125416350307
17.525601023848928 0.445944046408370
17.540772932159047 0.445762971592352
17.555938325170168 0.445582190994167
17.571097211334738 0.445401703709372
17.586249599062885 0.445221508837035
17.601395496726955 0.445041605479822
17.616534912657656 0.444861992743880
17.631667855146045 0.444682669738866
17.646794332444649 0.444503635577951
17.661914352765987 0.444324889377761
17.677027924282601 0.444146430258357
17.692135055128293 0.443968257343245
17.707235753397889 0.443790369759345
17.722330027146981 0.443612766636971
17.737417884392578 0.443435447109814
17.752499333111995 0.443258410314906
17.767574381244714 0.443081655392636
17.782643036692114 0.442905181486728
17.797705307315784 0.442728987744174
17.812761200939985 0.442553073315279
17.827810725350627 0.442377437353614
17.842853888295842 0.442202079016006
17.857890697485193 0.442026997462505
17.872921160590828 0.441852191856386
17.887945285246886 0.441677661364121
17.902963079050448 0.441503405155375
17.917974549560736 0.441329422402974
17.932979704299328 0.441155712282886
17.947978550751625 0.440982273974241
17.962971096364353 0.440809106659248
17.977957348548404 0.440636209523245
17.992937314677530 0.440463581754652
18.007911002088292 0.440291222544946
18.022878418081092 0.440119131088671
18.037839569919612 0.439947306583405
18.052794464830463 0.439775748229731
18.067743110004514 0.439604455231253
18.082685512596374 0.439433426794565
18.097621679724362 0.439262662129232
18.112551618471713 0.439092160447799
18.127475335883094 0.438921920965692
18.142392838970338 0.438751942901338
18.157304134708170 0.438582225476043
18.172209230036028 0.438412767914018
18.187108131856995 0.438243569442337
18.202000847041109 0.438074629291001
18.216887382420250 0.437905946692794
18.231767744792734 0.437737520883379
18.246641940922114 0.437569351101250
18.261509977535408 0.437401436587674
18.276371861327195 0.437233776586775
18.291227598954830 0.437066370345396
18.306077197041628 0.436899217113165
18.320920662178622 0.436732316142518
18.335758000918950 0.436565666688546
18.350589219784194 0.436399268009137
18.365414325259874 0.436233119364843
18.380233323797992 0.436067220018932
18.395046221817548 0.435901569237383
18.409853025701654 0.435736166288797
18.424653741801041 0.435571010444469
18.439448376432694 0.435406100978340
18.454236935878708 0.435241437166951
18.469019426389377 0.435077018289502
18.483795854180190 0.434912843627769
18.498566225433962 0.434748912466133
18.513330546299883 0.434585224091547
18.528088822894507 0.434421777793541
18.542841061301107 0.434258572864195
18.557587267569680 0.434095608598121
18.572327447718035 0.433932884292477
18.587061607731055 0.433770399246932
18.601789753560265 0.433608152763642
18.616511891125207 0.433446144147269
18.631228026313991 0.433284372704977
18.645938164979690 0.433122837746334
18.660642312945569 0.432961538583424
18.675340476002287 0.432800474530760
18.690032659906823 0.432639644905251
18.704718870386532 0.432479049026278
18.719399113134688 0.432318686215582
18.734073393814402 0.432158555797333
18.748741718056145 0.431998657098068
18.763404091459169 0.431838989446701
18.778060519590827 0.431679552174502
18.792711007987748 0.431520344615103
18.807355562154800 0.431361366104468
18.821994187565302 0.431202615980877
18.836626889661524 0.431044093584932
18.851253673854881 0.430885798259540
18.865874545526133 0.430727729349912
18.880489510024617 0.430569886203526
18.895098572668854 0.430412268170133
18.909701738747032 0.430254874601753
18.924299013516329 0.430097704852644
18.938890402204017 0.429940758279319
18.953475910005864 0.429784034240496
18.968055542088834 0.429627532097142
18.982629303587672 0.429471251212391
18.997197199608912 0.429315190951614
19.011759235227593 0.429159350682338
19.026315415489226 0.429003729774278
19.040865745410184 0.428848327599328
19.055410229974736 0.428693143531490
19.069948874140689 0.428538176946982
19.084481682833005 0.428383427224085
19.099008660949437 0.428228893743261
19.113529813356799 0.428074575887050
19.128045144893548 0.427920473040124
19.142554660367761 0.427766584589224
19.157058364559095 0.427612909923194
19.171556262218687 0.427459448432970
19.186048358066195 0.427306199511497
19.200534656795057 0.427153162553839
19.215015163067445 0.427000336957054
19.229489881519257 0.426847722120294
19.243958816755384 0.426695317444687
19.258421973353904 0.426543122333420
19.272879355862827 0.426391136191655
19.287330968801978 0.426239358426563
19.301776816663637 0.426087788447321
19.316216903911393 0.425936425665080
19.330651234979953 0.425785269492950
19.345079814277351 0.425634319346036
19.359502646181650 0.425483574641355
19.373919735044485 0.425333034797903
19.388331085188593 0.425182699236592
19.402736700909923 0.425032567380283
19.417136586475674 0.424882638653735
19.431530746125837 0.424732912483625
19.445919184072196 0.424583388298519
19.460301904500454 0.424434065528908
19.474678911568404 0.424284943607155
19.489050209405466 0.424136021967475
19.503415802114592 0.423987300045969
19.517775693771707 0.423838777280602
19.532129888424983 0.423690453111171
19.546478390096745 0.423542326979344
19.560821202780588 0.423394398328584
19.575158330445007 0.423246666604216
19.589489777031506 0.423099131253380
19.603815546453355 0.422951791724991
19.618135642598126 0.422804647469787
19.632450069328097 0.422657697940325
19.646758830476859 0.422510942590900
19.661061929853005 0.422364380877616
19.675359371239033 0.422218012258348
19.689651158389353 0.422071836192698
19.703937295034809 0.421925852142073
19.718217784878107 0.421780059569585
19.732492631596589 0.421634457940098
19.746761838842172 0.421489046720217
19.761025410240126 0.421343825378254
19.775283349390619 0.421198793384252
19.789535659867230 0.421053950209941
19.803782345219570 0.420909295328790
19.818023408969498 0.420764828215913
19.832258854615070 0.420620548348146
19.846488685627929 0.420476455203982
19.860712905455276 0.420332548263604
19.874931517518188 0.420188827008841
19.889144525213055 0.420045290923190
19.903351931911438 0.419901939491802
19.917553740958713 0.419758772201448
19.931749955677372 0.419615788540576
19.945940579362194 0.419472987999205
19.960125615285886 0.419330370069031
19.974305066694633 0.419187934243329
19.988478936810747 0.419045680016997
20.002647228831307 0.418903606886520
20.016809945929989 0.418761714350000
20.030967091255182 0.418620001907109
20.045118667930101 0.418478469059083
20.059264679056010 0.418337115308780
20.073405127707762 0.418195940160578
20.087540016936970 0.418054943120436
20.101669349770926 0.417914123695861
20.115793129212957 0.417773481395908
20.129911358242857 0.417633015731180
20.144024039816028 0.417492726213804
20.158131176864426 0.417352612357442
20.172232772295150 0.417212673677252
20.186328828994405 0.417072909689967
20.200419349821175 0.416933319913750
20.214504337613903 0.416793903868328
20.228583795186140 0.416654661074895
20.242657725328179 0.416515591056135
20.256726130807476 0.416376693336228
20.270789014367345 0.416237967440808
20.284846378729643 0.416099412897018
20.298898226591227 0.415961029233427
20.312944560627201 0.415822815980086
20.326985383489486 0.415684772668497
20.341020697805916 0.415546898831582
20.355050506183645 0.415409194003748
20.369074811205873 0.415271657720813
20.383093615432767 0.415134289520016
20.397106921402269 0.414997088940026
20.411114731629784 0.414860055520931
20.425117048609678 0.414723188804257
20.439113874811511 0.414586488332891
20.453105212682765 0.414449953651120
20.467091064650862 0.414313584304673
20.481071433119389 0.414177379840635
20.495046320469047 0.414041339807455
20.509015729060522 0.413905463755005
20.522979661231844 0.413769751234513
20.536938119297627 0.413634201798542
20.550891105552726 0.413498815001061
20.564838622268582 0.413363590397358
20.578780671696087 0.413228527544098
20.592717256064201 0.413093625999282
20.606648377579667 0.412958885322238
20.620574038427957 0.412824305073633
20.634494240773890 0.412689884815478
