0.309355398228444 -1.000000000000000
0.411137800146695 -1.000000000000000
0.493947511396733 -1.000000000000000
0.566532673732275 -1.000000000000000
0.632384354040484 -1.000000000000000
0.693386876858365 -1.000000000000000
0.750711329107207 -1.000000000000000
0.805146699248633 -1.000000000000000
0.857252740228095 -1.000000000000000
0.907441029097151 -1.000000000000000
0.956022265515239 -1.000000000000000
1.003235851764134 -1.000000000000000
1.049269372817857 0.000000000000000
1.094271937724239 0.000000000000000
1.138363596094559 0.000000000000000
1.181642142045079 0.000000000000000
1.224188122413683 0.000000000000000
1.266068578624155 0.000000000000000
1.307339876938479 0.000000000000000
1.348049871451371 0.000000000000000
1.388239571996112 0.000000000000000
1.427944440542462 0.000000000000000
1.467195406160239 0.000000000000000
1.506019665035088 0.000000000000000
1.544441315137077 0.000000000000000
1.582481862878048 0.000000000000000
1.620160630079712 0.000000000000000
1.657495082882250 0.000000000000000
1.694501099210183 0.000000000000000
1.731193187632729 0.000000000000000
1.767584667582918 0.000000000000000
1.803687818707121 0.000000000000000
1.839514005433341 0.000000000000000
1.875073781547358 0.000000000000000
1.910376978559409 0.000000000000000
1.945432780862796 0.000000000000000
1.980249790071856 0.000000000000000
2.014836080451346 0.000000000000000
2.049199246968170 0.000000000000000
2.083346447202761 0.000000000000000
2.117284438119202 0.000000000000000
2.151019608506616 0.000000000000000
2.184558007755734 0.000000000000000
2.217905371514184 0.000000000000000
2.251067144667938 0.000000000000000
2.284048502019888 0.000000000000000
2.316854366973981 0.000000000000000
2.349489428481008 0.000000000000000
2.381958156463676 0.000000000000000
2.414264815902421 0.000000000000000
2.446413479736037 0.000000000000000
2.478408040710881 0.000000000000000
2.510252222289416 0.000000000000000
2.541949588716918 0.000000000000000
2.573503554329953 0.000000000000000
2.604917392180333 0.000000000000000
2.636194242038144 0.000000000000000
2.667337117830864 0.000000000000000
2.698348914567361 0.000000000000000
2.729232414791871 0.000000000000000
2.759990294606731 0.000000000000000
2.790625129298459 0.000000000000000
2.821139398599754 0.000000000000000
2.851535491614672 0.000000000000000
2.881815711433365 0.000000000000000
2.911982279459194 0.000000000000000
2.942037339469342 0.000000000000000
2.971982961428438 0.000000000000000
3.001821145072325 0.000000000000000
3.031553823278350 0.000000000000000
3.061182865236898 0.000000000000000
3.090710079437659 0.000000000000000
3.120137216483139 0.000000000000000
3.149465971740826 0.000000000000000
3.178697987844932 0.000000000000000
3.207834857057177 0.000000000000000
3.236878123496228 0.000000000000000
3.265829285243520 0.000000000000000
3.294689796333996 0.000000000000000
3.323461068638611 0.000000000000000
3.352144473645515 0.000000000000000
3.380741344146192 0.000000000000000
3.409252975832525 0.000000000000000
3.437680628809828 0.000000000000000
3.466025529031575 0.000000000000000
3.494288869659931 0.000000000000000
3.522471812357015 0.000000000000000
3.550575488510863 0.000000000000000
3.578601000399381 0.000000000000000
3.606549422297327 0.000000000000000
3.634421801527987 0.000000000000000
3.662219159463977 0.000000000000000
3.689942492479307 0.000000000000000
3.717592772856213 0.000000000000000
3.745170949648679 0.000000000000000
3.772677949505537 0.000000000000000
3.800114677454880 0.000000000000000
3.827482017652762 0.000000000000000
3.854780834097327 0.000000000000000
3.882011971310960 0.000000000000000
3.909176254991251 0.000000000000000
3.936274492633916 0.000000000000000
3.963307474127558 0.000000000000000
3.990275972323053 0.000000000000000
4.017180743578048 0.000000000000000
4.044022528278627 0.000000000000000
4.070802051338394 0.000000000000000
4.097520022677394 0.000000000000000
4.124177137680247 0.000000000000000
4.150774077636379 0.000000000000000
4.177311510162268 0.000000000000000
4.203790089605679 0.000000000000000
4.230210457435413 0.000000000000000
4.256573242614649 0.000000000000000
4.282879061959722 0.000000000000000
4.309128520485555 0.000000000000000
4.335322211737682 0.000000000000000
4.361460718111149 0.000000000000000
4.387544611158938 0.000000000000000
4.413574451886799 0.000000000000000
4.439550791039109 0.000000000000000
4.465474169373655 0.000000000000000
4.491345117926057 0.000000000000000
4.517164158265540 0.000000000000000
4.542931802741283 0.000000000000000
4.568648554719956 0.000000000000000
4.594314908815512 0.000000000000000
4.619931351110662 0.000000000000000
4.645498359370859 0.000000000000000
4.671016403251604 0.000000000000000
4.696485944497995 0.000000000000000
4.721907437138228 0.000000000000000
4.747281327670948 0.000000000000000
4.772608055245512 0.000000000000000
4.797888051837708 0.000000000000000
4.823121742419325 0.000000000000000
4.848309545122188 0.000000000000000
4.873451871396769 0.000000000000000
4.898549126167371 0.000000000000000
4.923601707980515 0.000000000000000
4.948610009150290 0.000000000000000
4.973574415898326 0.000000000000000
4.998495308490957 0.000000000000000
5.023373061370475 0.000000000000000
5.048208043283721 0.000000000000000
5.073000617406644 0.000000000000000
5.097751141465356 0.000000000000000
5.122459967853321 0.000000000000000
5.147127443745705 0.000000000000000
5.171753911209893 0.000000000000000
5.196339707313620 0.000000000000000
5.220885164229649 0.000000000000000
5.245390609337078 0.000000000000000
5.269856365321311 0.000000000000000
5.294282750269559 0.000000000000000
5.318670077765308 0.000000000000000
5.343018656978657 0.000000000000000
5.367328792756047 0.000000000000000
5.391600785706156 0.000000000000000
5.415834932284306 0.000000000000000
5.440031524874212 0.000000000000000
5.464190851868194 0.000000000000000
5.488313197744436 0.000000000000000
5.512398843143414 0.000000000000000
5.536448064941345 0.000000000000000
5.560461136322769 0.000000000000000
5.584438326849637 0.000000000000000
5.608379902531204 0.000000000000000
5.632286125889841 0.000000000000000
5.656157256026623 0.000000000000000
5.679993548684723 0.000000000000000
5.703795256311277 0.000000000000000
5.727562628118324 0.000000000000000
5.751295910141741 0.000000000000000
5.774995345298311 0.000000000000000
5.798661173443135 0.000000000000000
5.822293631423592 0.000000000000000
5.845892953133666 0.000000000000000
5.869459369566045 0.000000000000000
5.892993108863619 0.000000000000000
5.916494396369340 0.000000000000000
5.939963454675286 0.000000000000000
5.963400503670289 0.000000000000000
5.986805760586702 0.000000000000000
6.010179440046650 0.000000000000000
6.033521754105431 0.000000000000000
6.056832912296650 0.000000000000000
6.080113121673469 0.000000000000000
6.103362586852085 0.000000000000000
6.126581510050577 0.000000000000000
6.149770091130747 0.000000000000000
6.172928527635980 0.000000000000000
6.196057014829935 0.000000000000000
6.219155745734025 0.000000000000000
6.242224911164112 0.000000000000000
6.265264699766056 0.000000000000000
6.288275298051352 0.000000000000000
6.311256890430911 0.000000000000000
6.334209659249135 0.000000000000000
6.357133784816901 0.000000000000000
6.380029445443541 0.000000000000000
6.402896817468740 0.000000000000000
6.425736075293298 0.000000000000000
6.448547391409710 0.000000000000000
6.471330936431753 0.000000000000000
6.494086879123622 0.000000000000000
6.516815386428388 0.000000000000000
6.539516623496326 0.000000000000000
6.562190753711897 0.000000000000000
6.584837938720728 0.000000000000000
6.607458338456536 0.000000000000000
6.630052111165839 0.000000000000000
6.652619413434449 0.000000000000000
6.675160400211548 0.000000000000000
6.697675224834283 0.000000000000000
6.720164039051738 0.000000000000000
6.742626993048441 0.000000000000000
6.765064235466840 0.000000000000000
6.787475913430597 0.000000000000000
6.809862172566100 0.000000000000000
6.832223157024461 0.000000000000000
6.854559009502742 0.000000000000000
6.876869871264906 0.000000000000000
6.899155882162226 0.000000000000000
6.921417180653643 0.000000000000000
6.943653903825305 0.000000000000000
6.965866187409863 0.000000000000000
6.988054165805793 0.000000000000000
7.010217972096339 0.000000000000000
7.032357738067037 0.000000000000000
7.054473594224493 0.000000000000000
7.076565669813838 0.000000000000000
7.098634092835896 0.000000000000000
7.120678990065040 0.000000000000000
7.142700487064781 0.000000000000000
7.164698708205278 0.000000000000000
7.186673776678909 0.000000000000000
7.208625814516654 0.000000000000000
7.230554942603336 0.000000000000000
7.252461280693005 0.000000000000000
7.274344947424397 0.000000000000000
7.296206060335261 0.000000000000000
7.318044735877479 0.000000000000000
7.339861089430713 0.000000000000000
7.361655235317254 0.000000000000000
7.383427286815150 0.000000000000000
7.405177356172444 0.000000000000000
7.426905554620074 0.000000000000000
7.448611992385290 0.000000000000000
7.470296778704388 0.000000000000000
7.491960021835798 0.000000000000000
7.513601829072138 0.000000000000000
7.535222306752853 0.000000000000000
7.556821560275844 0.000000000000000
7.578399694110409 0.000000000000000
7.599956811807372 0.000000000000000
7.621493016012503 0.000000000000000
7.643008408475617 0.000000000000000
7.664503090063667 0.000000000000000
7.685977160771248 0.000000000000000
7.707430719730327 0.000000000000000
7.728863865222084 0.000000000000000
7.750276694686759 0.000000000000000
7.771669304734087 0.000000000000000
7.793041791153628 0.000000000000000
7.814394248924142 0.000000000000000
7.835726772224096 0.000000000000000
7.857039454440884 0.000000000000000
7.878332388180074 0.000000000000000
7.899605665275757 0.000000000000000
7.920859376798615 0.000000000000000
7.942093613065350 0.000000000000000
7.963308463648214 0.000000000000000
7.984504017383138 0.000000000000000
8.005680362378401 0.000000000000000
8.026837586023277 0.000000000000000
8.047975774996807 0.000000000000000
8.069095015275407 0.000000000000000
8.090195392141345 0.000000000000000
8.111276990190996 0.000000000000000
8.132339893341864 0.000000000000000
8.153384184842327 0.000000000000000
8.174409947275894 0.000000000000000
8.195417262572731 0.000000000000000
8.216406212014340 0.000000000000000
8.237376876241557 0.000000000000000
8.258329335262664 0.000000000000000
8.279263668459016 0.000000000000000
8.300179954593553 0.000000000000000
8.321078271816425 0.000000000000000
8.341958697672865 0.000000000000000
8.362821309109005 0.000000000000000
8.383666182479111 0.000000000000000
8.404493393552372 0.000000000000000
8.425303017517788 0.000000000000000
8.446095128992621 0.000000000000000
8.466869802026977 0.000000000000000
8.487627110110868 0.000000000000000
8.508367126180206 0.000000000000000
8.529089922622344 0.000000000000000
