0.309356156421350 -1.000000000000000
0.411653952430227 -1.000000000000000
0.495284847169783 -1.000000000000000
0.568981249326153 -1.000000000000000
0.636219726589291 -1.000000000000000
0.698868106048318 -1.000000000000000
0.758079407892513 -1.000000000000000
0.814623800654179 -1.000000000000000
0.869042147129597 -1.000000000000000
0.921727547827608 -1.000000000000000
0.972972953884028 -1.000000000000000
1.023000935654841 -1.000000000000000
1.071983263108326 -1.000000000000000
1.120054287618851 -1.000000000000000
1.167320359222919 -1.000000000000000
1.213866605800487 -1.000000000000000
1.259761900706656 -1.000000000000000
1.305062554829257 -1.000000000000000
1.349815092268077 -1.000000000000000
1.394058356963935 -1.000000000000000
1.437825124400028 -1.000000000000000
1.481143343210986 -1.000000000000000
1.524037097546746 -1.000000000000000
1.566527357126199 -1.000000000000000
1.608632564807347 -1.000000000000000
1.650369099088989 -1.000000000000000
1.691751639847693 -1.000000000000000
1.732793458858629 -1.000000000000000
1.773506651600218 -1.000000000000000
1.813902323038112 -1.000000000000000
1.853990737202954 -1.000000000000000
1.893781438180139 0.000000000000000
1.933283348447669 0.000000000000000
1.972504849203570 0.000000000000000
2.011453846326737 0.000000000000000
2.050137824837292 0.000000000000000
2.088563894121492 0.000000000000000
2.126738825714465 0.000000000000000
2.164669085064733 0.000000000000000
2.202360858415697 0.000000000000000
2.239820075709951 0.000000000000000
2.277052430242072 0.000000000000000
2.314063395643339 0.000000000000000
2.350858240667113 0.000000000000000
2.387442042154198 0.000000000000000
2.423819696484690 0.000000000000000
2.459995929765521 0.000000000000000
2.495975306956411 0.000000000000000
2.531762240099309 0.000000000000000
2.567360995787477 0.000000000000000
2.602775701984998 0.000000000000000
2.638010354288086 0.000000000000000
2.673068821705099 0.000000000000000
2.707954852016319 0.000000000000000
2.742672076767767 0.000000000000000
2.777224015940800 0.000000000000000
2.811614082335866 0.000000000000000
2.845845585699865 0.000000000000000
2.879921736624356 0.000000000000000
2.913845650236207 0.000000000000000
2.947620349699578 0.000000000000000
2.981248769546267 0.000000000000000
3.014733758847768 0.000000000000000
3.048078084241463 0.000000000000000
3.081284432821757 0.000000000000000
3.114355414905735 0.000000000000000
3.147293566680863 0.000000000000000
3.180101352742998 0.000000000000000
3.212781168530993 0.000000000000000
3.245335342663179 0.000000000000000
3.277766139182048 0.000000000000000
3.310075759711471 0.000000000000000
3.342266345530948 0.000000000000000
3.374339979570897 0.000000000000000
3.406298688332934 0.000000000000000
3.438144443738695 0.000000000000000
3.469879164909413 0.000000000000000
3.501504719881730 0.000000000000000
3.533022927258882 0.000000000000000
3.564435557803818 0.000000000000000
3.595744335973697 0.000000000000000
3.626950941399815 0.000000000000000
3.658057010314657 0.000000000000000
3.689064136928208 0.000000000000000
3.719973874755299 0.000000000000000
3.750787737896426 0.000000000000000
3.781507202273672 0.000000000000000
3.812133706822788 0.000000000000000
3.842668654644368 0.000000000000000
3.873113414114560 0.000000000000000
3.903469319957233 0.000000000000000
3.933737674279199 0.000000000000000
3.963919747569805 0.000000000000000
3.994016779666340 0.000000000000000
4.024029980685389 0.000000000000000
4.053960531923872 0.000000000000000
4.083809586727746 0.000000000000000
4.113578271332514 0.000000000000000
4.143267685674296 0.000000000000000
4.172878904174142 0.000000000000000
4.202412976495122 0.000000000000000
4.231870928274660 0.000000000000000
4.261253761832119 0.000000000000000
4.290562456852103 0.000000000000000
4.319797971045896 0.000000000000000
4.348961240790056 0.000000000000000
4.378053181744510 0.000000000000000
4.407074689449265 0.000000000000000
4.436026639902610 0.000000000000000
4.464909890118797 0.000000000000000
4.493725278669042 0.000000000000000
4.522473626203302 0.000000000000000
4.551155735956141 0.000000000000000
4.579772394235504 0.000000000000000
4.608324370895374 0.000000000000000
4.636812419794067 0.000000000000000
4.665237279236707 0.000000000000000
4.693599672404356 0.000000000000000
4.721900307768104 0.000000000000000
4.750139879491582 0.000000000000000
4.778319067819076 0.000000000000000
4.806438539452373 0.000000000000000
4.834498947914870 0.000000000000000
4.862500933904730 0.000000000000000
4.890445125636639 0.000000000000000
4.918332139172531 0.000000000000000
4.946162578743096 0.000000000000000
4.973937037057384 0.000000000000000
5.001656095604549 0.000000000000000
5.029320324945322 0.000000000000000
5.056930284994300 0.000000000000000
5.084486525294298 0.000000000000000
5.111989585281527 0.000000000000000
5.139439994543142 0.000000000000000
5.166838273066478 0.000000000000000
5.194184931481288 0.000000000000000
5.221480471294197 0.000000000000000
5.248725385115996 0.000000000000000
5.275920156882410 0.000000000000000
5.303065262068190 0.000000000000000
5.330161167894751 0.000000000000000
5.357208333531310 0.000000000000000
5.384207210290796 0.000000000000000
5.411158241819009 0.000000000000000
5.438061864279244 0.000000000000000
5.464918506530732 0.000000000000000
5.491728590301710 0.000000000000000
5.518492530358637 0.000000000000000
5.545210734669054 0.000000000000000
5.571883604560504 0.000000000000000
5.598511534875132 0.000000000000000
5.625094914119068 0.000000000000000
5.651634124607956 0.000000000000000
5.678129542608472 0.000000000000000
5.704581538475803 0.000000000000000
5.730990476786896 0.000000000000000
5.757356716470403 0.000000000000000
5.783680610932185 0.000000000000000
5.809962508179018 0.000000000000000
5.836202750936654 0.000000000000000
5.862401676766364 0.000000000000000
5.888559618177434 0.000000000000000
5.914676902736409 0.000000000000000
5.940753853174571 0.000000000000000
5.966790787490643 0.000000000000000
5.992788019052280 0.000000000000000
6.018745856694182 0.000000000000000
6.044664604813383 0.000000000000000
6.070544563462457 0.000000000000000
6.096386028439972 0.000000000000000
6.122189291378320 0.000000000000000
6.147954639830139 0.000000000000000
6.173682357350718 0.000000000000000
6.199372723580963 0.000000000000000
6.225026014325097 0.000000000000000
6.250642501628205 0.000000000000000
6.276222453852434 0.000000000000000
6.301766135748542 0.000000000000000
6.327273808528796 0.000000000000000
6.352745729935176 0.000000000000000
6.378182154308900 0.000000000000000
6.403583332654212 0.000000000000000
6.428949512705018 0.000000000000000
6.454280938986119 0.000000000000000
6.479577852875402 0.000000000000000
6.504840492662962 0.000000000000000
6.530069093609654 0.000000000000000
6.555263888004075 0.000000000000000
6.580425105217530 0.000000000000000
6.605552971758640 0.000000000000000
6.630647711325554 0.000000000000000
6.655709544857970 0.000000000000000
6.680738690587157 0.000000000000000
6.705735364085410 0.000000000000000
6.730699778313120 0.000000000000000
6.755632143666385 0.000000000000000
6.780532668022393 0.000000000000000
6.805401556783834 0.000000000000000
6.830239012922869 0.000000000000000
6.855045237023609 0.000000000000000
6.879820427323043 0.000000000000000
6.904564779752852 0.000000000000000
6.929278487977960 0.000000000000000
6.953961743436326 0.000000000000000
6.978614735375974 0.000000000000000
7.003237650892587 0.000000000000000
7.027830674965840 0.000000000000000
7.052393990494140 0.000000000000000
7.076927778330142 0.000000000000000
7.101432217314394 0.000000000000000
7.125907484307653 0.000000000000000
7.150353754224795 0.000000000000000
7.174771200065122 0.000000000000000
7.199159992944132 0.000000000000000
7.223520302123915 0.000000000000000
7.247852295042049 0.000000000000000
7.272156137341910 0.000000000000000
7.296431992900201 0.000000000000000
7.320680023855250 0.000000000000000
7.344900390634110 0.000000000000000
7.369093251978813 0.000000000000000
7.393258764973778 0.000000000000000
7.417397085070022 0.000000000000000
7.441508366111147 0.000000000000000
7.465592760357105 0.000000000000000
7.489650418509657 0.000000000000000
7.513681489733939 0.000000000000000
7.537686121683533 0.000000000000000
7.561664460521675 0.000000000000000
7.585616650944409 0.000000000000000
7.609542836201621 0.000000000000000
7.633443158118581 0.000000000000000
7.657317757117066 0.000000000000000
7.681166772235732 0.000000000000000
7.704990341150035 0.000000000000000
7.728788600191819 0.000000000000000
7.752561684368971 0.000000000000000
7.776309727384266 0.000000000000000
7.800032861653850 0.000000000000000
7.823731218325584 0.000000000000000
7.847404927296603 0.000000000000000
7.871054117231235 0.000000000000000
7.894678915578146 0.000000000000000
7.918279448586881 0.000000000000000
7.941855841325157 0.000000000000000
7.965408217694301 0.000000000000000
7.988936700445755 0.000000000000000
8.012441411196406 0.000000000000000
8.035922470444671 0.000000000000000
8.059379997584706 0.000000000000000
8.082814110921580 0.000000000000000
8.106224927686281 0.000000000000000
8.129612564049346 0.000000000000000
8.152977135135256 0.000000000000000
8.176318755036394 0.000000000000000
8.199637536826557 0.000000000000000
8.222933592573629 0.000000000000000
8.246207033353771 0.000000000000000
8.269457969263392 0.000000000000000
8.292686509432185 0.000000000000000
8.315892762035421 0.000000000000000
8.339076834306345 0.000000000000000
8.362238832547943 0.000000000000000
8.385378862144895 0.000000000000000
8.408497027575118 0.000000000000000
8.431593432421030 0.000000000000000
8.454668179381152 0.000000000000000
8.477721370280593 0.000000000000000
8.500753106082243 0.000000000000000
8.523763486897705 0.000000000000000
8.546752611996681 0.000000000000000
8.569720579818851 0.000000000000000
8.592667487982769 0.000000000000000
8.615593433296135 0.000000000000000
8.638498511765938 0.000000000000000
8.661382818608123 0.000000000000000
8.684246448256395 0.000000000000000
8.707089494372468 0.000000000000000
8.729912049854734 0.000000000000000
8.752714206847306 0.000000000000000
8.775496056749008 0.000000000000000
8.798257690222892 0.000000000000000
8.820999197203117 0.000000000000000
8.843720666905357 0.000000000000000
8.866422187833736 0.000000000000000
8.889103847790333 0.000000000000000
8.911765733881662 0.000000000000000
8.934407932528815 0.000000000000000
8.957030529472952 0.000000000000000
8.979633609784615 0.000000000000000
9.002217257871544 0.000000000000000
9.024781557484857 0.000000000000000
9.047326591727455 0.000000000000000
9.069852443060745 0.000000000000000
9.092359193312911 0.000000000000000
9.114846923684377 0.000000000000000
9.137315714756019 0.000000000000000
9.159765646495286 0.000000000000000
9.182196798263798 0.000000000000000
9.204609248822898 0.000000000000000
