0.309356200628402 0.691760513889490
0.411674009123734 -0.179372849301877
0.495337581665027 -0.306711395070813
0.569079481725093 -0.349849608835719
0.636376519801168 -0.368443602926698
0.699096658357733 -0.376619441926857
0.758392913235857 -0.379421841529563
0.815035313491586 -0.379133023056320
0.869564463662642 -0.376962720631653
0.922373107277539 -0.373626744775964
0.973753760165567 -0.369581602439172
1.023928498152484 -0.365132868692724
1.073068554480260 -0.360490956222685
1.121307716246493 -0.355802610446330
1.168751753901736 -0.351170165342606
1.215485210409892 -0.346664109739339
1.261576376827683 -0.342331715155232
1.307080990545368 -0.338203184843256
1.352045015655640 -0.334296151308612
1.396506753034227 -0.330619022105769
1.440498454483450 -0.327173494358062
1.484047565974012 -0.323956454362811
1.527177691001319 -0.320961414743389
1.569909341130846 -0.318179600115736
1.612260523675963 -0.315600763900667
1.654247204015167 -0.313213798915265
1.695883670927386 -0.311007189611766
1.737182826553900 -0.308969342848655
1.778156417531767 -0.307088825720300
1.818815220032202 -0.305354532488037
1.859169188545066 -0.303755797740264
1.899227576050105 -0.302282468967977
1.938999031526456 -0.300924948807259
1.978491679455569 -0.299674214793334
2.017713184968361 -0.298521822708030
2.056670807511160 -0.297459898130680
2.095371445299155 -0.296481119740439
2.133821672353519 -0.295578697051726
2.172027769549090 -0.294746344587257
2.209995750808010 -0.293978254012772
2.247731385345779 -0.293269065346015
2.285240216696228 -0.292613838035854
2.322527579097244 -0.292008022518220
2.359598611705959 -0.291447432643048
2.396458271022103 -0.290928219232645
2.433111341824783 -0.290446844966072
2.469562446870727 -0.290000060675922
2.505816055555840 -0.289584883095259
2.541876491704542 -0.289198574060237
2.577747940620746 -0.288838621153741
2.613434455511395 -0.288502719717877
2.648939963372495 -0.288188756204595
2.684268270413000 -0.287894792769266
2.719423067077616 -0.287619053064574
2.754407932720738 -0.287359909125368
2.789226339973717 -0.287115869301644
2.823881658841023 -0.286885567158290
2.858377160556963 -0.286667751234466
2.892716021225473 -0.286461275687698
2.926901325267330 -0.286265091640045
2.960936068691523 -0.286078239259508
2.994823162206572 -0.285899840485039
3.028565434185222 -0.285729092347289
3.062165633495244 -0.285565260812236
3.095626432204505 -0.285407675168877
3.128950428170770 -0.285255722842888
3.162140147523563 -0.285108844642727
3.195198047044296 -0.284966530408486
3.228126516452051 -0.284828314989114
3.260927880599147 -0.284693774575184
3.293604401582811 -0.284562523301056
3.326158280775826 -0.284434210156128
3.358591660782146 -0.284308516105867
3.390906627319128 -0.284185151489465
3.423105211031520 -0.284063853591200
3.455189389239594 -0.283944384423386
3.487161087624214 -0.283826528691149
3.519022181851987 -0.283710091911599
3.550774499142856 -0.283594898687408
3.582419819782736 -0.283480791114426
3.613959878582786 -0.283367627330639
3.645396366288241 -0.283255280164108
3.676730930938858 -0.283143635886170
3.707965179181547 -0.283032593094891
3.739100677538846 -0.282922061645501
3.770138953633944 -0.282811961688202
3.801081497373327 -0.282702222795700
3.831929762090292 -0.282592783122059
3.862685165649107 -0.282483588666561
3.893349091512365 -0.282374592571330
3.923922889772154 -0.282265754491300
3.954407878146929 -0.282157040001866
3.984805342945443 -0.282048420050044
4.015116539997480 -0.281939870484322
4.045342695555151 -0.281831371561598
4.075485007163277 -0.281722907552783
4.105544644501297 -0.281614466349202
4.135522750197818 -0.281506039098014
4.165420440618009 -0.281397619885288
4.195238806624952 -0.281289205441199
4.224978914317115 -0.281180794840024
4.254641805740803 -0.281072389271210
4.284228499579712 -0.280963991800077
4.313739991822374 -0.280855607148681
4.343177256407794 -0.280747241506087
4.372541245850303 -0.280638902348160
4.401832891844346 -0.280530598272576
4.431053105849854 -0.280422338849628
4.460202779658514 -0.280314134493766
4.489282785942766 -0.280205996318829
4.518293978786636 -0.280097936040802
4.547237194199889 -0.279989965869540
4.576113250615789 -0.279882098416996
4.604922949373513 -0.279774346601247
4.633667075184999 -0.279666723578305
4.662346396587195 -0.279559242669261
4.690961666380180 -0.279451917295572
4.719513622051724 -0.279344760917738
4.748002986188122 -0.279237786996331
4.776430466873030 -0.279131008925140
4.804796758073343 -0.279024440005285
4.833102540013251 -0.278918093404926
4.861348479536722 -0.278811982126986
4.889535230459551 -0.278706118962087
4.917663433909230 -0.278600516498262
4.945733718655895 -0.278495187060408
4.973746701432231 -0.278390142715539
5.001702987243720 -0.278285395253773
5.029603169670248 -0.278180956154368
5.057447831157938 -0.278076836590540
5.085237543301919 -0.277973047426338
5.112972867121607 -0.277869599182268
5.140654353327031 -0.277766502046907
5.168282542577079 -0.277663765875966
5.195857965730723 -0.277561400170406
5.223381144090234 -0.277459414089384
5.250852589637279 -0.277357816446839
5.278272805262615 -0.277256615696487
5.305642284988197 -0.277155819955207
5.332961514183579 -0.277055436983312
5.360230969775054 -0.276955474212115
5.387451120450006 -0.276855938712118
5.414622426854081 -0.276756837231014
5.441745341783518 -0.276658176174361
5.468820310371417 -0.276559961624449
5.495847770269089 -0.276462199334213
5.522828151822070 -0.276364894736462
5.549761878240393 -0.276268052969406
5.576649365765936 -0.276171678830822
5.603491023832564 -0.276075776851908
5.630287255223828 -0.275980351246637
5.657038456224968 -0.275885405953521
5.683745016771176 -0.275790944627998
5.710407320591748 -0.275696970648729
5.737025745350215 -0.275603487125058
5.763600662780053 -0.275510496918700
5.790132438817587 -0.275418002625049
5.816621433730590 -0.275326006598214
5.843068002243409 -0.275234510956682
5.869472493658937 -0.275143517583341
5.895835251976986 -0.275053028139876
5.922156616009750 -0.274963044066090
5.948436919493969 -0.274873566591459
5.974676491199761 -0.274784596751065
6.000875655037651 -0.274696135361115
6.027034730161009 -0.274608183074458
6.053154031067605 -0.274520740335368
6.079233867697204 -0.274433807421726
6.105274545526655 -0.274347384449844
6.131276365663670 -0.274261471346693
6.157239624936540 -0.274176067902033
6.183164615982692 -0.274091173740842
6.209051627334422 -0.274006788344028
6.234900943502149 -0.273922911062009
6.260712845057052 -0.273839541076470
6.286487608708752 -0.273756677487296
6.312225507384124 -0.273674319228493
6.337926810302169 -0.273592465129066
6.363591783047171 -0.273511113913295
6.389220687641120 -0.273430264173174
6.414813782612612 -0.273349914422831
6.440371323065603 -0.273270063057536
6.465893560745685 -0.273190708380554
6.491380744104920 -0.273111848601737
6.516833118364260 -0.273033481865573
6.542250925576605 -0.272955606192056
6.567634404685157 -0.272878219572941
6.592983791583338 -0.272801319888664
6.618299319171896 -0.272724904951730
6.643581217413860 -0.272648972533351
6.668829713389597 -0.272573520324606
6.694045031350497 -0.272498545942351
6.719227392769804 -0.272424046978431
6.744377016394168 -0.272350020946264
6.769494118292595 -0.272276465324612
6.794578911905046 -0.272203377537536
6.819631608089672 -0.272130754963513
6.844652415168534 -0.272058594950713
6.869641538973061 -0.271986894796153
6.894599182887593 -0.271915651773769
6.919525547892792 -0.271844863111479
6.944420832607401 -0.271774526012988
6.969285233328664 -0.271704637671544
6.994118944073919 -0.271635195210401
7.018922156618328 -0.271566195771956
7.043695060533598 -0.271497636464713
7.068437843225777 -0.271429514367542
7.093150689971671 -0.271361826547425
7.117833783954513 -0.271294570059700
7.142487306298912 -0.271227741947548
7.167111436105322 -0.271161339235621
7.191706350483565 -0.271095358936837
7.216272224585287 -0.271029798064763
7.240809231636113 -0.270964653622589
7.265317542967337 -0.270899922597914
7.289797328046160 -0.270835601987421
7.314248754505452 -0.270771688792799
7.338671988174568 -0.270708179971691
7.363067193106176 -0.270645072539239
7.387434531605776 -0.270582363470833
7.411774164258716 -0.270520049760446
7.436086249957557 -0.270458128394081
7.460370945927638 -0.270396596387710
7.484628407754232 -0.270335450724433
7.508858789406831 -0.270274688425458
7.533062243264568 -0.270214306501177
7.557238920140049 -0.270154301984774
7.581388969303746 -0.270094671901081
7.605512538507126 -0.270035413291017
7.629609774005086 -0.269976523219218
7.653680820578844 -0.269917998746758
7.677725821558210 -0.269859836937581
7.701744918842553 -0.269802034884799
7.725738252921190 -0.269744589716543
7.749705962896613 -0.269687498497220
7.773648186501832 -0.269630758394882
7.797565060121715 -0.269574366548169
7.821456718812851 -0.269518320099622
7.845323296321726 -0.269462616236450
7.869164925104263 -0.269407252137997
7.892981736343541 -0.269352225020750
7.916773859968147 -0.269297532108845
7.940541424670737 -0.269243170616896
7.964284557923349 -0.269189137840712
7.988003385996441 -0.269135431032276
8.011698033975112 -0.269082047477313
8.035368625774895 -0.269028984498839
8.059015284158157 -0.268976239429898
8.082638130750411 -0.268923809606363
8.106237286055453 -0.268871692395367
8.129812869470154 -0.268819885197161
8.153364999300431 -0.268768385399810
8.176893792775390 -0.268717190427870
8.200399366061438 -0.268666297735545
8.223881834276966 -0.268615704780410
8.247341311506167 -0.268565409043199
8.270777910812667 -0.268515408025497
8.294191744252764 -0.268465699254809
8.317582922889061 -0.268416280264848
8.340951556802949 -0.268367148624049
8.364297755107348 -0.268318301921208
8.387621625960183 -0.268269737734597
8.410923276575170 -0.268221453710144
8.434202813235075 -0.268173447477175
8.457460341302735 -0.268125716711920
8.480695965234128 -0.268078259066653
8.503909788587709 -0.268031072281735
8.527101914037789 -0.267984154050973
8.550272443384497 -0.267937502124117
8.573421477564715 -0.267891114270066
8.596549116663265 -0.267844988262652
8.619655459923095 -0.267799121907741
8.642740605755510 -0.267753513034804
8.665804651751374 -0.267708159461554
8.688847694689899 -0.267663059065067
8.711869830548691 -0.267618209736348
8.734871154514423 -0.267573609354894
8.757851760991485 -0.267529255848964
8.780811743611682 -0.267485147156089
8.803751195243244 -0.267441281241102
8.826670208000655 -0.267397656064005
8.849568873252393 -0.267354269643394
8.872447281631189 -0.267311119969844
8.895305523041296 -0.267268205098077
8.918143686668023 -0.267225523069717
8.940961860985961 -0.267183071950161
8.963760133766574 -0.267140849845541
8.986538592087117 -0.267098854855181
9.009297322338828 -0.267057085091202
9.032036410233728 -0.267015538719089
9.054755940813321 -0.266974213892093
9.077455998456090 -0.266933108786699
9.100136666884886 -0.266892221601870
9.122798029174261 -0.266851550556840
9.145440167758313 -0.266811093871231
9.168063164436949 -0.266770849812271
9.190667100384147 -0.266730816626521
9.213252056153513 -0.266690992623922
9.235818111686738 -0.266651376080023
9.258365346319451 -0.266611965317802
