0.342240841560820 -1.208614341741592
0.498888342093994 -0.528233745746330
0.639277267498682 -0.413470991237516
0.770964419849443 -0.358360934114707
0.896403619248493 -0.327744092004914
1.016773846886483 -0.309620593540942
1.132841800728327 -0.298318110990204
1.245188409798096 -0.290895392893622
1.354281341100585 -0.285756571083747
1.460505977136126 -0.282006618003959
1.564183296198127 -0.279129576504130
1.665582449692366 -0.276820852869593
1.764930444142262 -0.274896739587266
1.862419845758210 -0.273244145476448
1.958214977768672 -0.271791958883692
2.052456921865588 -0.270494391687497
2.145267560036328 -0.269321126343312
2.236752845139319 -0.268251408292658
2.327005452138295 -0.267270466630471
2.416106932420072 -0.266367328079051
2.504129469497669 -0.265533473815275
2.591137314762942 -0.264762010213771
2.677187966088226 -0.264047154617374
2.762333139352086 -0.263383914753895
2.846619572805777 -0.262767887279428
2.930089696117971 -0.262195129499012
3.012782189518954 -0.261662075926437
3.094732453380365 -0.261165482181514
3.175973004527666 -0.260702385528251
3.256533812383926 -0.260270075478645
3.336442585496402 -0.259866070541530
3.415725016974329 -0.259488098756889
3.494404995752100 -0.259134080648539
3.572504789302669 -0.258802113815577
3.650045202392984 -0.258490458736354
3.727045715644219 -0.258197525555907
3.803524606993215 -0.257921861728080
3.879499058609214 -0.257662140484810
3.954985251386777 -0.257417150066490
4.029998448777744 -0.257185783721545
4.104553071438145 -0.256967030430031
4.178662763925693 -0.256759966360799
4.252340454492600 -0.256563746997676
4.325598408855505 -0.256377599927865
4.398448278692488 -0.256200818248252
4.470901145506715 -0.256032754553803
4.542967560404591 -0.255872815466651
4.614657580259864 -0.255720456662108
4.685980800668638 -0.255575178372287
4.756946386050409 -0.255436521281863
4.827563097196371 -0.255304062861369
4.897839316536992 -0.255177414000005
4.967783071358620 -0.255056215999757
5.037402055175897 -0.254940137841967
5.106703647440374 -0.254828873719147
5.175694931744331 -0.254722140809659
5.244382712661182 -0.254619677265618
5.312773531348358 -0.254521240389318
5.380873680024298 -0.254426604984294
5.448689215417871 -0.254335561878719
5.516225971281526 -0.254247916566559
5.583489570047202 -0.254163487986106
5.650485433696061 -0.254082107422245
5.717218793908058 -0.254003617496856
5.783694701549387 -0.253927871255985
5.849918035550242 -0.253854731344399
5.915893511220732 -0.253784069254681
5.981625688049340 -0.253715764632783
6.047118977021331 -0.253649704667149
6.112377647495577 -0.253585783503342
6.177405833669900 -0.253523901738153
6.242207540666436 -0.253463965939707
6.306786650265099 -0.253405888198604
6.371146926306554 -0.253349585757764
6.435292019791962 -0.253294980624191
6.499225473697738 -0.253241999243893
6.562950727525776 -0.253190572190025
6.626471121605632 -0.253140633891530
6.689789901167575 -0.253092122353835
6.752910220197963 -0.253044978943449
6.815835145095225 -0.252999148139209
6.878567658134528 -0.252954577357712
6.941110660757484 -0.252911216741429
7.003466976694469 -0.252869019001888
7.065639354932529 -0.252827939242786
7.127630472535936 -0.252787934824265
7.189442937329441 -0.252748965222631
7.251079290452736 -0.252710991896090
7.312542008793545 -0.252673978161842
7.373833507304588 -0.252637889103799
7.434956141213605 -0.252602691456492
7.495912208132075 -0.252568353502150
7.556703950066381 -0.252534844998754
7.617333555339076 -0.252502137085867
7.677803160424303 -0.252470202207657
7.738114851701839 -0.252439014043617
7.798270667134319 -0.252408547442065
7.858272597872468 -0.252378778348550
7.918122589791176 -0.252349683751398
7.977822544959587 -0.252321241635935
8.037374323051072 -0.252293430911372
8.096779742692709 -0.252266231385383
8.156040582761014 -0.252239623694127
8.215158583622998 -0.252213589282689
8.274135448328350 -0.252188110347426
8.332972843753023 -0.252163169809121
8.391672401698123 -0.252138751268365
8.450235719945331 -0.252114838975541
8.508664363270755 -0.252091417804955
8.566959864420223 -0.252068473217326
8.625123725047491 -0.252045991228752
8.683157416616222 -0.252023958392995
8.741062381267451 -0.252002361783971
8.798840032657415 -0.251981188937110
8.856491756761285 -0.251960427868596
8.914018912648460 -0.251940067040943
8.971422833231886 -0.251920095314195
9.028704825986756 -0.251900501975701
9.085866173646140 -0.251881276687384
9.142908134871277 -0.251862409478547
9.199831944898328 -0.251843890729682
9.256638816161958 -0.251825711165932
9.313329938898848 -0.251807861822945
9.369906481729148 -0.251790334051652
9.426369592218670 -0.251773119498573
9.482720397422316 -0.251756210090421
9.538960004409301 -0.251739598023267
9.595089500770369 -0.251723275758546
9.651109955108874 -0.251707236004849
9.707022417516024 -0.251691471704906
9.762827920029752 -0.251675976038927
9.818527477079762 -0.251660742402468
9.874122085918096 -0.251645764401213
9.929612727035050 -0.251631035856324
9.985000364564725 -0.251616550758952
10.040285946673878 -0.251602303318276
10.095470405942860 -0.251588287896811
10.150554659731343 -0.251574499051733
10.205539610535503 -0.251560931491642
10.260426146331977 -0.251547580103366
10.315215140914644 -0.251534439901596
10.369907454217438 -0.251521506077411
10.424503932630582 -0.251508773950441
10.479005409305788 -0.251496238987376
10.533412704454845 -0.251483896764694
10.587726625634861 -0.251471743028571
10.641947968031234 -0.251459773606587
10.696077514727097 -0.251447984479156
10.750116036969818 -0.251436371708756
10.804064294424878 -0.251424931507060
10.857923035427664 -0.251413660159777
10.911692997224492 -0.251402554075488
10.965374906209105 -0.251391609751649
11.018969478150948 -0.251380823794783
11.072477418419243 -0.251370192888345
11.125899422198906 -0.251359713818397
11.179236174701538 -0.251349383457736
11.232488351371254 -0.251339198755520
11.285656618084344 -0.251329156744044
11.338741631343291 -0.251319254540837
11.391744038466046 -0.251309489340687
11.444664477771642 -0.251299858394286
11.497503578758138 -0.251290359046787
11.550261962278888 -0.251280988693034
11.602940240711639 -0.251271744813228
11.655539018125502 -0.251262624939009
11.708058890443009 -0.251253626661233
11.760500445596804 -0.251244747645993
11.812864263684041 -0.251235985609083
11.865150917116384 -0.251227338321780
11.917360970765740 -0.251218803617025
11.969494982107328 -0.251210379374054
12.021553501358547 -0.251202063526729
12.073537071613849 -0.251193854070783
12.125446228978809 -0.251185749025934
12.177281502697765 -0.251177746481709
12.229043415280547 -0.251169844563744
12.280732482625226 -0.251162041446813
12.332349214138663 -0.251154335342906
12.383894112853634 -0.251146724508569
12.435367675543317 -0.251139207241793
12.486770392832909 -0.251131781883901
12.538102749309402 -0.251124446807241
12.589365223627555 -0.251117200432640
12.640558288615784 -0.251110041193863
12.691682411375185 -0.251102967602277
12.742738053382611 -0.251095978152035
12.793725670585602 -0.251089071406237
12.844645713497522 -0.251082245960347
12.895498627292632 -0.251075500410944
12.946284851894225 -0.251068833426933
12.997004822065968 -0.251062243671119
13.047658967497801 -0.251055729851385
13.098247712890229 -0.251049290715092
13.148771478039375 -0.251042925009819
13.199230677917109 -0.251036631528673
13.249625722750483 -0.251030409094119
13.299957018100635 -0.251024256539349
13.350224964938519 -0.251018172730337
13.400429959719373 -0.251012156559791
13.450572394456472 -0.251006206933498
13.500652656791379 -0.251000322799353
13.550671130065554 -0.250994503103642
13.600628193388347 -0.250988746823111
13.650524221702842 -0.250983052975011
13.700359585854248 -0.250977420557877
13.750134652651250 -0.250971848636166
13.799849784931833 -0.250966336252837
13.849505341623759 -0.250960882489946
13.899101677804701 -0.250955486454616
13.948639144762705 -0.250950147254975
13.998118090053735 -0.250944864026100
14.047538857558633 -0.250939635920558
14.096901787538972 -0.250934462107917
14.146207216692046 -0.250929341770303
14.195455478204568 -0.250924274105620
14.244646901804797 -0.250919258334810
14.293781813814741 -0.250914293684817
14.342860537200771 -0.250909379397072
14.391883391621956 -0.250904514747060
14.440850693480554 -0.250899698996498
14.489762755968483 -0.250894931440219
14.538619889114887 -0.250890211374903
14.587422399831716 -0.250885538116009
14.636170591958315 -0.250880910998914
14.684864766306623 -0.250876329356617
14.733505220703938 -0.250871792543780
14.782092250035102 -0.250867299933236
14.830626146285852 -0.250862850885327
14.879107198581927 -0.250858444801267
14.927535693230270 -0.250854081078926
14.975911913758816 -0.250849759122951
15.024236140954411 -0.250845478362392
15.072508652901982 -0.250841238219921
15.120729725021059 -0.250837038142191
15.168899630102903 -0.250832877579818
15.217018638346250 -0.250828755998100
15.265087017393594 -0.250824672858625
15.313105032364245 -0.250820627659547
15.361072945891303 -0.250816619864324
15.408991018151928 -0.250812648997313
15.456859506903211 -0.250808714546277
15.504678667512207 -0.250804816044930
15.552448752989799 -0.250800953003589
15.600170014021003 -0.250797124956341
15.647842698994941 -0.250793331457482
15.695467054037328 -0.250789572033597
15.743043323037938 -0.250785846254078
15.790571747680550 -0.250782153684205
15.838052567471783 -0.250778493894249
15.885486019769660 -0.250774866456367
15.932872339810865 -0.250771270957335
15.980211760737491 -0.250767706999047
16.027504513625598 -0.250764174162595
16.074750827509089 -0.250760672075264
16.121950929408214 -0.250757200329854
16.169105044352623 -0.250753758564521
16.216213395409191 -0.250750346380038
16.263276203704102 -0.250746963424286
16.310293688447679 -0.250743609342225
16.357266066960385 -0.250740283750592
16.404193554692970 -0.250736986325271
16.451076365252280 -0.250733716704500
16.497914710423270 -0.250730474543391
16.544708800190012 -0.250727259524098
16.591458842759010 -0.250724071313606
16.638165044581488 -0.250720909573565
16.684827610372903 -0.250717773999613
16.731446743135326 -0.250714664270243
16.778022644177227 -0.250711580082245
16.824555513134602 -0.250708521124458
16.871045547990153 -0.250705487103818
16.917492945093585 -0.250702477722051
16.963897899180587 -0.250699492691889
17.010260603392862 -0.250696531715442
17.056581249295125 -0.250693594528108
17.102860026894746 -0.250690680851349
17.149097124661175 -0.250687790391059
17.195292729540679 -0.250684922909457
17.241447026977735 -0.250682078112268
17.287560200929271 -0.250679255760848
17.333632433883775 -0.250676455588063
17.379663906877571 -0.250673677340873
17.425654799511118 -0.250670920775175
17.471605289966000 -0.250668185640805
17.517515555021042 -0.250665471691364
17.563385770067033 -0.250662778703656
17.609216109124098 -0.250660106429646
17.655006744856397 -0.250657454636898
17.700757848586932 -0.250654823103210
17.746469590312504 -0.250652211609686
17.792142138719289 -0.250649619927775
17.837775661197387 -0.250647047832091
17.883370323853971 -0.250644495119914
17.928926291528708 -0.250641961570632
17.974443727806815 -0.250639446980983
18.019922795033725 -0.250636951135260
18.065363654326557 -0.250634473855062
18.110766465590849 -0.250632014908518
18.156131387530838 -0.250629574114509
18.201458577662954 -0.250627151285645
18.246748192330649 -0.250624746203690
18.292000386713575 -0.250622358710012
18.337215314843004 -0.250619988598547
18.382393129612353 -0.250617635695293
18.427533982790397 -0.250615299809592
18.472638025032200 -0.250612980769732
18.517705405891462 -0.250610678396993
18.562736273831575 -0.250608392523780
18.607730776238508 -0.250606122960414
18.652689059429996 -0.250603869555124
18.697611268668087 -0.250601632133903
18.742497548169958 -0.250599410528381
18.787348041117678 -0.250597204589380
18.832162889670784 -0.250595014138921
18.876942234975147 -0.250592839028599
18.921686217173637 -0.250590679107681
18.966394975417540 -0.250588534208286
19.011068647875405 -0.250586404185492
19.055707371743537 -0.250584288888220
19.100311283254971 -0.250582188181844
19.144880517692293 -0.250580101881586
19.189415209391690 -0.250578029897999
19.233915491758648 -0.250575972038566
19.278381497272672 -0.250573928190441
19.322813357498145 -0.250571898214965
19.367211203093966 -0.250569881966414
19.411575163822238 -0.250567879305558
19.455905368555975 -0.250565890114824
19.500201945289877 -0.250563914243798
19.544465021146653 -0.250561951583348
19.588694722387839 -0.250560001986928
19.632891174420369 -0.250558065341152
19.677054501806758 -0.250556141502479
19.721184828270552 -0.250554230375891
19.765282276707509 -0.250552331815403
19.809346969191949 -0.250550445704941
19.853379026984328 -0.250548571935350
19.897378570540521 -0.250546710373633
19.941345719517241 -0.250544860927580
19.985280592782026 -0.250543023465551
20.029183308420233 -0.250541197866115
20.073053983740945 -0.250539384035436
20.116892735285468 -0.250537581860926
20.160699678835400 -0.250535791217028
20.204474929417199 -0.250534012023840
20.248218601312441 -0.250532244148149
20.291930808062428 -0.250530487498303
20.335611662475422 -0.250528741978281
20.379261276635656 -0.250527007455587
20.422879761906142 -0.250525283865907
20.466467228938683 -0.250523571088522
20.510023787678694 -0.250521869033757
20.553549547373763 -0.250520177577411
20.597044616576014 -0.250518496666118
20.640509103152496 -0.250516826177680
20.683943114290322 -0.250515166010312
20.727346756500967 -0.250513516095787
20.770720135628775 -0.250511876325549
20.814063356855456 -0.250510246618875
20.857376524707409 -0.250508626872234
20.900659743060469 -0.250507017003329
20.943913115145406 -0.250505416936483
20.987136743556221 -0.250503826552938
21.030330730251418 -0.250502245811773
21.073495176564673 -0.250500674585070
21.116630183206308 -0.250499112817465
21.159735850271261 -0.250497560410835
21.202812277242874 -0.250496017297199
21.245859562999541 -0.250494483386936
21.288877805820267 -0.250492958586941
21.331867103387868 -0.250491442840687
21.374827552795672 -0.250489936066506
21.417759250552962 -0.250488438177532
21.460662292589333 -0.250486949100555
21.503536774259821 -0.250485468761304
21.546382790350012 -0.250483997083453
21.589200435081050 -0.250482533989336
21.631989802113360 -0.250481079422636
21.674750984553594 -0.250479633289127
21.717484074957071 -0.250478195536410
21.760189165334843 -0.250476766070528
21.802866347156005 -0.250475344839543
21.845515711352554 -0.250473931786992
21.888137348326268 -0.250472526816337
21.930731347951635 -0.250471129858608
21.973297799578447 -0.250469740878352
22.015836792039646 -0.250468359779527
22.058348413652578 -0.250466986521306
22.100832752226168 -0.250465621012515
22.143289895062548 -0.250464263209056
22.185719928962744 -0.250462913040761
22.228122940230580 -0.250461570442834
22.270499014676556 -0.250460235355135
22.312848237621736 -0.250458907721039
22.355170693903066 -0.250457587461703
22.397466467874395 -0.250456274551129
22.439735643414021 -0.250454968900178
22.481978303926617 -0.250453670454811
22.524194532346723 -0.250452379168149
22.566384411143446 -0.250451094977929
22.608548022324275 -0.250449817821898
22.650685447438434 -0.250448547644744
22.692796767579861 -0.250447284404680
22.734882063393208 -0.250446028018399
22.776941415074074 -0.250444778463472
22.818974902375892 -0.250443535659009
22.860982604610761 -0.250442299572726
22.902964600654752 -0.250441070141041
22.944920968951134 -0.250439847304607
22.986851787512350 -0.250438631031225
23.028757133925943 -0.250437421243160
23.070637085354782 -0.250436217919972
23.112491718543204 -0.250435020990698
23.154321109818845 -0.250433830411298
23.196125335096603 -0.250432646125398
23.237904469880725 -0.250431468097685
23.279658589268621 -0.250430296281859
23.321387767955109 -0.250429130612783
23.363092080234317 -0.250427971047615
23.404771600002924 -0.250426817541382
23.446426400761904 -0.250425670073475
23.488056555623231 -0.250424528557182
23.529662137309948 -0.250423392959595
23.571243218158806 -0.250422263253882
23.612799870124793 -0.250421139384904
23.654332164783941 -0.250420021300449
23.695840173336041 -0.250418908951033
23.737323966605121 -0.250417802331094
23.778783615047107 -0.250416701347821
23.820219188747512 -0.250415606001381
23.861630757427893 -0.250414516225453
23.903018390446782 -0.250413431987111
23.944382156803769 -0.250412353229038
23.985722125139048 -0.250411279951328
24.027038363741358 -0.250410212058729
24.068330940544964 -0.250409149559054
24.109599923136383 -0.250408092385639
24.150845378755282 -0.250407040503262
24.192067374296577 -0.250405993885061
24.233265976314296 -0.250404952480872
24.274441251023433 -0.250403916252505
24.315593264302365 -0.250402885163665
24.356722081694397 -0.250401859195110
24.397827768413038 -0.250400838276224
24.438910389340677 -0.250399822405151
24.479970009034666 -0.250398811512971
24.521006691727383 -0.250397805573107
24.562020501327641 -0.250396804576932
24.603011501425961 -0.250395808461975
24.643979755294989 -0.250394817200681
24.684925325892682 -0.250393830749451
24.725848275863207 -0.250392849089842
24.766748667540917 -0.250391872172107
24.807626562950894 -0.250390899977388
24.848482023812331 -0.250389932465504
24.889315111540519 -0.250388969600250
24.930125887248462 -0.250388011355451
24.970914411749451 -0.250387057697640
25.011680745559424 -0.250386108588714
25.052424948898459 -0.250385164002560
25.093147081693363 -0.250384223903441
25.133847203579617 -0.250383288258595
25.174525373902345 -0.250382357054991
25.215181651720776 -0.250381430234954
25.255816095807774 -0.250380507786912
25.296428764653097 -0.250379589675802
25.337019716465573 -0.250378675863351
25.377589009173974 -0.250377766331176
25.418136700429500 -0.250376861051203
25.458662847608235 -0.250375959985496
25.499167507812309 -0.250375063110030
25.539650737871746 -0.250374170401743
25.580112594347874 -0.250373281809029
25.620553133531953 -0.250372397340454
25.660972411450810 -0.250371516934090
25.701370483865880 -0.250370640579807
25.741747406275859 -0.250369768251970
25.782103233919031 -0.250368899914883
25.822438021773571 -0.250368035560524
25.862751824562388 -0.250367175123393
25.903044696750289 -0.250366318623504
25.943316692550290 -0.250365465995468
25.983567865921820 -0.250364617239521
26.023798270574211 -0.250363772322424
26.064007959967672 -0.250362931224579
26.104196987317064 -0.250362093886614
26.144365405589010 -0.250361260334668
26.184513267507683 -0.250360430517078
26.224640625554638 -0.250359604416022
26.264747531972191 -0.250358781980456
26.304834038761598 -0.250357963223636
26.344900197686812 -0.250357148118138
26.384946060277052 -0.250356336617767
26.424971677826871 -0.250355528704538
26.464977101396890 -0.250354724375415
26.504962381817609 -0.250353923585112
26.544927569689413 -0.250353126316102
26.584872715384375 -0.250352332545923
26.624797869047235 -0.250351542261639
