0.100000000000000 1.346773687267053
0.499800000000000 0.684755585355782
0.899600000000000 0.554566854261888
1.299400000000000 0.491978811373466
1.699200000000000 0.453721998498966
2.099000000000000 0.427062229275128
2.498800000000000 0.406904853084073
2.898600000000000 0.390823777247060
3.298400000000000 0.377512857687999
3.698200000000000 0.366200135498509
4.098000000000000 0.356394821165477
4.497800000000000 0.347766307127513
4.897600000000000 0.340081356111640
5.297400000000000 0.333169185665093
5.697200000000000 0.326900906718776
6.097000000000000 0.321176804620087
6.496799999999999 0.315918132290603
6.896599999999999 0.311061618773936
7.296399999999999 0.306555677476471
7.696199999999999 0.302357715773797
8.096000000000000 0.298432180387855
8.495799999999999 0.294749107735313
8.895600000000000 0.291283029223767
9.295399999999999 0.288012131386301
9.695200000000000 0.284917602458133
10.094999999999999 0.281983117662781
10.494800000000000 0.279194429252389
10.894599999999999 0.276539036726356
11.294400000000000 0.274005919161741
11.694199999999999 0.271585316184747
12.093999999999999 0.269268547410611
12.493799999999998 0.267047862579552
12.893599999999999 0.264916316387536
13.293400000000000 0.262867663333090
13.693199999999999 0.260896268900087
14.093000000000000 0.258997034158304
14.492799999999999 0.257165331450390
14.892600000000000 0.255396949289796
15.292399999999999 0.253688044951035
15.692200000000000 0.252035103515554
16.091999999999999 0.250434902360039
16.491800000000001 0.248884480253104
16.891600000000000 0.247381110369988
17.291399999999999 0.245922276651549
17.691200000000002 0.244505653028370
18.091000000000001 0.243129085108202
18.490800000000000 0.241790573988509
18.890599999999999 0.240488261908282
19.290400000000002 0.239220419496737
19.690200000000001 0.237985434412481
20.090000000000000 0.236781801197133
20.489800000000002 0.235608112192231
20.889600000000002 0.234463049389983
21.289400000000001 0.233345377105913
21.689200000000000 0.232253935376865
22.089000000000002 0.231187634000651
22.488800000000001 0.230145447144549
22.888600000000000 0.229126408459285
23.288399999999999 0.228129606643151
23.688200000000002 0.227154181407802
24.088000000000001 0.226199319803133
24.487800000000000 0.225264252863937
24.887599999999999 0.224348252545332
25.287400000000002 0.223450628917803
25.687200000000001 0.222570727596159
26.087000000000000 0.221707927379514
26.486800000000002 0.220861638081997
26.886600000000001 0.220031298536101
27.286400000000000 0.219216374752600
27.686199999999999 0.218416358222556
28.086000000000002 0.217630764348628
28.485800000000001 0.216859130994036
28.885600000000000 0.216101017138866
29.285399999999999 0.215356001634436
29.685200000000002 0.214623682047167
30.085000000000001 0.213903673584576
30.484800000000000 0.213195608096420
30.884599999999999 0.212499133144861
31.284400000000002 0.211813911137999
31.684200000000001 0.211139618521773
32.083999999999996 0.210475945025494
32.483800000000002 0.209822592956958
32.883600000000001 0.209179276543156
33.283400000000000 0.208545721313252
33.683199999999999 0.207921663520523
34.082999999999998 0.207306849600462
34.482799999999997 0.206701035662299
34.882600000000004 0.206103987011560
35.282400000000003 0.205515477701424
35.682200000000002 0.204935290110855
36.082000000000001 0.204363214547547
36.481800000000000 0.203799048874058
36.881599999999999 0.203242598155505
37.281399999999998 0.202693674327316
37.681199999999997 0.202152095881741
38.081000000000003 0.201617687571868
38.480800000000002 0.201090280131958
38.880600000000001 0.200569710013074
39.280400000000000 0.200055819133015
39.680199999999999 0.199548454639623
40.079999999999998 0.199047468686616
40.479799999999997 0.198552718221213
40.879600000000003 0.198064064782745
41.279400000000003 0.197581374311667
41.679200000000002 0.197104516968248
42.079000000000001 0.196633366960440
42.478800000000000 0.196167802380317
42.878599999999999 0.195707705048629
43.278399999999998 0.195252960366957
43.678199999999997 0.194803457177053
44.078000000000003 0.194359087626939
44.477800000000002 0.193919747043412
44.877600000000001 0.193485333810547
45.277400000000000 0.193055749253876
45.677199999999999 0.192630897530002
46.076999999999998 0.192210685521221
46.476799999999997 0.191795022734966
46.876600000000003 0.191383821207850
47.276400000000002 0.190976995413922
47.676200000000001 0.190574462177064
48.076000000000001 0.190176140587222
48.475800000000000 0.189781951920305
48.875599999999999 0.189391819561539
49.275399999999998 0.189005668932142
49.675199999999997 0.188623427419097
50.075000000000003 0.188245024307912
50.474800000000002 0.187870390718186
50.874600000000001 0.187499459541879
51.274400000000000 0.187132165384097
51.674199999999999 0.186768444506328
52.073999999999998 0.186408234771979
52.473799999999997 0.186051475594101
52.873600000000003 0.185698107885216
53.273400000000002 0.185348074009132
53.673200000000001 0.185001317734643
54.073000000000000 0.184657784191088
54.472799999999999 0.184317419825562
54.872599999999998 0.183980172361850
55.272399999999998 0.183645990760874
55.672199999999997 0.183314825182685
56.072000000000003 0.182986626949850
56.471800000000002 0.182661348512260
56.871600000000001 0.182338943413188
57.271400000000000 0.182019366256641
57.671199999999999 0.181702572675890
58.070999999999998 0.181388519303178
58.470799999999997 0.181077163740446
58.870600000000003 0.180768464531213
59.270400000000002 0.180462381133367
59.670200000000001 0.180158873892995
60.070000000000000 0.179857904019059
60.469799999999999 0.179559433559027
60.869599999999998 0.179263425375302
61.269399999999997 0.178969843122490
61.669199999999996 0.178678651225425
62.069000000000003 0.178389814857968
62.468800000000002 0.178103299922504
62.868600000000001 0.177819073030122
63.268400000000000 0.177537101481486
63.668199999999999 0.177257353248315
64.067999999999998 0.176979796955474
64.467799999999997 0.176704401863660
64.867599999999996 0.176431137852667
65.267399999999995 0.176159975405151
65.667199999999994 0.175890885590963
66.066999999999993 0.175623840051942
66.466799999999992 0.175358810987222
66.866599999999991 0.175095771138999
67.266399999999990 0.174834693778719
67.666199999999989 0.174575552693724
68.065999999999988 0.174318322174307
68.465799999999987 0.174062977001156
68.865599999999986 0.173809492433193
69.265399999999985 0.173557844195782
69.665199999999999 0.173308008469277
70.064999999999998 0.173059961877953
70.464799999999997 0.172813681479232
70.864599999999996 0.172569144753241
71.264399999999995 0.172326329592689
71.664199999999994 0.172085214293031
72.063999999999993 0.171845777542929
72.463799999999992 0.171607998414978
72.863599999999991 0.171371856356712
73.263399999999990 0.171137331181864
73.663199999999989 0.170904403061876
74.062999999999988 0.170673052517665
74.462799999999987 0.170443260411577
74.862599999999986 0.170215007939647
75.262399999999985 0.169988276623993
75.662199999999999 0.169763048305462
76.061999999999998 0.169539305136502
76.461799999999997 0.169317029574169
76.861599999999996 0.169096204373393
77.261399999999995 0.168876812580380
77.661199999999994 0.168658837526207
78.060999999999993 0.168442262820607
78.460799999999992 0.168227072345899
78.860599999999991 0.168013250251082
79.260399999999990 0.167800780946105
79.660199999999989 0.167589649096268
80.059999999999988 0.167379839616780
80.459799999999987 0.167171337667462
80.859599999999986 0.166964128647574
81.259399999999985 0.166758198190801
81.659199999999998 0.166553532160349
82.058999999999997 0.166350116644157
82.458799999999997 0.166147937950276
82.858599999999996 0.165946982602304
83.258399999999995 0.165747237334994
83.658199999999994 0.165548689089937
84.057999999999993 0.165351325011358
84.457799999999992 0.165155132442033
84.857599999999991 0.164960098919292
85.257399999999990 0.164766212171127
85.657199999999989 0.164573460112390
86.056999999999988 0.164381830841094
86.456799999999987 0.164191312634802
86.856599999999986 0.164001893947090
87.256399999999985 0.163813563404114
87.656199999999998 0.163626309801255
88.055999999999997 0.163440122099822
88.455799999999996 0.163254989423877
88.855599999999995 0.163070901057091
89.255399999999995 0.162887846439710
89.655199999999994 0.162705815165564
90.054999999999993 0.162524796979161
90.454799999999992 0.162344781772848
90.854599999999991 0.162165759584038
91.254399999999990 0.161987720592488
91.654199999999989 0.161810655117669
92.053999999999988 0.161634553616159
92.453799999999987 0.161459406679123
92.853599999999986 0.161285205029841
93.253399999999985 0.161111939521287
93.653199999999998 0.160939601133778
94.052999999999997 0.160768180972654
94.452799999999996 0.160597670266026
94.852599999999995 0.160428060362565
95.252399999999994 0.160259342729355
95.652199999999993 0.160091508949760
96.051999999999992 0.159924550721394
96.451799999999992 0.159758459854061
96.851599999999991 0.159593228267816
97.251399999999990 0.159428847991003
97.651199999999989 0.159265311158386
98.050999999999988 0.159102610009291
98.450799999999987 0.158940736885784
98.850599999999986 0.158779684230924
99.250399999999985 0.158619444587004
99.650199999999998 0.158460010593863
100.049999999999997 0.158301374987224
100.449799999999996 0.158143530597071
100.849599999999995 0.157986470346049
101.249399999999994 0.157830187247900
101.649199999999993 0.157674674405953
102.048999999999992 0.157519925011603
102.448799999999991 0.157365932342870
102.848599999999990 0.157212689762939
103.248399999999990 0.157060190718783
103.648199999999989 0.156908428739757
104.047999999999988 0.156757397436257
104.447799999999987 0.156607090498415
104.847599999999986 0.156457501694774
105.247399999999985 0.156308624871040
105.647199999999998 0.156160453948834
106.046999999999997 0.156012982924458
106.446799999999996 0.155866205867711
106.846599999999995 0.155720116920721
107.246399999999994 0.155574710296783
107.646199999999993 0.155429980279242
108.045999999999992 0.155285921220380
108.445799999999991 0.155142527540344
108.845599999999990 0.154999793726068
109.245399999999989 0.154857714330247
109.645199999999988 0.154716283970302
110.044999999999987 0.154575497327392
110.444799999999987 0.154435349145411
110.844599999999986 0.154295834230037
111.244399999999985 0.154156947447792
111.644199999999998 0.154018683725090
112.043999999999997 0.153881038047354
112.443799999999996 0.153744005458098
112.843599999999995 0.153607581058064
113.243399999999994 0.153471760004358
113.643199999999993 0.153336537509601
114.042999999999992 0.153201908841104
114.442799999999991 0.153067869320054
114.842599999999990 0.152934414320705
115.242399999999989 0.152801539269610
115.642199999999988 0.152669239644839
116.041999999999987 0.152537510975224
116.441799999999986 0.152406348839613
116.841599999999985 0.152275748866151
117.241399999999985 0.152145706731559
117.641199999999998 0.152016218160423
118.040999999999997 0.151887278924515
118.440799999999996 0.151758884842105
118.840599999999995 0.151631031777303
119.240399999999994 0.151503715639385
119.640199999999993 0.151376932382183
120.039999999999992 0.151250678003423
120.439799999999991 0.151124948544110
120.839599999999990 0.150999740087940
121.239399999999989 0.150875048760663
121.639199999999988 0.150750870729526
122.038999999999987 0.150627202202676
122.438799999999986 0.150504039428599
122.838599999999985 0.150381378695558
123.238399999999984 0.150259216331042
123.638199999999998 0.150137548701223
124.037999999999997 0.150016372210440
124.437799999999996 0.149895683300653
124.837599999999995 0.149775478450948
125.237399999999994 0.149655754177027
125.637199999999993 0.149536507030702
126.036999999999992 0.149417733599425
126.436799999999991 0.149299430505795
126.836599999999990 0.149181594407085
127.236399999999989 0.149064221994787
127.636199999999988 0.148947309994151
128.036000000000001 0.148830855163732
128.435800000000000 0.148714854294947
128.835599999999999 0.148599304211664
129.235399999999998 0.148484201769729
129.635199999999998 0.148369543856596
130.034999999999997 0.148255327390877
130.434799999999996 0.148141549321946
130.834599999999995 0.148028206629546
131.234399999999994 0.147915296323390
131.634199999999993 0.147802815442765
132.033999999999992 0.147690761056166
132.433799999999991 0.147579130260905
132.833599999999990 0.147467920182754
133.233399999999989 0.147357127975570
133.633199999999988 0.147246750820954
134.032999999999987 0.147136785927873
134.432799999999986 0.147027230532337
134.832599999999985 0.146918081897048
135.232399999999984 0.146809337311061
135.632199999999983 0.146700994089460
136.031999999999982 0.146593049573021
136.431799999999981 0.146485501127904
136.831599999999980 0.146378346145337
137.231399999999979 0.146271582041289
137.631199999999978 0.146165206256179
138.030999999999977 0.146059216254576
138.430799999999977 0.145953609524883
138.830600000000004 0.145848383579070
139.230400000000003 0.145743535952367
139.630200000000002 0.145639064202983
140.030000000000001 0.145534965911845
140.429800000000000 0.145431238682289
140.829599999999999 0.145327880139819
141.229399999999998 0.145224887931824
141.629199999999997 0.145122259727329
142.028999999999996 0.145019993216709
142.428799999999995 0.144918086111464
142.828599999999994 0.144816536143954
143.228399999999993 0.144715341067141
143.628199999999993 0.144614498654364
144.027999999999992 0.144514006699083
144.427799999999991 0.144413863014651
144.827599999999990 0.144314065434078
145.227399999999989 0.144214611809792
145.627199999999988 0.144115500013433
146.026999999999987 0.144016727935597
146.426799999999986 0.143918293485651
146.826599999999985 0.143820194591486
147.226399999999984 0.143722429199323
147.626199999999983 0.143624995273487
148.025999999999982 0.143527890796208
148.425799999999981 0.143431113767420
148.825599999999980 0.143334662204539
149.225399999999979 0.143238534142282
149.625199999999978 0.143142727632464
150.024999999999977 0.143047240743805
150.424799999999976 0.142952071561736
150.824600000000004 0.142857218188213
151.224400000000003 0.142762678741533
151.624200000000002 0.142668451356138
152.024000000000001 0.142574534182455
152.423800000000000 0.142480925386699
152.823599999999999 0.142387623150710
153.223399999999998 0.142294625671771
153.623199999999997 0.142201931162432
154.022999999999996 0.142109537850362
154.422799999999995 0.142017443978167
154.822599999999994 0.141925647803218
155.222399999999993 0.141834147597509
155.622199999999992 0.141742941647481
156.021999999999991 0.141652028253876
156.421799999999990 0.141561405731570
156.821599999999989 0.141471072409430
157.221399999999988 0.141381026630157
157.621199999999988 0.141291266750136
158.020999999999987 0.141201791139290
158.420799999999986 0.141112598180940
158.820599999999985 0.141023686271645
159.220399999999984 0.140935053821081
159.620199999999983 0.140846699251891
160.019999999999982 0.140758620999542
160.419799999999981 0.140670817512199
160.819599999999980 0.140583287250586
161.219399999999979 0.140496028687853
161.619199999999978 0.140409040309443
162.018999999999977 0.140322320612973
162.418799999999976 0.140235868108089
162.818600000000004 0.140149681316360
163.218400000000003 0.140063758771136
163.618200000000002 0.139978099017437
164.018000000000001 0.139892700611830
164.417800000000000 0.139807562122303
164.817599999999999 0.139722682128158
165.217399999999998 0.139638059219881
165.617199999999997 0.139553691999039
166.016999999999996 0.139469579078160
166.416799999999995 0.139385719080625
166.816599999999994 0.139302110640552
167.216399999999993 0.139218752402687
167.616199999999992 0.139135643022304
168.015999999999991 0.139052781165093
168.415799999999990 0.138970165507054
168.815599999999989 0.138887794734384
169.215399999999988 0.138805667543399
169.615199999999987 0.138723782640412
170.014999999999986 0.138642138741633
170.414799999999985 0.138560734573082
170.814599999999984 0.138479568870483
171.214399999999983 0.138398640379174
171.614199999999983 0.138317947853995
172.013999999999982 0.138237490059223
172.413799999999981 0.138157265768445
172.813599999999980 0.138077273764495
173.213399999999979 0.137997512839346
173.613199999999978 0.137917981794033
174.012999999999977 0.137838679438542
174.412799999999976 0.137759604591758
174.812600000000003 0.137680756081341
175.212400000000002 0.137602132743666
175.612200000000001 0.137523733423733
176.012000000000000 0.137445556975073
176.411799999999999 0.137367602259680
176.811599999999999 0.137289868147924
177.211399999999998 0.137212353518466
177.611199999999997 0.137135057258182
178.010999999999996 0.137057978262091
178.410799999999995 0.136981115433262
178.810599999999994 0.136904467682759
179.210399999999993 0.136828033929545
179.610199999999992 0.136751813100412
180.009999999999991 0.136675804129915
180.409799999999990 0.136600005960291
180.809599999999989 0.136524417541395
181.209399999999988 0.136449037830616
181.609199999999987 0.136373865792817
182.008999999999986 0.136298900400260
182.408799999999985 0.136224140632537
182.808599999999984 0.136149585476507
183.208399999999983 0.136075233926220
183.608199999999982 0.136001084982857
184.007999999999981 0.135927137654664
184.407799999999980 0.135853390956882
184.807599999999979 0.135779843911686
185.207399999999978 0.135706495548124
185.607199999999978 0.135633344902042
186.006999999999977 0.135560391016041
186.406799999999976 0.135487632939398
186.806600000000003 0.135415069728013
187.206400000000002 0.135342700444352
187.606200000000001 0.135270524157378
188.006000000000000 0.135198539942499
188.405799999999999 0.135126746881509
188.805599999999998 0.135055144062529
189.205399999999997 0.134983730579950
189.605199999999996 0.134912505534383
190.004999999999995 0.134841468032588
190.404799999999994 0.134770617187439
190.804599999999994 0.134699952117852
191.204399999999993 0.134629471948741
191.604199999999992 0.134559175810964
192.003999999999991 0.134489062841261
192.403799999999990 0.134419132182225
192.803599999999989 0.134349382982218
193.203399999999988 0.134279814395349
193.603199999999987 0.134210425581405
194.002999999999986 0.134141215705810
194.402799999999985 0.134072183939571
194.802599999999984 0.134003329459243
195.202399999999983 0.133934651446852
195.602199999999982 0.133866149089876
196.001999999999981 0.133797821581181
196.401799999999980 0.133729668118990
196.801599999999979 0.133661687906814
197.201399999999978 0.133593880153421
197.601199999999977 0.133526244072794
198.000999999999976 0.133458778884081
198.400799999999975 0.133391483811542
198.800600000000003 0.133324358084521
199.200400000000002 0.133257400937395
199.600200000000001 0.133190611609529
200.000000000000000 0.133123989345236
