0.100000000000000 1.346773687403078
0.499800000000000 0.658871568026802
0.899600000000000 0.528571484069619
1.299400000000000 0.464810009779197
1.699200000000000 0.425649418163372
2.099000000000000 0.398467758818265
2.498800000000000 0.378101581648324
2.898600000000000 0.362038343892528
3.298400000000000 0.348899711120410
3.698200000000000 0.337859547863213
4.098000000000000 0.328388240008372
4.497800000000000 0.320128097804698
4.897600000000000 0.312827381565998
5.297400000000000 0.306302925996552
5.697200000000000 0.300417758275857
6.097000000000000 0.295067065808550
6.496799999999999 0.290169055784347
6.896599999999999 0.285658806301419
7.296399999999999 0.281484014867000
7.696199999999999 0.277601988406570
8.096000000000000 0.273977467778000
8.495799999999999 0.270581026513576
8.895600000000000 0.267387872920677
9.295399999999999 0.264376940751080
9.695200000000000 0.261530189732503
10.094999999999999 0.258832061002668
10.494800000000000 0.256269048433665
10.894599999999999 0.253829357737790
11.294400000000000 0.251502632824973
11.694199999999999 0.249279734228550
12.093999999999999 0.247152558239461
12.493799999999998 0.245113888158224
12.893599999999999 0.243157271102625
13.293400000000000 0.241276915311879
13.693199999999999 0.239467604012087
14.093000000000000 0.237724622757250
14.492799999999999 0.236043697806842
14.892600000000000 0.234420943598770
15.292399999999999 0.232852817761344
15.692200000000000 0.231336082408885
16.091999999999999 0.229867770701707
16.491800000000001 0.228445157838369
16.891600000000000 0.227065735796993
17.291399999999999 0.225727191261644
17.691200000000002 0.224427386266258
18.091000000000001 0.223164341166097
18.490800000000000 0.221936219610623
18.890599999999999 0.220741315243306
19.290400000000002 0.219578039896831
19.690200000000001 0.218444913087399
20.090000000000000 0.217340552641130
20.489800000000002 0.216263666310089
20.889600000000002 0.215213044255689
21.289400000000001 0.214187552294699
21.689200000000000 0.213186125817225
22.089000000000002 0.212207764298480
22.488800000000001 0.211251526336524
22.888600000000000 0.210316525156918
23.288399999999999 0.209401924532791
23.688200000000002 0.208506935075488
24.088000000000001 0.207630810856195
24.487800000000000 0.206772846324030
24.887599999999999 0.205932373490051
25.287400000000002 0.205108759350310
25.687200000000001 0.204301403524083
26.087000000000000 0.203509736086295
26.486800000000002 0.202733215575302
26.886600000000001 0.201971327159430
27.286400000000000 0.201223580947433
27.686199999999999 0.200489510429558
28.086000000000002 0.199768671037385
28.485800000000001 0.199060638811807
28.885600000000000 0.198365009169635
29.285399999999999 0.197681395760179
29.685200000000002 0.197009429404170
30.085000000000001 0.196348757107994
30.484800000000000 0.195699041146987
30.884599999999999 0.195059958212093
31.284400000000002 0.194431198614698
31.684200000000001 0.193812465545059
32.083999999999996 0.193203474379979
32.483800000000002 0.192603952035949
32.883600000000001 0.192013636364231
33.283400000000000 0.191432275584638
33.683199999999999 0.190859627755164
34.082999999999998 0.190295460274739
34.482799999999997 0.189739549416696
34.882600000000004 0.189191679890728
35.282400000000003 0.188651644431233
35.682200000000002 0.188119243410263
36.082000000000001 0.187594284473242
36.481800000000000 0.187076582195964
36.881599999999999 0.186565957761352
37.281399999999998 0.186062238654664
37.681199999999997 0.185565258375874
38.081000000000003 0.185074856168141
38.480800000000002 0.184590876761232
38.880600000000001 0.184113170129003
39.280400000000000 0.183641591259985
39.680199999999999 0.183175999940232
40.079999999999998 0.182716260547707
40.479799999999997 0.182262241857422
40.879600000000003 0.181813816856737
41.279400000000003 0.181370862570086
41.679200000000002 0.180933259892742
42.079000000000001 0.180500893432836
42.478800000000000 0.180073651361373
42.878599999999999 0.179651425269605
43.278399999999998 0.179234110033413
43.678199999999997 0.178821603684295
44.078000000000003 0.178413807286524
44.477800000000002 0.178010624820194
44.877600000000001 0.177611963069764
45.277400000000000 0.177217731517847
45.677199999999999 0.176827842243918
46.076999999999998 0.176442209827665
46.476799999999997 0.176060751256763
46.876600000000003 0.175683385838825
47.276400000000002 0.175310035117275
47.676200000000001 0.174940622790974
48.076000000000001 0.174575074637392
48.475800000000000 0.174213318439128
48.875599999999999 0.173855283913606
49.275399999999998 0.173500902645810
49.675199999999997 0.173150108023879
50.075000000000003 0.172802835177423
50.474800000000002 0.172459020918423
50.874600000000001 0.172118603684596
51.274400000000000 0.171781523485103
51.674199999999999 0.171447721848471
52.073999999999998 0.171117141772611
52.473799999999997 0.170789727676921
52.873600000000003 0.170465425356220
53.273400000000002 0.170144181936560
53.673200000000001 0.169825945832786
54.073000000000000 0.169510666707723
54.472799999999999 0.169198295432972
54.872599999999998 0.168888784051211
55.272399999999998 0.168582085739941
55.672199999999997 0.168278154776599
56.072000000000003 0.167976946505002
56.471800000000002 0.167678417303029
56.871600000000001 0.167382524551528
57.271400000000000 0.167089226604349
57.671199999999999 0.166798482759483
58.070999999999998 0.166510253231256
58.470799999999997 0.166224499123523
58.870600000000003 0.165941182403835
59.270400000000002 0.165660265878501
59.670200000000001 0.165381713168559
60.070000000000000 0.165105488686592
60.469799999999999 0.164831557614339
60.869599999999998 0.164559885881081
61.269399999999997 0.164290440142800
61.669199999999996 0.164023187762010
62.069000000000003 0.163758096788334
62.468800000000002 0.163495135939655
62.868600000000001 0.163234274583987
63.268400000000000 0.162975482721888
63.668199999999999 0.162718730969490
64.067999999999998 0.162463990542077
64.467799999999997 0.162211233238193
64.867599999999996 0.161960431424293
65.267399999999995 0.161711558019858
65.667199999999994 0.161464586483014
66.066999999999993 0.161219490796595
66.466799999999992 0.160976245454667
66.866599999999991 0.160734825449445
67.266399999999990 0.160495206258663
67.666199999999989 0.160257363833300
68.065999999999988 0.160021274585711
68.465799999999987 0.159786915378114
68.865599999999986 0.159554263511430
69.265399999999985 0.159323296714467
69.665199999999999 0.159093993133426
70.064999999999998 0.158866331321731
70.464799999999997 0.158640290230154
70.864599999999996 0.158415849197243
71.264399999999995 0.158192987940029
71.664199999999994 0.157971686545001
72.063999999999993 0.157751925459364
72.463799999999992 0.157533685482531
72.863599999999991 0.157316947757864
73.263399999999990 0.157101693764669
73.663199999999989 0.156887905310403
74.062999999999988 0.156675564523111
74.462799999999987 0.156464653844076
74.862599999999986 0.156255156020677
75.262399999999985 0.156047054099442
75.662199999999999 0.155840331419305
76.061999999999998 0.155634971605035
76.461799999999997 0.155430958560863
76.861599999999996 0.155228276464275
77.261399999999995 0.155026909759965
77.661199999999994 0.154826843153978
78.060999999999993 0.154628061607985
78.460799999999992 0.154430550333724
78.860599999999991 0.154234294787595
79.260399999999990 0.154039280665376
79.660199999999989 0.153845493897122
80.059999999999988 0.153652920642140
80.459799999999987 0.153461547284150
80.859599999999986 0.153271360426535
81.259399999999985 0.153082346887741
81.659199999999998 0.152894493696774
82.058999999999997 0.152707788088819
82.458799999999997 0.152522217500988
82.858599999999996 0.152337769568148
83.258399999999995 0.152154432118872
83.658199999999994 0.151972193171494
84.057999999999993 0.151791040930249
84.457799999999992 0.151610963781534
84.857599999999991 0.151431950290223
85.257399999999990 0.151253989196112
85.657199999999989 0.151077069410428
86.056999999999988 0.150901180012443
86.456799999999987 0.150726310246142
86.856599999999986 0.150552449516992
87.256399999999985 0.150379587388798
87.656199999999998 0.150207713580610
88.055999999999997 0.150036817963718
88.455799999999996 0.149866890558716
88.855599999999995 0.149697921532640
89.255399999999995 0.149529901196167
89.655199999999994 0.149362820000885
90.054999999999993 0.149196668536617
90.454799999999992 0.149031437528824
90.854599999999991 0.148867117836056
91.254399999999990 0.148703700447466
91.654199999999989 0.148541176480372
92.053999999999988 0.148379537177895
92.453799999999987 0.148218773906627
92.853599999999986 0.148058878154378
93.253399999999985 0.147899841527943
93.653199999999998 0.147741655750946
94.052999999999997 0.147584312661722
94.452799999999996 0.147427804211237
94.852599999999995 0.147272122461081
95.252399999999994 0.147117259581469
95.652199999999993 0.146963207849315
96.051999999999992 0.146809959646336
96.451799999999992 0.146657507457201
96.851599999999991 0.146505843867713
97.251399999999990 0.146354961563049
97.651199999999989 0.146204853326009
98.050999999999988 0.146055512035326
98.450799999999987 0.145906930664009
98.850599999999986 0.145759102277719
99.250399999999985 0.145612020033155
99.650199999999998 0.145465677176531
100.049999999999997 0.145320067042023
100.449799999999996 0.145175183050294
100.849599999999995 0.145031018707016
101.249399999999994 0.144887567601459
101.649199999999993 0.144744823405072
102.048999999999992 0.144602779870117
102.448799999999991 0.144461430828324
102.848599999999990 0.144320770189572
103.248399999999990 0.144180791940612
103.648199999999989 0.144041490143779
104.047999999999988 0.143902858935774
104.447799999999987 0.143764892526439
104.847599999999986 0.143627585197580
105.247399999999985 0.143490931301787
105.647199999999998 0.143354925261302
106.046999999999997 0.143219561566903
106.446799999999996 0.143084834776787
106.846599999999995 0.142950739515522
107.246399999999994 0.142817270472978
107.646199999999993 0.142684422403285
108.045999999999992 0.142552190123842
108.445799999999991 0.142420568514292
108.845599999999990 0.142289552515585
109.245399999999989 0.142159137128989
109.645199999999988 0.142029317415168
110.044999999999987 0.141900088493263
110.444799999999987 0.141771445539981
110.844599999999986 0.141643383788725
111.244399999999985 0.141515898528705
111.644199999999998 0.141388985104109
112.043999999999997 0.141262638913244
112.443799999999996 0.141136855407737
112.843599999999995 0.141011630091718
113.243399999999994 0.140886958521029
113.643199999999993 0.140762836302459
114.042999999999992 0.140639259092968
114.442799999999991 0.140516222598957
114.842599999999990 0.140393722575517
115.242399999999989 0.140271754825724
115.642199999999988 0.140150315199929
116.041999999999987 0.140029399595049
116.441799999999986 0.139909003953913
116.841599999999985 0.139789124264567
117.241399999999985 0.139669756559629
117.641199999999998 0.139550896915648
118.040999999999997 0.139432541452450
118.440799999999996 0.139314686332549
118.840599999999995 0.139197327760500
119.240399999999994 0.139080461982323
119.640199999999993 0.138964085284894
120.039999999999992 0.138848193995388
120.439799999999991 0.138732784480683
120.839599999999990 0.138617853146824
121.239399999999989 0.138503396438454
121.639199999999988 0.138389410838285
122.038999999999987 0.138275892866562
122.438799999999986 0.138162839080543
122.838599999999985 0.138050246073987
123.238399999999984 0.137938110476642
123.638199999999998 0.137826428953755
124.037999999999997 0.137715198205589
124.437799999999996 0.137604414966936
124.837599999999995 0.137494076006648
125.237399999999994 0.137384178127174
125.637199999999993 0.137274718164108
126.036999999999992 0.137165692985731
126.436799999999991 0.137057099492588
126.836599999999990 0.136948934617037
127.236399999999989 0.136841195322836
127.636199999999988 0.136733878604710
128.036000000000001 0.136626981487959
128.435800000000000 0.136520501028034
128.835599999999999 0.136414434310146
129.235399999999998 0.136308778448879
129.635199999999998 0.136203530587794
130.034999999999997 0.136098687899057
130.434799999999996 0.135994247583058
130.834599999999995 0.135890206868056
131.234399999999994 0.135786563009805
131.634199999999993 0.135683313291205
132.033999999999992 0.135580455021945
132.433799999999991 0.135477985538172
132.833599999999990 0.135375902202137
133.233399999999989 0.135274202401873
133.633199999999988 0.135172883550853
134.032999999999987 0.135071943087683
134.432799999999986 0.134971378475772
134.832599999999985 0.134871187203025
135.232399999999984 0.134771366781528
135.632199999999983 0.134671914747252
136.031999999999982 0.134572828659746
136.431799999999981 0.134474106101854
136.831599999999980 0.134375744679410
137.231399999999979 0.134277742020970
137.631199999999978 0.134180095777512
138.030999999999977 0.134082803622182
138.430799999999977 0.133985863249992
138.830600000000004 0.133889272377584
139.230400000000003 0.133793028742942
139.630200000000002 0.133697130105141
140.030000000000001 0.133601574244089
140.429800000000000 0.133506358960275
140.829599999999999 0.133411482074522
141.229399999999998 0.133316941427737
141.629199999999997 0.133222734880673
142.028999999999996 0.133128860313688
142.428799999999995 0.133035315626521
142.828599999999994 0.132942098738040
143.228399999999993 0.132849207586045
143.628199999999993 0.132756640127008
144.027999999999992 0.132664394335880
144.427799999999991 0.132572468205866
144.827599999999990 0.132480859748205
145.227399999999989 0.132389566991957
145.627199999999988 0.132298587983805
146.026999999999987 0.132207920787845
146.426799999999986 0.132117563485378
146.826599999999985 0.132027514174716
147.226399999999984 0.131937770970988
147.626199999999983 0.131848332005936
148.025999999999982 0.131759195427737
148.425799999999981 0.131670359400802
148.825599999999980 0.131581822105600
149.225399999999979 0.131493581738467
149.625199999999978 0.131405636511435
150.024999999999977 0.131317984652045
150.424799999999976 0.131230624403173
150.824600000000004 0.131143554022860
151.224400000000003 0.131056771784142
151.624200000000002 0.130970275974876
152.024000000000001 0.130884064897582
152.423800000000000 0.130798136869269
152.823599999999999 0.130712490221288
153.223399999999998 0.130627123299154
153.623199999999997 0.130542034462407
154.022999999999996 0.130457222084446
154.422799999999995 0.130372684552380
154.822599999999994 0.130288420266877
155.222399999999993 0.130204427642016
155.622199999999992 0.130120705105136
156.021999999999991 0.130037251096698
156.421799999999990 0.129954064070134
156.821599999999989 0.129871142491723
157.221399999999988 0.129788484840424
157.621199999999988 0.129706089607768
158.020999999999987 0.129623955297700
158.420799999999986 0.129542080426462
158.820599999999985 0.129460463522455
159.220399999999984 0.129379103126101
159.620199999999983 0.129297997789730
160.019999999999982 0.129217146077443
160.419799999999981 0.129136546564989
160.819599999999980 0.129056197839645
161.219399999999979 0.128976098500085
161.619199999999978 0.128896247156278
162.018999999999977 0.128816642429345
162.418799999999976 0.128737282951467
162.818600000000004 0.128658167365755
163.218400000000003 0.128579294326131
163.618200000000002 0.128500662497233
164.018000000000001 0.128422270554285
164.417800000000000 0.128344117183005
164.817599999999999 0.128266201079483
165.217399999999998 0.128188520950083
165.617199999999997 0.128111075511325
166.016999999999996 0.128033863489800
166.416799999999995 0.127956883622051
166.816599999999994 0.127880134654481
167.216399999999993 0.127803615343240
167.616199999999992 0.127727324454148
168.015999999999991 0.127651260762572
168.415799999999990 0.127575423053345
168.815599999999989 0.127499810120666
169.215399999999988 0.127424420768015
169.615199999999987 0.127349253808038
170.014999999999986 0.127274308062477
170.414799999999985 0.127199582362070
170.814599999999984 0.127125075546461
171.214399999999983 0.127050786464114
171.614199999999983 0.126976713972225
172.013999999999982 0.126902856936630
172.413799999999981 0.126829214231729
172.813599999999980 0.126755784740400
173.213399999999979 0.126682567353909
173.613199999999978 0.126609560971829
174.012999999999977 0.126536764501968
174.412799999999976 0.126464176860278
174.812600000000003 0.126391796970781
175.212400000000002 0.126319623765489
175.612200000000001 0.126247656184334
176.012000000000000 0.126175893175070
176.411799999999999 0.126104333693226
176.811599999999999 0.126032976702006
177.211399999999998 0.125961821172241
177.611199999999997 0.125890866082285
178.010999999999996 0.125820110417971
178.410799999999995 0.125749553172525
178.810599999999994 0.125679193346498
179.210399999999993 0.125609029947699
179.610199999999992 0.125539061991122
180.009999999999991 0.125469288498886
180.409799999999990 0.125399708500153
180.809599999999989 0.125330321031080
181.209399999999988 0.125261125134740
181.609199999999987 0.125192119861068
182.008999999999986 0.125123304266780
182.408799999999985 0.125054677415328
182.808599999999984 0.124986238376824
183.208399999999983 0.124917986227997
183.608199999999982 0.124849920052100
184.007999999999981 0.124782038938878
184.407799999999980 0.124714341984496
184.807599999999979 0.124646828291489
185.207399999999978 0.124579496968683
185.607199999999978 0.124512347131166
186.006999999999977 0.124445377900201
186.406799999999976 0.124378588403195
186.806600000000003 0.124311977773626
187.206400000000002 0.124245545151003
187.606200000000001 0.124179289680786
188.006000000000000 0.124113210514366
188.405799999999999 0.124047306808985
188.805599999999998 0.123981577727691
189.205399999999997 0.123916022439289
189.605199999999996 0.123850640118296
190.004999999999995 0.123785429944862
190.404799999999994 0.123720391104759
190.804599999999994 0.123655522789297
191.204399999999993 0.123590824195295
191.604199999999992 0.123526294525025
192.003999999999991 0.123461932986163
192.403799999999990 0.123397738791738
192.803599999999989 0.123333711160097
193.203399999999988 0.123269849314851
193.603199999999987 0.123206152484818
194.002999999999986 0.123142619903996
194.402799999999985 0.123079250811505
194.802599999999984 0.123016044451552
195.202399999999983 0.122953000073374
195.602199999999982 0.122890116931203
196.001999999999981 0.122827394284227
196.401799999999980 0.122764831396533
196.801599999999979 0.122702427537075
197.201399999999978 0.122640181979633
197.601199999999977 0.122578094002765
198.000999999999976 0.122516162889769
198.400799999999975 0.122454387928643
198.800600000000003 0.122392768412046
199.200400000000002 0.122331303637250
199.600200000000001 0.122269992906117
200.000000000000000 0.122208835525042
