1.413430424811061 -0.999625380560572
1.458600319224386 -0.010951572006752
1.503381698624587 -0.013665350536785
1.547778952793109 -0.016051955499677
1.591797132312130 -0.018154532649796
1.635441850893520 -0.020009976145139
1.678719183894185 -0.021649913089383
1.721635570832149 -0.023101511119687
1.764197725973605 -0.024388147211426
1.806412558781429 -0.025529965589836
1.848287104662041 -0.026544345680208
1.889828465675787 -0.027446296190026
1.931043760470394 -0.028248788176149
1.971940082509687 -0.028963037208533
2.012524465619757 -0.029598743077914
2.052803855896725 -0.030164293754995
2.092785089088067 -0.030666939403655
2.132474872642996 -0.031112941088008
2.171879771718773 -0.031507698138520
2.211006198519360 -0.031855857476097
2.249860404426913 -0.032161407673610
2.288448474462946 -0.032427760089482
2.326776323683363 -0.032657818996479
2.364849695171449 -0.032854042378187
2.402674159345481 -0.033018494833478
2.440255114339580 -0.033152893602758
2.477597787257678 -0.033258648900918
2.514707236130328 -0.033336899223206
2.551588352433387 -0.033388542444836
2.588245864049229 -0.033414263194825
2.624684338572662 -0.033414557130887
2.660908186879125 -0.033389752461319
2.696921666886178 -0.033340029044081
2.732728887453452 -0.033265435527102
2.768333812372787 -0.033165904577279
2.803740264411664 -0.033041266627279
2.838951929376837 -0.032891262122865
2.873972360174823 -0.032715552700506
2.908804980846370 -0.032513731141030
2.943453090559172 -0.032285330431085
2.977919867545805 -0.032029831988646
3.012208372976014 -0.031746673103325
3.046321554754658 -0.031435253655558
3.080262251240124 -0.031094942291727
3.114033194878443 -0.030725082033265
3.147637015748675 -0.030324995306016
3.181076245019386 -0.029893988650769
3.214353318313067 -0.029431356890901
3.247470578979398 -0.028936387023390
3.280430281276808 -0.028408361721298
3.313234593462509 -0.027846562494992
3.345885600793337 -0.027250272661944
3.378385308437261 -0.026618779952234
3.410735644297619 -0.025951378908847
3.442938461752349 -0.025247373104528
3.474995542309285 -0.024506077095931
3.506908598179147 -0.023726818164827
3.538679274770576 -0.022908938048691
3.570309153105525 -0.022051794238703
3.601799752160679 -0.021154761385950
3.633152531135046 -0.020217232423363
3.664368891646015 -0.019238619576400
3.695450179856350 -0.018218355278318
3.726397688534867 -0.017155893029383
3.757212659050131 -0.016050707953066
3.787896283303165 -0.014902297554086
3.818449705597426 -0.013710182116246
3.848874024449922 -0.012473905165069
3.879170294345013 -0.011193033832863
3.909339527431576 -0.009867159071405
3.939382695168012 -0.008495896003962
3.969300729912461 -0.007078883894142
3.999094526464331 -0.005615786395182
4.028764943555111 -0.004106291475794
4.058312805293338 -0.002550111551527
4.087738902561168 -0.000946983266308
4.117043994367466 0.000703332500666
4.146228809158003 0.002401050726629
4.175294046082156 0.004146362516960
4.204240376219169 0.005939435276818
4.233068443766050 0.007780412842967
4.261778867185031 0.009669415897935
4.290372240315789 0.011606542094495
4.318849133449666 0.013591866503593
4.347210094370394 0.015625441815910
4.375455649359548 0.017707298782608
4.403586304170116 0.019837446484436
4.431602544966227 0.022015872847861
4.459504839234273 0.024242544835798
4.487293636661111 0.026517409062473
4.514969369984986 0.028840392042087
4.542532455816764 0.031211400706563
4.569983295433784 0.033630322812408
4.597322275546630 0.036097027393592
4.624549769040883 0.038611365119978
4.651666135691263 0.041173168925037
4.678671722853452 0.043782254273782
4.705566866130208 0.046438419761300
4.732351890015368 0.049141447478910
4.759027108514673 0.051891103523025
4.785592825744379 0.054687138476880
4.812049336508880 0.057529287844512
4.838396926858179 0.060417272465720
4.864635874623514 0.063350799115457
4.890766449934884 0.066329560842282
4.916788915719269 0.069353237450432
4.942703528179579 0.072421496018288
4.968510537256330 0.075533991294852
4.994210187071938 0.078690366143674
5.019802716357460 0.081890252036585
5.045288358863348 0.085133269455500
5.070667343753638 0.088419028376495
5.095939895985625 0.091747128615812
5.121106236672816 0.095117160393282
5.146166583435195 0.098528704588226
5.171121150733342 0.101981333318060
5.195970150189527 0.105474610278759
5.220713790896462 0.109008091061738
5.245352279710387 0.112581323773394
5.269885821534515 0.116193849173902
5.294314619587791 0.119845201267702
5.318638875662941 0.123534907581790
5.342858790373070 0.127262489528773
5.366974563386397 0.131027462829700
5.390986393649972 0.134829337886734
5.414894479604445 0.138667619996710
5.438699019386281 0.142541809900502
5.462400211021941 0.146451403957282
5.485998252611564 0.150395894555749
5.509493342503648 0.154374770411530
5.532885679460418 0.158387516910788
5.556175462815065 0.162433616368691
5.579362892619961 0.166512548382551
5.602448169787003 0.170623790100339
5.625431496219632 0.174766816546957
5.648313074938098 0.178941100824402
5.671093110196514 0.183146114459721
5.693771807592980 0.187381327650366
5.716349374172737 0.191646209530070
5.738826018525022 0.195940228388140
5.761201950873139 0.200262851943489
5.783477383157973 0.204613547615325
5.805652529116625 0.208991782651280
5.827727604353924 0.213397024472845
5.849702826408708 0.217828740860370
5.871578414816141 0.222286400037724
5.893354591162283 0.226769471104835
5.915031579135528 0.231277424070385
5.936609604572970 0.235809730063334
5.958088895501248 0.240365861601807
5.979469682174560 0.244945292621911
6.000752197106001 0.249547498870741
6.021936675097227 0.254171957847078
6.043023353262611 0.258818149107925
6.064012471050117 0.263485554372129
6.084904270258208 0.268173657703265
6.105698995050274 0.272881945555085
6.126396891963902 0.277609907081273
6.146998209918553 0.282357034113628
6.167503200219715 0.287122821335281
6.187912116559281 0.291906766477544
6.208225215014747 0.296708370286064
6.228442754043205 0.301527136867670
6.248564994476459 0.306362573452230
6.268592199509481 0.311214190890676
6.288524634690206 0.316081503405464
6.308362567904333 0.320964028948058
6.328106269359782 0.325861289117445
6.347756011568616 0.330772809294455
6.367312069326422 0.335698118783500
6.386774719691108 0.340636750769138
6.406144241958725 0.345588242509367
6.425420917638740 0.350552135300040
6.444605030426828 0.355527974628893
6.463696866177324 0.360515310130262
6.482696712872832 0.365513695781934
6.501604860594177 0.370522689802576
6.520421601488082 0.375541854802565
6.539147229733817 0.380570757821910
6.557782041509276 0.385608970323450
6.576326334956013 0.390656068238002
6.594780410142512 0.395711632084565
6.613144569027706 0.400775246893444
6.631419115423183 0.405846502288443
6.649604354954970 0.410924992484025
6.667700595023804 0.416010316393956
6.685708144766460 0.421102077484876
6.703627315014435 0.426199884005871
6.721458418253811 0.431303348835216
6.739201768584044 0.436412089557137
6.756857681676657 0.441525728442002
6.774426474732307 0.446643892583076
6.791908466439915 0.451766213665941
6.809303976933335 0.456892328192382
6.826613327749212 0.462021877341361
6.843836841783127 0.467154507123550
6.860974843248010 0.472289868136708
6.878027657630104 0.477427615797798
6.894995611646062 0.482567410217048
6.911879033199806 0.487708916210422
6.928678251339466 0.492851803282001
6.945393596214013 0.497995745647650
6.962025399030209 0.503140422197269
6.978573992009841 0.508285516458522
6.995039708347105 0.513430716580790
7.011422882164789 0.518575715453629
7.027723848473095 0.523720210436373
7.043942943126789 0.528863903528090
7.060080502782327 0.534006501375146
7.076136864857635 0.539147714992850
7.092112367488604 0.544287260116964
7.108007349489234 0.549424856822045
7.123822150309567 0.554560229760408
7.139557109995859 0.559693107933764
7.155212569149349 0.564823224846725
7.170788868886731 0.569950318334727
7.186286350800251 0.575074130615259
7.201705356918393 0.580194408230417
7.217046229667047 0.585310902008918
7.232309311830676 0.590423367076142
7.247494946514575 0.595531562747655
7.262603477106830 0.600635252574726
7.277635247240999 0.605734204278493
7.292590600759818 0.610828189652113
7.307469881677948 0.615916984679022
7.322273434146892 0.621000369309797
7.337001602418426 0.626078127640180
7.351654730810933 0.631150047608424
7.366233163673478 0.636215921256319
7.380737245352528 0.641275544457268
7.395167320158530 0.646328716945126
7.409523732331929 0.651375242393762
7.423806826011200 0.656414928209685
7.438016945200580 0.661447585583043
7.452154433738680 0.666473029406778
7.466219635266602 0.671491078346165
7.480212893197796 0.676501554665491
7.494134550688556 0.681504284172198
7.507984950606560 0.686499096452442
7.521764435504120 0.691485824361517
7.535473347587351 0.696464304499793
7.549112028689335 0.701434376779521
7.562680820242173 0.706395884569013
7.576180063249902 0.711348674611911
7.589610098261472 0.716292597037251
7.602971265345336 0.721227505195902
7.616263904063321 0.726153255757107
7.629488353445378 0.731069708628644
7.642644951965527 0.735976726835962
7.655734037516696 0.740874176665808
7.668755947388743 0.745761927321240
7.681711018243321 0.750639851298259
7.694599586092642 0.755507823955491
7.707421986276743 0.760365723704887
7.720178553441702 0.765213431916687
7.732869621518526 0.770050832860890
7.745495523702481 0.774877813669963
7.758056592432091 0.779694264395385
7.770553159370725 0.784500077722933
7.782985555385483 0.789295149301940
7.795354110529805 0.794079377328859
7.807659154024065 0.798852662795187
7.819901014237543 0.803614909345560
7.832080018671261 0.808366023189204
7.844196493941074 0.813105913085201
7.856250765759784 0.817834490471818
7.868243158922552 0.822551669096190
7.880173997289321 0.827257365375289
7.892043603770598 0.831951498018628
7.903852300311839 0.836633988204077
7.915600407879338 0.841304759415628
7.927288246445295 0.845963737552309
7.938916134975009 0.850610850689832
7.950484391412289 0.855246029305890
7.961993332667625 0.859869205963500
7.973443274604366 0.864480315560752
7.984834532027560 0.869079295026335
7.996167418671710 0.873666083459476
8.007442247188797 0.878240622110948
8.018659329137604 0.882802854238168
8.029818974973466 0.887352725063647
8.040921494036340 0.891890181991500
8.051967194542049 0.896415174232150
8.062956383572573 0.900927652928688
8.073889367065822 0.905427571230247
8.084766449806825 0.909914884132853
8.095587935419490 0.914389548413732
8.106354126358063 0.918851522682756
8.117065323898620 0.923300767385844
8.127721828131584 0.927737244689658
8.138323937954342 0.932160918475879
8.148871951064274 0.936571754301206
8.159366163951139 0.940969719486422
8.169806871891364 0.945354782885924
8.180194368941637 0.949726914984951
8.190528947932126 0.954086087951635
8.200810900461468 0.958432275428998
8.211040516892046 0.962765452497919
8.221218086343244 0.967085595947090
8.231343896687525 0.971392683918608
8.241418234545408 0.975686696057987
8.251441385281590 0.979967613372917
8.261413633000510 0.984235418313868
8.271335260542180 0.988490094741937
8.281206549478929 0.992731627824403
8.291027780112103 0.996960004041247
8.300799231468153 1.001175211272257
8.310521181296876 1.005377238525673
8.320193906067662 1.009566076197474
8.329817680966853 1.013741715939568
8.339392779896876 1.017904150428037
8.348919475472822 1.022053373703043
8.358398039020718 1.026189380953076
8.367828740576467 1.030312168431728
8.377211848884247 1.034421733532864
8.386547631394475 1.038518074851399
8.395836354263373 1.042601191976306
8.405078282352253 1.046671085534570
8.414273679226225 1.050727757266249
8.423422807154227 1.054771209855682
8.432525927107754 1.058801447105826
8.441583298761943 1.062818473631563
8.450595180494695 1.066822295118655
8.459561829386308 1.070812918260476
8.468483501221513 1.074790350444847
8.477360450487533 1.078754600276218
8.486192930377541 1.082705676868596
8.494981192788476 1.086643590592210
8.503725488323647 1.090568352441097
8.512426066294166 1.094479974186060
8.521083174718370 1.098378468650987
8.529697060324798 1.102263849232263
8.538267968552246 1.106136130295171
8.546796143552948 1.109995326752390
8.555281828192751 1.113841454471836
8.563725264053845 1.117674529930489
8.572126691436090 1.121494570404260
8.580486349359818 1.125301593771679
8.588804475566979 1.129095618733599
8.597081306524805 1.132876664475228
8.605317077426589 1.136644751056831
8.613512022195367 1.140399899018614
8.621666373485853 1.144142129617116
8.629780362688056 1.147871464595680
8.637854219928361 1.151587926532784
8.645888174074468 1.155291538308437
8.653882452736479 1.158982323635902
8.661837282271552 1.162660306567221
8.669752887785686 1.166325511889797
8.677629493138150 1.169977964756922
8.685467320943898 1.173617690969828
8.693266592577219 1.177244716799451
8.701027528175670 1.180859068949342
8.708750346642681 1.184460774738357
8.716435265652331 1.188049861794521
8.724082501651832 1.191626358374627
8.731692269866542 1.195190293007689
8.739264784302547 1.198741694834048
8.746800257751188 1.202280593331660
8.754298901793220 1.205807018360728
8.761760926802502 1.209321000233788
8.769186541949765 1.212822569697415
8.776575955207278 1.216311757804819
8.783929373353002 1.219788595984991
8.791247001974417 1.223253116088618
8.798529045472520 1.226705350356770
8.805775707067632 1.230145331164811
8.812987188802083 1.233573091462509
8.820163691545186 1.236988664443421
8.827305414998476 1.240392083506966
8.834412557698675 1.243783382577527
8.841485317023860 1.247162595643543
8.848523889196933 1.250529757141934
8.855528469290563 1.253884901743239
8.862499251231998 1.257228064365304
8.869436427807232 1.260559280265445
8.876340190666880 1.263878584785779
8.883210730329276 1.267186013759446
8.890048236186828 1.270481603023700
8.896852896509582 1.273765388833470
8.903624898450541 1.277037407592858
8.910364428051087 1.280297695841637
8.917071670245011 1.283546290451241
8.923746808863635 1.286783228466037
8.930390026641160 1.290008547059857
8.937001505218801 1.293222283716404
8.943581425150784 1.296424475946409
8.950129965908227 1.299615161597960
8.956647305885550 1.302794378478143
8.963133622403337 1.305962164876129
8.969589091715999 1.309118558842334
8.976013889014759 1.312263598883536
8.982408188433357 1.315397323553188
8.988772163053417 1.318519771495064
8.995105984909458 1.321630981494625
9.001409824993793 1.324730992489388
9.007683853261048 1.327819843625710
9.013928238634604 1.330897573958811
9.020143149010483 1.333964222839522
9.026328751263533 1.337019829557742
9.032485211251037 1.340064433734320
9.038612693819724 1.343098074790354
9.044711362809577 1.346120792440977
9.050781381059345 1.349132626424170
9.056822910411537 1.352133616574677
9.062836111717832 1.355123802761820
9.068821144844140 1.358103224931891
9.074778168675182 1.361071923181616
9.080707341120837 1.364029937478376
9.086608819120348 1.366977307989162
9.092482758647193 1.369914074970068
9.098329314715105 1.372840278585980
9.104148641382599 1.375755959135565
9.109940891758718 1.378661156857155
9.115706218006583 1.381555912269525
9.121444771351005 1.384440265527337
9.127156702080701 1.387314257265713
9.132842159556208 1.390177927698439
9.138501292212878 1.393031317388541
9.144134247566940 1.395874466758193
9.149741172220191 1.398707416303738
9.155322211865771 1.401530206413858
9.160877511291408 1.404342877773880
9.166407214387361 1.407145470605032
9.171911464148529 1.409938025596243
9.177390402681377 1.412720583126623
9.182844171208284 1.415493183674848
9.188272910072149 1.418255867770230
9.193676758742678 1.421008675721952
9.199055855819651 1.423751648095743
9.204410339038947 1.426484825268369
9.209740345277782 1.429208247546983
9.215046010558599 1.431921955382819
9.220327470055066 1.434625989026149
9.225584858095862 1.437320388880063
9.230818308170509 1.440005195159910
9.236027952934185 1.442680448060410
9.241213924211905 1.445346187846253
9.246376353003834 1.448002454670457
9.251515369490555 1.450649288569812
9.256631103036934 1.453286729693062
9.261723682197630 1.455914818028317
9.266793234721481 1.458533593576224
9.271839887556952 1.461143096179530
9.276863766855932 1.463743365780406
9.281864997979165 1.466334442155786
9.286843705500470 1.468916365102745
9.291800013212075 1.471489174258558
9.296734044128879 1.474052909267055
9.301645920492820 1.476607609758912
9.306535763778523 1.479153315133987
9.311403694696532 1.481690064958604
9.316249833199594 1.484217898450499
9.321074298485696 1.486736855018262
9.325877209003306 1.489246973887212
9.330658682456001 1.491748294197835
9.335418835807198 1.494240854980809
9.340157785284358 1.496724695246229
9.344875646382715 1.499199854054560
9.349572533871804 1.501666370038674
9.354248561797554 1.504124282156230
9.358903843488426 1.506573628990083
9.363538491559309 1.509014449130452
9.368152617915307 1.511446781187904
9.372746333757464 1.513870663457171
9.377319749585514 1.516286134419064
9.381872975203317 1.518693232281585
9.386406119723667 1.521091995076800
9.390919291570318 1.523482461137976
9.395412598484855 1.525864668258997
9.399886147529635 1.528238654371177
9.404340045091983 1.530604457314020
9.408774396888793 1.532962114772094
9.413189307970683 1.535311664334794
9.417584882726116 1.537653143509556
9.421961224885093 1.539986589783292
9.426318437524310 1.542312040367690
9.430656623070151 1.544629532569543
9.434975883303418 1.546939103483830
9.439276319363531 1.549240790084069
9.443558031752193 1.551534629305885
9.447821120337117 1.553820658039045
9.452065684357141 1.556098912873256
9.456291822424989 1.558369430510985
9.460499632531908 1.560632247430908
9.464689212051571 1.562887400016335
9.468860657744044 1.565134924532426
9.473014065759124 1.567374857244345
9.477149531640833 1.569607234194897
9.481267150331121 1.571832091352832
9.485367016173877 1.574049464544266
9.489449222917933 1.576259389634257
9.493513863722013 1.578461902173196
9.497561031157501 1.580657037780151
9.501590817213318 1.582844831765533
9.505603313298069 1.585025319612145
9.509598610245435 1.587198536392491
9.513576798316869 1.589364517245506
9.517537967204722 1.591523297297341
9.521482206038092 1.593674911165291
9.525409603383940 1.595819393809299
9.529320247252123 1.597956779817384
9.533214225098636 1.600087103729426
9.537091623829134 1.602210399978961
9.540952529802313 1.604326702917217
9.544797028834108 1.606436046658011
9.548625206200324 1.608538465361746
9.552437146640312 1.610633993039463
9.556232934361299 1.612722663429661
9.560012653040726 1.614804510358928
9.563776385830394 1.616879567405380
9.567524215359011 1.618947868191863
9.571256223736734 1.621009446010510
9.574972492557702 1.623064334192348
9.578673102903592 1.625112565914080
9.582358135346965 1.627154174231869
9.586027669954886 1.629189192026736
9.589681786291219 1.631217652249987
9.593320563421063 1.633239587516384
9.596944079913547 1.635255030409279
9.600552413844261 1.637264013545075
9.604145642800338 1.639266569070409
9.607723843881331 1.641262729451817
9.611287093704208 1.643252526692357
9.614835468405857 1.645235992802272
9.618369043645604 1.647213159790079
9.621887894609275 1.649184059364805
9.625392096011950 1.651148723187590
9.628881722100834 1.653107182837390
9.632356846658007 1.655059469833584
9.635817543004894 1.657005615309148
9.639263884003286 1.658945650655916
9.642695942059605 1.660879606911811
9.646113789127776 1.662807515014437
9.649517496711576 1.664729405902960
9.652907135868393 1.666645310245205
9.656282777211501 1.668555258714804
9.659644490912973 1.670459281866801
9.662992346707155 1.672357410029156
9.666326413892925 1.674249673529205
9.669646761336265 1.676136102632816
9.672953457474463 1.678016727225539
9.676246570317531 1.679891577345158
9.679526167451174 1.681760682881724
9.682792316040340 1.683624073461528
9.686045082831383 1.685481778707908
9.689284534154693 1.687333828154571
9.692510735927556 1.689180251191292
9.695723753657306 1.691021077007563
9.698923652443444 1.692856334790442
9.702110496980319 1.694686053608710
9.705284351559989 1.696510262379425
9.708445280074814 1.698328989911008
9.711593346020315 1.700142264855433
9.714728612497046 1.701950115892211
9.717851142213934 1.703752571439693
9.720960997490295 1.705549659912490
9.724058240258969 1.707341409498077
9.727142932068064 1.709127848427829
9.730215134084325 1.710909004651651
9.733274907094682 1.712684906198187
9.736322311509731 1.714455580785541
9.739357407365654 1.716221056131803
9.742380254326584 1.717981359858451
9.745390911686892 1.719736519507835
9.748389438374547 1.721486562325126
9.751375892952419 1.723231515664019
9.754350333621236 1.724971406655237
9.757312818221765 1.726706262357869
9.760263404236969 1.728436109761873
9.763202148795264 1.730160975565680
9.766129108671292 1.731880886668441
9.769044340289778 1.733595869552718
9.771947899726854 1.735305950786231
9.774839842712545 1.737011156787742
9.777720224633232 1.738711513830034
9.780589100533588 1.740407048140142
9.783446525119263 1.742097785747031
9.786292552758662 1.743783752665634
9.789127237485109 1.745464974807780
9.791950632999370 1.747141477915941
9.794762792671834 1.748813287623929
9.797563769544354 1.750480429526259
9.800353616332298 1.752142929130891
9.803132385427379 1.753800811699072
9.805900128898950 1.755454102556403
9.808656898496530 1.757102826837208
9.811402745651858 1.758747009580543
9.814137721481121 1.760386675688279
9.816861876786234 1.762021850123558
9.819575262058073 1.763652557498923
9.822277927477572 1.765278822521555
9.824969922917884 1.766900669764285
9.827651297946945 1.768518123584803
9.830322101828834 1.770131208369425
9.832982383525810 1.771739948394078
9.835632191700906 1.773344367699130
9.838271574719180 1.774944490375255
9.840900580649491 1.776540340444423
9.843519257267442 1.778131941618861
9.846127652056319 1.779719317712518
9.848725812209118 1.781302492418388
9.851313784631154 1.782881489173397
9.853891615941020 1.784456331516070
9.856459352472838 1.786027042799074
9.859017040278301 1.787593646239826
9.861564725128147 1.789156165036135
9.864102452514070 1.790714622268732
9.866630267650748 1.792269040876923
9.869148215477670 1.793819443699874
9.871656340660115 1.795365853649482
9.874154687591863 1.796908293346014
9.876643300396728 1.798446785365344
9.879122222930242 1.799981352196645
9.881591498781120 1.801512016302086
9.884051171273207 1.803038799995579
9.886501283467402 1.804561725459389
9.888941878163003 1.806080814852487
9.891372997899824 1.807596090158135
9.893794684958667 1.809107573520269
9.896206981365221 1.810615286514778
9.898609928889487 1.812119251105853
9.901003569048667 1.813619488897386
9.903387943108159 1.815116021544273
9.905763092084021 1.816608870424314
9.908129056743599 1.818098057043873
9.910485877607661 1.819583602698651
9.912833594951978 1.821065528600802
9.915172248808680 1.822543855923180
9.917501878968032 1.824018605701382
9.919822524980054 1.825489798870911
9.922134226155441 1.826957456418488
9.924437021568203 1.828421598997535
9.926730950056003 1.829882247440851
9.929016050222438 1.831339422321543
9.931292360438801 1.832793144071428
9.933559918844280 1.834243433324600
9.935818763348696 1.835690310348381
9.938068931633486 1.837133795436224
9.940310461153196 1.838573908791986
9.942543389137152 1.840010670484049
9.944767752590556 1.841444100573526
9.946983588295865 1.842874219056578
9.949190932814613 1.844301045748059
9.951389822488620 1.845724600433149
9.953580293441604 1.847144902766344
9.955762381579873 1.848561972474095
9.957936122594695 1.849975828986116
9.960101551962971 1.851386491802980
9.962258704948583 1.852793980351972
9.964407616604616 1.854198313783936
9.966548321773505 1.855599511440276
9.968680855089145 1.856997592406910
9.970805250977934 1.858392575757534
9.972921543660146 1.859784480470739
9.975029767151554 1.861173325381817
9.977129955264084 1.862559129388230
9.979222141607693 1.863941911180024
9.981306359591176 1.865321689475307
9.983382642423944 1.866698482804876
9.985451023116951 1.868072309695799
9.987511534484051 1.869443188575054
9.989564209143115 1.870811137830771
9.991609079517678 1.872176175671799
9.993646177837377 1.873538320420641
9.995675536140197 1.874897590087682
9.997697186272875 1.876254002796738
9.999711159892605 1.877607576476873
10.001717488467543 1.878958329149949
10.003716203279152 1.880306278491438
10.005707335422361 1.881651442345406
10.007690915807068 1.882993838401444
10.009666975159448 1.884333484246224
10.011635544023129 1.885670397388542
10.013596652759757 1.887004595403825
10.015550331550912 1.888336095611809
10.017496610398986 1.889664915321799
10.019435519128237 1.890991071790856
10.021367087385645 1.892314582265262
10.023291344642526 1.893635463800687
10.025208320195119 1.894953733509106
10.027118043166720 1.896269408185652
10.029020542507183 1.897582504928665
10.030915846995210 1.898893040484576
10.032803985239035 1.900201031623139
10.034684985677549 1.901506495029313
10.036558876581143 1.902809447374306
10.038425686053309 1.904109905128957
10.040285442030795 1.905407884908116
10.042138172285641 1.906703403025471
10.043983904425533 1.907996475883375
10.045822665895123 1.909287119750302
10.047654483976796 1.910575350888108
10.049479385791875 1.911861185446168
10.051297398301784 1.913144639468913
10.053108548308806 1.914425728991923
10.054912862456652 1.915704470089469
10.056710367232624 1.916980878484385
10.058501088967459 1.918254970109997
10.060285053836749 1.919526760725188
10.062062287862236 1.920796265945707
10.063832816911706 1.922063501581832
10.065596666701467 1.923328483007605
10.067353862795791 1.924591225899435
10.069104430608997 1.925851745596185
10.070848395405491 1.927110057587398
10.072585782301886 1.928366177011495
10.074316616266065 1.929620119391250
10.076040922119931 1.930871899751708
10.077758724539496 1.932121533246315
10.079470048055754 1.933369034977276
10.081174917055533 1.934614419995761
10.082873355782697 1.935857703219436
10.084565388338911 1.937098899528702
10.086251038684374 1.938338023783297
10.087930330638649 1.939575090794225
10.089603287881896 1.940810115218014
10.091269933955527 1.942043111707370
10.092930292262663 1.943274094950003
10.094584386069677 1.944503079408440
10.096232238506623 1.945730079583040
10.097873872568261 1.946955109873641
10.099509311114490 1.948178184718860
10.101138576871721 1.949399318367955
10.102761692433402 1.950618525080368
10.104378680260744 1.951835819085288
10.105989562683831 1.953051214476673
10.107594361902253 1.954264725339960
10.109193099985617 1.955476365769616
10.110785798875154 1.956686149607143
10.112372480383341 1.957894090922505
10.113953166196016 1.959100203407287
10.115527877871600 1.960304501077682
10.117096636843579 1.961506997469432
10.118659464419874 1.962707706418983
10.120216381784440 1.963906641491765
10.121767409997698 1.965103816284584
10.123312569997060 1.966299244395374
10.124851882597982 1.967492939293828
10.126385368495390 1.968684914222560
10.127913048262682 1.969875182808247
10.129434942353880 1.971063758266888
10.130951071104001 1.972250653853324
10.132461454729592 1.973435882815646
10.133966113329743 1.974619458276055
10.135465066886454 1.975801393391055
10.136958335265748 1.976981701166677
10.138445938217862 1.978160394684055
10.139927895378362 1.979337486867871
10.141404226268968 1.980512990562249
10.142874950297276 1.981686918802899
10.144340086758936 1.982859284198012
10.145799654837205 1.984030099590000
10.147253673603620 1.985199377776189
10.148702162019703 1.986367131236752
10.150145138936407 1.987533372716381
10.151582623095669 1.988698114683352
10.153014633130207 1.989861369777888
10.154441187565240 1.991023150314714
10.155862304818140 1.992183468823468
10.157278003199709 1.993342337613695
10.158688300914916 1.994499768932459
10.160093216062315 1.995655775284819
10.161492766636695 1.996810368615105
10.162886970527792 1.997963561307093
10.164275845522356 1.999115365334918
10.165659409303510 2.000265792942941
10.167037679452536 2.001414856032124
10.168410673448891 2.002562566606783
10.169778408670387 2.003708936743947
10.171140902394921 2.004853978173296
10.172498171800196 2.005997702812457
10.173850233964229 2.007140122559125
10.175197105866868 2.008281249017161
10.176538804389461 2.009421093992735
10.177875346315750 2.010559669163482
10.179206748332570 2.011696986131052
10.180533027030256 2.012833056499222
10.181854198903405 2.013967891776407
10.183170280351119 2.015101503512132
10.184481287678066 2.016233903087869
10.185787237094505 2.017365101974350
10.187088144717311 2.018495111482201
10.188384026569926 2.019623943037756
10.189674898583760 2.020751607797913
10.190960776598132 2.021878117039790
10.192241676360911 2.023003481967991
10.193517613528916 2.024127713789914
10.194788603668982 2.025250823524251
10.196054662257858 2.026372822318441
10.197315804683392 2.027493721102400
10.198572046244353 2.028613530959428
10.199823402151509 2.029732262774707
10.201069887527693 2.030849927519546
10.202311517409013 2.031966535934499
10.203548306744521 2.033082098953313
10.204780270397121 2.034196627351875
10.206007423144245 2.035310131831054
10.207229779678213 2.036422623080290
10.208447354606527 2.037534111816063
10.209660162452716 2.038644608610458
10.210868217656552 2.039754124076806
10.212071534574742 2.040862668734182
10.213270127481122 2.041970253142899
10.214464010567495 2.043076887725049
10.215653197944114 2.044182582866716
10.216837703639744 2.045287349028207
10.218017541602501 2.046391196532079
10.219192725700061 2.047494135733733
10.220363269720663 2.048596176806206
10.221529187372907 2.049697330066055
10.222690492286445 2.050797605730790
10.223847198012839 2.051897013870913
10.224999318025574 2.052995564643111
10.226146865720102 2.054093268278086
10.227289854415559 2.055190134621447
10.228428297354167 2.056286173771635
10.229562207701935 2.057381395718363
10.230691598549006 2.058475810444438
10.231816482910752 2.059569427712546
10.232936873727253 2.060662257514994
10.234052783864190 2.061754309683217
10.235164226113474 2.062845593956378
10.236271213193314 2.063936120138629
10.237373757748907 2.065025897926189
10.238471872352630 2.066114937045629
10.239565569504629 2.067203247137982
10.240654861633256 2.068290837807223
10.241739761095237 2.069377718692456
10.242820280176543 2.070463899268628
10.243896431092224 2.071549389137025
10.244968225987339 2.072634197721217
10.246035676936838 2.073718334554230
10.247098795946913 2.074801808871502
10.248157594953767 2.075884630333143
10.249212085825850 2.076966808046813
10.250262280362893 2.078048351470781
10.251308190297124 2.079129269800548
10.252349827293335 2.080209572285212
10.253387202948620 2.081289268329493
10.254420328794446 2.082368366823904
10.255449216295267 2.083446877131692
10.256473876850006 2.084524808267807
10.257494321791640 2.085602169441668
10.258510562388384 2.086678969602692
10.259522609843547 2.087755217811274
10.260530475296129 2.088830923036659
10.261534169821100 2.089906094236841
10.262533704429567 2.090980740401529
10.263529090069309 2.092054870432881
10.264520337625619 2.093128493071924
10.265507457920688 2.094201617301371
10.266490461714742 2.095274251855693
10.267469359706162 2.096346405501361
10.268444162531752 2.097418087001398
10.269414880767187 2.098489305059501
10.270381524927055 2.099560068436131
10.271344105465856 2.100630385676626
10.272302632777976 2.101700265399609
10.273257117197584 2.102769716326213
10.274207568999662 2.103838746944168
10.275153998400434 2.104907365689431
10.276096415556649 2.105975581268753
10.277034830567196 2.107043401994195
10.277969253472518 2.108110836408532
10.278899694255374 2.109177892905822
10.279826162841315 2.110244579801972
10.280748669098388 2.111310905572299
10.281667222838061 2.112376878482150
10.282581833815186 2.113442506874768
10.283492511728756 2.114507798939331
10.284399266221445 2.115572763061846
10.285302106880843 2.116637407332922
10.286201043239096 2.117701740009992
10.287096084773532 2.118765769234246
10.287987240906700 2.119829503196152
10.288874521007189 2.120892949908652
10.289757934389458 2.121956117497866
10.290637490314197 2.123019014048392
10.291513197988627 2.124081647612170
10.292385066567443 2.125144026031089
10.293253105151905 2.126206157472290
10.294117322791079 2.127268049800538
10.294977728482294 2.128329710803311
10.295834331169951 2.129391148684039
10.296687139747815 2.130452371021781
10.297536163057822 2.131513385815606
10.298381409891217 2.132574200781044
10.299222888988266 2.133634823780724
10.300060609038862 2.134695262555401
10.300894578682829 2.135755524813783
10.301724806509963 2.136815618309818
10.302551301060351 2.137875550759128
10.303374070825088 2.138935329725107
10.304193124245991 2.139994962908664
10.305008469716105 2.141054457919114
10.305820115579991 2.142113822334664
10.306628070134140 2.143173063668500
10.307432341626695 2.144232189569065
10.308232938258548 2.145291207413500
10.309029868182764 2.146350124808147
10.309823139505429 2.147408949159062
10.310612760285871 2.148467687857375
10.311398738536532 2.149526348393148
10.312181082223494 2.150584938145436
10.312959799266837 2.151643464445351
10.313734897540535 2.152701934704976
10.314506384873306 2.153760356133991
10.315274269048265 2.154818736100498
10.316038557803351 2.155877081895298
10.316799258831775 2.156935400728382
10.317556379782291 2.157993699773748
10.318309928258955 2.159051986336540
10.319059911821890 2.160110267541433
10.319806337987357 2.161168550537754
10.320549214227979 2.162226842459593
10.321288547972790 2.163285150482146
10.322024346608019 2.164343481582160
10.322756617476893 2.165401842857938
10.323485367879545 2.166460241476093
10.324210605074287 2.167518684273022
10.324932336276934 2.168577178332419
10.325650568661104 2.169635730701494
10.326365309359344 2.170694348128829
10.327076565461878 2.171753037798471
10.327784344018317 2.172811806413735
10.328488652036818 2.173870660987793
10.329189496484807 2.174929608358085
10.329886884289285 2.175988655316440
10.330580822336570 2.177047808782879
10.331271317473210 2.178107075437282
10.331958376505415 2.179166462188368
10.332642006199988 2.180225975703618
10.333322213284267 2.181285622708621
10.333999004445745 2.182345410100501
10.334672386333525 2.183405344367876
10.335342365557668 2.184465432245946
10.336008948689416 2.185525680450224
10.336672142261826 2.186586095541006
10.337331952769636 2.187646684168094
10.337988386669464 2.188707452962140
10.338641450380258 2.189768408458634
10.339291150283639 2.190829557131682
10.339937492723209 2.191890905715554
10.340580484005915 2.192952460560993
10.341220130401629 2.194014228194292
10.341856438143351 2.195076215122030
10.342489413427574 2.196138427780228
10.343119062414399 2.197200872610630
10.343745391227877 2.198263555991093
10.344368405955677 2.199326484448983
10.344988112650336 2.200389664155792
10.345604517328102 2.201453101695020
10.346217625970716 2.202516803123247
10.346827444523838 2.203580775046908
10.347433978898277 2.204645023714810
10.348037234970853 2.205709555147831
10.348637218582667 2.206774375959414
10.349233935540992 2.207839492200668
10.349827391618881 2.208904910089575
10.350417592555029 2.209970635928113
10.351004544054621 2.211036675787867
10.351588251788547 2.212103036037575
10.352168721395092 2.213169722534712
10.352745958478126 2.214236741766859
10.353319968609638 2.215304099441416
10.353890757327466 2.216371802041457
10.354458330137383 2.217439855414392
10.355022692512357 2.218508265685633
10.355583849892787 2.219577038944467
10.356141807687008 2.220646181156249
10.356696571271275 2.221715698331988
10.357248145989885 2.222785596478440
10.357796537155528 2.223855881529994
10.358341750048835 2.224926559606080
10.358883789919648 2.225997636449634
10.359422661986464 2.227069118024195
10.359958371436498 2.228141010311089
10.360490923426092 2.229213319196389
10.361020323081384 2.230286050380014
10.361546575497201 2.231359209970528
10.362069685738522 2.232432803626209
10.362589658840003 2.233506837203397
10.363106499805978 2.234581316591981
10.363620213611373 2.235656247419789
10.364130805200936 2.236731635605349
10.364638279490128 2.237807486808405
10.365142641364802 2.238883806829958
10.365643895681657 2.239960601361942
10.366142047268287 2.241037876110518
10.366637100923484 2.242115636720158
10.367129061416955 2.243193888963980
10.367617933490068 2.244272638404473
10.368103721855526 2.245351890745876
10.368586431197754 2.246431651598307
10.369066066173335 2.247511926465329
10.369542631410123 2.248592721178015
10.370016131508946 2.249674041033308
10.370486571042028 2.250755891892416
10.370953954555022 2.251838278968511
10.371418286565467 2.252921208027959
10.371879571563703 2.254004684562890
10.372337814013285 2.255088713959454
10.372793018350352 2.256173301852537
10.373245188984532 2.257258453604197
10.373694330298713 2.258344174686966
10.374140446649321 2.259430470513658
10.374583542366057 2.260517346618253
10.375023621752559 2.261604808346894
10.375460689086518 2.262692861033354
10.375894748619411 2.263781510140995
10.376325804576931 2.264870761017237
10.376753861159251 2.265960618951039
10.377178922540612 2.267051089405157
10.377600992870136 2.268142177598241
10.378020076271714 2.269233888819913
10.378436176843815 2.270326228452270
10.378849298660098 2.271419201705122
10.379259445769083 2.272512813930464
10.379666622195051 2.273607070204906
10.380070831937067 2.274701975969488
10.380472078970051 2.275797536328001
10.380870367244610 2.276893756476357
10.381265700687054 2.277990641633703
10.381658083199326 2.279088197075471
10.382047518659883 2.280186427801334
10.382434010923124 2.281285339042603
10.382817563819566 2.282384935997262
10.383198181156464 2.283485223680072
10.383575866717420 2.284586207271463
10.383950624262734 2.285687891860669
10.384322457529629 2.286790282488254
10.384691370232160 2.287893384256441
10.385057366061307 2.288997202259759
10.385420448685423 2.290101741479105
10.385780621749930 2.291207007015150
10.386137888877867 2.292313003816771
10.386492253669788 2.293419736894748
10.386843719703952 2.294527211221503
10.387192290535891 2.295635431950962
10.387537969699833 2.296744403764876
10.387880760707338 2.297854131855450
10.388220667048332 2.298964621077046
10.388557692191196 2.300075876283783
10.388891839582403 2.301187902480563
10.389223112646892 2.302300704578629
10.389551514788394 2.303414287390167
10.389877049389144 2.304528655866631
10.390199719810237 2.305643814853935
10.390519529392074 2.306759769076412
10.390836481453363 2.307876523628864
10.391150579292690 2.308994083085082
10.391461826187347 2.310112452459007
10.391770225394486 2.311231636381916
10.392075780150327 2.312351639793616
10.392378493671043 2.313472467345169
10.392678369152264 2.314594123891314
10.392975409769626 2.315716614121650
10.393269618678460 2.316839942855066
10.393560999014428 2.317964114718267
10.393849553893146 2.319089134490762
10.394135286410178 2.320215006988010
10.394418199642217 2.321341736625551
10.394698296645695 2.322469328340631
10.394975580457903 2.323597786697994
10.395250054096740 2.324727116375379
10.395521720560929 2.325857322002243
10.395790582830102 2.326988408195928
10.396056643864686 2.328120379651177
10.396319906606221 2.329253240961652
10.396580373977605 2.330386996665164
10.396838048882886 2.331521651396683
10.397092934207320 2.332657209796293
10.397345032817968 2.333793676311860
10.397594347563308 2.334931055560454
10.397840881273487 2.336069352081118
10.398084636760389 2.337208570429604
10.398325616817884 2.338348715080050
10.398563824221577 2.339489790629813
10.398799261729517 2.340631801443337
10.399031932081533 2.341774752146419
10.399261837999985 2.342918647117627
10.399488982189183 2.344063490969803
10.399713367336464 2.345209287951050
10.399934996111167 2.346356042699808
10.400153871165658 2.347503759509693
10.400369995134778 2.348652442896116
10.400583370636335 2.349802097218566
10.400794000271048 2.350952726881942
10.401001886622190 2.352104336442352
10.401207032256991 2.353256929963981
10.401409439725043 2.354410512123987
10.401609111559761 2.355565087078925
10.401806050277541 2.356720659321877
10.402000258378392 2.357877233135178
10.402191738346005 2.359034812797479
10.402380492647389 2.360193402744659
10.402566523733510 2.361353007197242
10.402749834039211 2.362513630430409
10.402930425982772 2.363675276900522
10.403108301967000 2.364837950685933
10.403283464378488 2.366001656158618
10.403455915587903 2.367166397607528
10.403625657950426 2.368332179177929
10.403792693805281 2.369499005214607
10.403957025476176 2.370666879915111
10.404118655271251 2.371835807523189
10.404277585483625 2.373005792096835
10.404433818390325 2.374176838113225
10.404587356253828 2.375348949499962
10.404738201320994 2.376522130599287
10.404886355823795 2.377696385505572
10.405031821979049 2.378871718431300
10.405174601988710 2.380048133499878
10.405314698039756 2.381225634902294
10.405452112304745 2.382404226637407
10.405586846941057 2.383583913006351
10.405718904091712 2.384764698033021
10.405848285885160 2.385946585831173
10.405974994435494 2.387129580456174
10.406099031842224 2.388313686074667
10.406220400190621 2.389498906736289
10.406339101551797 2.390685246484960
10.406455137982709 2.391872709379804
10.406568511526213 2.393061299482250
10.406679224211095 2.394251020860140
10.406787278052123 2.395441877582142
10.406892675050692 2.396633873489478
10.406995417193935 2.397827012781770
10.407095506455308 2.399021299458550
10.407192944795128 2.400216737329604
10.407287734159532 2.401413330622002
10.407379876481560 2.402611083168150
10.407469373680872 2.403809998930411
10.407556227663482 2.405010081988646
10.407640440322515 2.406211336154300
10.407722013537649 2.407413765469267
10.407800949175702 2.408617373772114
10.407877249090227 2.409822165069065
10.407950915121893 2.411028143247872
10.408021949098247 2.412235312299631
10.408090352834348 2.413443675993261
10.408156128132518 2.414653238207201
10.408219276781912 2.415864003011499
10.408279800559569 2.417075974082458
10.408337701229758 2.418289155369122
10.408392980544248 2.419503550735103
10.408445640242475 2.420719163997500
10.408495682051374 2.421935999054682
10.408543107685876 2.423154059630987
10.408587918848410 2.424373349664196
10.408630117229396 2.425593872911019
10.408669704507055 2.426815633231076
10.408706682347887 2.428038634305487
10.408741052406093 2.429262880061579
10.408772816324321 2.430488374155603
10.408801975733088 2.431715120480799
10.408828532251313 2.432943122747870
10.408852487486163 2.434172384736483
10.408873843033392 2.435402910115564
10.408892600476934 2.436634702731219
10.408908761389521 2.437867766200906
10.408922327331855 2.439102104482707
10.408933299854082 2.440337720981664
10.408941680494308 2.441574619692569
10.408947470779989 2.442812804085890
10.408950672227132 2.444052277958693
10.408951286340480 2.445293045059159
10.408949314613972 2.446535108963273
10.408944758530414 2.447778473397498
10.408937619561744 2.449023141994263
10.408927899168923 2.450269118458490
10.408915598802231 2.451516406377234
10.408900719901167 2.452765009404964
10.408883263894436 2.454014931214083
10.408863232200185 2.455266175397553
10.408840626225853 2.456518745627219
10.408815447368747 2.457772645360707
10.408787697015258 2.459027878379729
10.408757376541613 2.460284448189715
10.408724487313727 2.461542358363481
10.408689030687038 2.462801612558351
10.408651008007164 2.464062214185370
10.408610420608902 2.465324167073422
10.408567269817672 2.466587474482589
10.408521556948122 2.467852140251075
10.408473283305629 2.469118167634051
10.408422450185025 2.470385560405095
10.408369058871436 2.471654322023607
10.408313110640579 2.472924455839563
10.408254606757616 2.474195965683848
10.408193548478707 2.475468854771365
10.408129937049955 2.476743126760518
10.408063773707941 2.478018785111844
10.407995059679848 2.479295833241947
10.407923796182965 2.480574274792675
10.407849984425589 2.481854113047627
10.407773625606296 2.483135351605849
10.407694720914581 2.484417993817670
10.407613271530421 2.485702043228421
10.407529278624748 2.486987503203327
10.407442743359313 2.488274377180160
10.407353666886427 2.489562668710847
10.407262050349670 2.490852381081506
10.407167894883580 2.492143517710590
10.407071201613588 2.493436082063592
10.406971971656038 2.494730077609050
10.406870206118871 2.496025507548701
10.406765906101027 2.497322375348668
10.406659072692404 2.498620684499338
10.406549706974610 2.499920438199661
10.406437810020106 2.501221640013218
10.406323382893170 2.502524293125847
10.406206426649383 2.503828400940444
10.406086942335742 2.505133966833883
10.405964930990864 2.506440994109306
10.405840393644711 2.507749486197352
10.405713331319278 2.509059446261094
10.405583745027920 2.510370877750469
10.405451635775917 2.511683783899241
10.405317004560260 2.512998168040441
10.405179852369697 2.514314033501223
10.405040180184988 2.515631383519732
10.404897988978600 2.516950221470936
10.404753279715296 2.518270550499685
10.404606053351541 2.519592374007991
10.404456310836022 2.520915695199175
10.404304053109565 2.522240517321769
10.404149281104965 2.523566843705198
10.403991995747406 2.524894677525352
10.403832197954399 2.526224021985785
10.403669888635550 2.527554880409927
10.403505068692890 2.528887255985615
10.403337739020824 2.530221151946359
10.403167900506283 2.531556571463973
10.402995554028475 2.532893517833755
10.402820700459397 2.534231994149323
10.402643340663291 2.535572003738338
10.402463475497500 2.536913549589965
10.402281105811474 2.538256635116507
10.402096232447642 2.539601263380573
10.401908856241288 2.540947437506152
10.401718978020272 2.542295160750324
10.401526598605360 2.543644436239516
10.401331718810326 2.544995267072363
10.401134339441631 2.546347656490144
10.400934461298899 2.547701607553898
10.400732085174733 2.549057123407041
10.400527211854552 2.550414207274451
10.400319842117330 2.551772862082559
10.400109976734727 2.553133091139137
10.399897616471817 2.554494897449454
10.399682762086821 2.555858284149311
10.399465414331363 2.557223254273535
10.399245573950067 2.558589811045221
10.399023241681220 2.559957957408469
10.398798418256394 2.561327696490936
10.398571104400466 2.562699031409677
10.398341300831946 2.564071965167740
10.398109008262738 2.565446500871894
10.397874227398425 2.566822641520727
10.397636958938101 2.568200390197560
10.397397203574453 2.569579749962001
10.397154961993966 2.570960723793181
10.396910234876511 2.572343314861916
10.396663022896400 2.573727525899627
10.396413326720980 2.575113360244579
10.396161147011744 2.576500820776300
10.395906484424193 2.577889910441693
10.395649339607637 2.579280632283479
10.395389713205205 2.580672989353169
10.395127605854105 2.582066984598841
10.394863018185722 2.583462620937917
10.394595950825165 2.584859901494663
10.394326404392032 2.586258829076095
10.394054379499867 2.587659406726567
10.393779876756312 2.589061637443116
10.393502896763353 2.590465524127088
10.393223440117263 2.591871069708293
10.392941507408555 2.593278277153258
10.392657099222175 2.594687149352834
10.392370216137042 2.596097689407884
10.392080858727056 2.597509899997383
10.391789027560122 2.598923784222529
10.391494723198981 2.600339344848858
10.391197946200476 2.601756584955647
10.390898697116283 2.603175507327156
10.390596976492731 2.604596114826785
10.390292784870537 2.606018410453649
10.389986122785164 2.607442397053276
10.389676990766951 2.608868077421349
10.389365389340760 2.610295454525717
10.389051319026166 2.611724531258840
10.388734780337955 2.613155310302732
10.388415773785294 2.614587794717239
10.388094299872442 2.616021987250208
10.387770359098557 2.617457890759454
10.387443951957756 2.618895508071059
10.387115078938995 2.620334842083822
10.386783740526541 2.621775895496290
10.386449937199316 2.623218671299790
10.386113669431857 2.624663172077350
10.385774937693151 2.626109400939491
10.385433742448054 2.627557360368693
10.385090084155976 2.629007053446871
10.384743963272001 2.630458482770892
10.384395380246170 2.631911651252023
10.384044335524141 2.633366561537036
10.383690829546518 2.634823216560871
10.383334862749615 2.636281618944774
10.382976435564888 2.637741771561142
10.382615548419174 2.639203677187579
10.382252201735179 2.640667338397062
10.381886395930609 2.642132758155213
10.381518131419012 2.643599939061248
10.381147408609316 2.645068883933535
10.380774227906098 2.646539595472709
10.380398589709657 2.648012076363822
10.380020494415716 2.649486329429451
10.379639942416052 2.650962357216034
10.379256934097665 2.652440162657253
10.378871469843785 2.653919748244026
10.378483550033181 2.655401116777655
10.378093175040314 2.656884271011120
10.377700345235796 2.658369213493515
10.377305060985922 2.659855946990156
10.376907322652910 2.661344474175562
10.376507130595067 2.662834797648566
10.376104485166449 2.664326920177410
10.375699386717349 2.665820844316779
10.375291835593718 2.667316572887973
10.374881832138076 2.668814108310882
10.374469376688676 2.670313453396465
10.374054469580011 2.671814610725077
10.373637111142791 2.673317582905283
10.373217301703738 2.674822372643820
10.372795041586038 2.676328982444020
10.372370331108906 2.677837415028498
10.371943170587972 2.679347672937640
10.371513560335078 2.680859758824721
10.371081500658491 2.682373675249002
10.370646991862765 2.683889424835690
10.370210034248936 2.685407010139742
10.369770628114424 2.686926433764111
10.369328773753056 2.688447698302736
10.368884471455281 2.689970806269597
10.368437721508011 2.691495760253203
10.367988524194516 2.693022562900516
10.367536879794839 2.694551216676813
10.367082788585732 2.696081724078598
10.366626250840383 2.697614087743730
10.366167266828549 2.699148310255302
10.365705836817018 2.700684393982691
10.365241961068945 2.702222341621020
10.364775639844538 2.703762155548374
10.364306873400460 2.705303838430766
10.363835661990450 2.706847392655070
10.363362005865120 2.708392820703225
10.362885905271526 2.709940125272732
10.362407360454085 2.711489308637857
10.361926371653830 2.713040373426886
10.361442939108791 2.714593322098119
10.360957063054176 2.716148157039721
10.360468743722020 2.717704880795084
10.359977981341432 2.719263495818737
10.359484776138428 2.720824004636098
10.358989128336281 2.722386409624809
10.358491038155385 2.723950713230713
10.357990505813172 2.725516917943249
10.357487531524290 2.727085026179571
10.356982115500470 2.728655040424553
10.356474257950884 2.730226963001533
10.355963959081757 2.731800796427088
10.355451219096730 2.733376543049867
10.354936038196682 2.734954205307425
10.354418416579689 2.736533785674856
10.353898354441295 2.738115286488887
10.353375851974601 2.739698710071423
10.352850909369817 2.741284058946614
10.352323526814741 2.742871335425206
10.351793704494497 2.744460541949994
10.351261442591934 2.746051680782699
10.350726741287264 2.747644754357002
10.350189600757991 2.749239765155624
10.349650021179915 2.750836715181870
10.349108002725529 2.752435607217313
10.348563545565446 2.754036443365880
10.348016649867935 2.755639225959012
10.347467315798772 2.757243957406710
10.346915543521392 2.758850640057377
10.346361333197260 2.760459276077553
10.345804684985204 2.762069867972169
10.345245599041911 2.763682418008914
10.344684075522041 2.765296928406245
10.344120114577978 2.766913401513173
10.343553716359782 2.768531839699249
10.342984881015685 2.770152245114748
10.342413608691510 2.771774620190989
10.341839899531363 2.773398967021324
10.341263753676801 2.775025288124545
10.340685171267770 2.776653585562233
10.340104152442054 2.778283861668803
10.339520697335464 2.779916118698613
10.338934806081843 2.781550358903565
10.338346478813213 2.783186584476752
10.337755715659419 2.784824797785125
10.337162516748712 2.786465000920685
10.336566882207119 2.788107196288267
10.335968812159441 2.789751385816073
10.335368306728064 2.791397572007277
10.334765366033849 2.793045756947624
10.334159990195971 2.794695942807350
10.333552179331502 2.796348131955385
10.332941933556405 2.798002326297228
10.332329252984277 2.799658528339168
10.331714137727539 2.801316740032893
10.331096587896779 2.802976963640167
10.330476603601106 2.804639201263201
10.329854184947589 2.806303455283875
10.329229332042363 2.807969727548309
10.328602044989481 2.809638020468329
10.327972323891945 2.811308335957564
10.327340168850688 2.812980676433567
10.326705579965651 2.814655043796445
10.326068557334992 2.816331440334051
10.325429101055763 2.818009868007351
10.324787211223290 2.819690329088391
10.324142887931643 2.821372825629997
10.323496131273590 2.823057359703033
10.322846941340501 2.824743933434167
10.322195318222349 2.826432548962889
10.321541262007941 2.828123208304875
10.320884772784719 2.829815913597192
10.320225850638895 2.831510666897906
10.319564495655529 2.833207470248040
10.318900707918420 2.834906325734557
10.318234487510084 2.836607235465883
10.317565834512033 2.838310201422651
10.316894749004470 2.840015225732024
10.316221231066725 2.841722310316428
10.315545280776867 2.843431457294380
10.314866898211946 2.845142668666802
10.314186083447792 2.846855946544772
10.313502836559643 2.848571292729813
10.312817157621286 2.850288709450294
10.312129046705509 2.852008198722917
10.311438503884739 2.853729762249941
10.310745529229649 2.855453402426570
10.310050122810575 2.857179120952690
10.309352284696864 2.858906919854711
10.308652014956753 2.860636801225370
10.307949313657790 2.862368766955449
10.307244180866737 2.864102818978552
10.306536616649467 2.865838959298419
10.305826621071024 2.867577189885480
10.305114194195880 2.869317512580761
10.304399336087677 2.871059929372194
10.303682046809147 2.872804442282668
10.302962326422540 2.874551053126712
10.302240174989398 2.876299763841788
10.301515592570521 2.878050576378677
10.300788579226127 2.879803492618007
10.300059135015745 2.881558514498097
10.299327259998527 2.883315643803845
10.298592954232820 2.885074882537135
10.297856217776545 2.886836232519188
10.297117050687000 2.888599695666908
10.296375453021001 2.890365273841169
10.295631424835019 2.892132968827787
10.294884966184823 2.893902782599623
10.294136077125772 2.895674716991635
10.293384757713053 2.897448773714764
10.292631008001235 2.899224954713293
10.291874828044520 2.901003261813877
10.291116217896668 2.902783696871522
10.290355177611257 2.904566261629248
10.289591707241565 2.906350957882905
10.288825806840446 2.908137787496261
10.288057476460454 2.909926752284314
10.287286716153899 2.911717854019778
10.286513525973060 2.913511094389501
10.285737905969476 2.915306475432543
10.284959856195206 2.917103998551559
10.284179376701626 2.918903665772238
10.283396467540090 2.920705478783232
10.282611128761744 2.922509439366749
10.281823360417775 2.924315549191237
10.281033162558979 2.926123810143216
10.280240535236612 2.927934223679048
10.279445478501207 2.929746791862071
10.278647992403728 2.931561516172377
10.277848076995026 2.933378398372518
10.277045732325858 2.935197440213690
10.276240958446923 2.937018643434163
10.275433755409287 2.938842009557223
10.274624123263880 2.940667540376685
10.273812062061419 2.942495237712424
10.272997571853370 2.944325102908008
10.272180652690839 2.946157137869366
10.271361304625049 2.947991344273925
10.270539527707809 2.949827723544988
10.269715321990571 2.951666277607823
10.268888687525457 2.953507007853947
10.268059624364490 2.955349916079957
10.267228132560103 2.957195003812928
10.266394212164933 2.959042272705141
10.265557863231749 2.960891724436834
10.264719085813985 2.962743360416904
10.263877879965014 2.964597182441195
10.263034245738696 2.966453192011690
10.262188183189366 2.968311390653430
10.261339692371532 2.970171780040949
10.260488773340251 2.972034361660772
10.259635426150844 2.973899137147028
10.258779650859164 2.975766108006560
10.257921447521477 2.977635275795928
10.257060816194709 2.979506641959511
10.256197756935954 2.981380208192182
10.255332269802913 2.983255975970234
10.254464354854202 2.985133946602112
10.253594012148293 2.987014121961391
10.252721241744680 2.988896503307381
10.251846043703457 2.990781092134000
10.250968418085213 2.992667889972848
10.250088364951116 2.994556898334442
10.249205884363027 2.996448118663130
10.248320976383427 2.998341552442453
10.247433641075700 3.000237201013266
10.246543878503550 3.002135066022222
10.245651688731904 3.004035148644467
10.244757071825681 3.005937450714256
10.243860027851351 3.007841973228817
10.242960556875698 3.009748717851869
10.242058658966330 3.011657685983766
10.241154334191943 3.013568878876169
10.240247582621665 3.015482298141150
10.239338404325853 3.017397944958827
10.238426799375320 3.019315820935342
10.237512767842228 3.021235927193984
10.236596309799356 3.023158265253240
10.235677425320326 3.025082836515497
10.234756114480160 3.027009642082849
10.233832377354117 3.028938683685168
10.232906214019215 3.030869962240115
10.231977624552853 3.032803479403542
10.231046609033887 3.034739236252501
10.230113167541806 3.036677234322966
10.229177300157501 3.038617474717613
10.228239006962626 3.040559958903724
10.227298288040279 3.042504687976860
10.226355143474350 3.044451663379261
10.225409573350166 3.046400886221079
10.224461577753688 3.048352358036806
10.223511156772670 3.050306079738627
10.222558310495664 3.052262052779997
10.221603039012360 3.054220278432699
10.220645342413890 3.056180757803214
10.219685220792607 3.058143492124128
10.218722674241988 3.060108482672192
10.217757702856703 3.062075730703177
10.216790306733085 3.064045237205932
10.215820485968374 3.066017003587085
10.214848240661263 3.067991030956465
10.213873570911989 3.069967320381465
10.212896476821870 3.071945873174736
10.211916958493768 3.073926690401904
10.210935016031762 3.075909773305367
10.209950649541629 3.077895122875189
10.208963859130396 3.079882740337723
10.207974644906507 3.081872626832209
10.206983006979918 3.083864783450043
10.205988945462234 3.085859211202282
10.204992460466180 3.087855911401346
10.203993552106404 3.089854884909339
10.202992220499024 3.091856132845733
10.201988465761424 3.093859656438442
10.200982288012922 3.095865456553888
10.199973687374158 3.097873534393345
10.198962663967588 3.099883890881723
10.197949217917266 3.101896527081345
10.196933349348603 3.103911444166958
10.195915058389067 3.105928642945259
10.194894345167645 3.107948124513152
10.193871209815002 3.109969889878355
10.192845652463479 3.111993940060935
10.191817673247265 3.114020275968517
10.190787272302275 3.116048898597215
10.189754449766118 3.118079808948488
10.188719205778401 3.120113007860808
10.187681540479968 3.122148496592983
10.186641454014328 3.124186275615179
10.185598946526158 3.126226346223498
10.184554018162377 3.128268709126703
10.183506669071544 3.130313365359246
10.182456899404139 3.132360315810208
10.181404709312698 3.134409561279209
10.180350098951454 3.136461102782722
10.179293068476868 3.138514941030444
10.178233618047093 3.140571077036661
10.177171747822577 3.142629511474790
10.176107457965411 3.144690245385456
10.175040748639933 3.146753279477529
10.173971620012408 3.148818614625207
10.172900072251105 3.150886251675502
10.171826105526458 3.152956191372568
10.170749720011077 3.155028434459950
10.169670915879474 3.157102981838363
10.168589693308274 3.159179834284455
10.167506052476531 3.161258992398141
10.166419993565036 3.163340457171507
10.165331516756948 3.165424229238102
10.164240622237859 3.167510309198474
10.163147310194960 3.169598698119208
10.162051580818293 3.171689396360075
10.160953434299758 3.173782404848840
10.159852870833591 3.175877724231261
10.158749890616450 3.177975355114343
10.157644493846977 3.180075298350430
10.156536680726511 3.182177554377972
10.155426451458203 3.184282124152667
10.154313806248160 3.186389007970516
10.153198745304344 3.188498206752591
10.152081268837316 3.190609721001551
10.150961377059913 3.192723551399140
10.149839070187456 3.194839698506509
10.148714348437911 3.196958162800724
10.147587212031187 3.199078945149215
10.146457661190166 3.201202045836147
10.145325696139704 3.203327465715633
10.144191317107607 3.205455205079588
10.143054524323743 3.207585264729892
10.141915318021066 3.209717644885043
10.140773698434630 3.211852346316483
10.139629665802074 3.213989369531688
10.138483220363899 3.216128714863018
10.137334362362893 3.218270382985007
10.136183092044702 3.220414374236004
10.135029409657328 3.222560689244748
10.133873315451666 3.224709328325011
10.132714809681197 3.226860291976448
10.131553892601930 3.229013580717458
10.130390564472767 3.231169194871609
10.129224825555326 3.233327134843803
10.128056676113731 3.235487401175250
10.126886116415164 3.237649994081564
10.125713146729149 3.239814914188070
10.124537767328537 3.241982161549568
10.123359978488422 3.244151736853217
10.122179780487178 3.246323640175119
10.120997173605572 3.248497872113409
10.119812158127640 3.250674432748140
10.118624734339935 3.252853322597866
10.117434902532034 3.255034541888715
10.116242662996479 3.257218090872001
10.115048016028640 3.259403969883489
10.113850961926735 3.261592179242948
10.112651500992078 3.263782719126002
10.111449633528872 3.265975589821183
10.110245359844312 3.268170791566323
10.109038680248428 3.270368324675418
10.107829595054717 3.272568189103293
10.106618104579104 3.274770385402971
10.105404209140978 3.276974913523248
10.104187909062739 3.279181773674815
10.102969204669723 3.281390966107654
10.101748096290299 3.283602491022294
10.100524584256231 3.285816348390555
10.099298668902138 3.288032538508362
10.098070350566042 3.290251061350685
10.096839629588835 3.292471917194042
10.095606506314750 3.294695106041676
10.094370981091194 3.296920627994835
10.093133054268781 3.299148483122575
10.091892726201417 3.301378671457309
10.090649997246015 3.303611193184204
10.089404867763115 3.305846048121857
10.088157338116122 3.308083236546016
10.086907408672042 3.310322758284488
10.085655079801006 3.312564613446461
10.084400351876646 3.314808801919237
10.083143225275695 3.317055323823181
10.081883700378432 3.319304179006874
10.080621777568565 3.321555367396156
10.079357457233003 3.323808889038581
10.078090739761928 3.326064743947311
10.076821625549529 3.328322931682682
10.075550114992742 3.330583452563958
10.074276208492384 3.332846306226644
10.072999906452605 3.335111492632835
10.071721209281034 3.337379011647802
10.070440117388879 3.339648863083674
10.069156631190801 3.341921046816608
10.067870751104930 3.344195562715864
10.066582477553217 3.346472410436044
10.065291810960813 3.348751589994125
10.063998751756712 3.351033101027618
10.062703300373405 3.353316943374064
10.061405457246984 3.355603116804597
10.060105222817285 3.357891620999968
10.058802597527649 3.360182455787299
10.057497581825215 3.362475620804221
10.056190176160655 3.364771115859635
10.054880380988456 3.367068940568057
10.053568196766777 3.369369094646009
10.052253623957508 3.371671577765087
10.050936663026301 3.373976389562976
10.049617314442468 3.376283529752881
10.048295578679362 3.378592997804502
10.046971456213768 3.380904793550441
10.045644947526483 3.383218916477529
10.044316053102142 3.385535366163876
10.042984773429213 3.387854142191119
10.041651108999902 3.390175244196676
10.040315060310476 3.392498671615154
10.038976627860864 3.394824424123792
10.037635812155207 3.397152501050780
10.036292613701210 3.399482902126422
10.034947033010841 3.401815626647086
10.033599070599680 3.404150674299509
10.032248726987683 3.406488044301121
10.030896002698473 3.408827736302592
10.029540898259759 3.411169749685030
10.028183414203333 3.413514083835800
10.026823551064901 3.415860738240547
10.025461309384266 3.418209712257064
10.024096689705470 3.420561005169686
10.022729692576263 3.422914616572059
10.021360318548997 3.425270545500347
10.019988568179523 3.427628791681848
10.018614442028325 3.429989354120546
10.017237940659664 3.432352232360622
10.015859064642459 3.434717425384925
10.014477814549233 3.437084932830240
10.013094190957045 3.439454753748746
10.011708194447095 3.441826887434648
10.010319825604672 3.444201333209662
10.008929085019389 3.446578090240475
10.007535973285277 3.448957157634658
10.006140491000394 3.451338534740083
10.004742638767175 3.453722220674542
10.003342417192457 3.456108214537453
10.001939826887149 3.458496515635280
10.000534868466737 3.460887122948554
9.999127542551028 3.463280035608584
9.997717849763818 3.465675252961752
9.996305790733926 3.468072773687405
9.994891366094134 3.470472597129931
9.993474576481512 3.472874722431130
9.992055422538064 3.475279148309280
9.990633904909709 3.477685874126021
9.989210024247235 3.480094898635715
9.987783781205561 3.482506221051826
9.986355176444295 3.484919840227105
9.984924210627545 3.487335755136000
9.983490884423814 3.489753964799988
9.982055198506371 3.492174468016740
9.980617153552737 3.494597263893995
9.979176750245284 3.497022351149751
9.977733989270712 3.499449728839489
9.976288871320367 3.501879395802783
9.974841397090481 3.504311350722797
9.973391567281620 3.506745592630758
9.971939382599034 3.509182120322774
9.970484843752628 3.511620932610458
9.969027951457099 3.514062028218546
9.967568706431788 3.516505405942139
9.966107109400632 3.518951064625311
9.964643161092429 3.521399002914706
9.963176862240696 3.523849219553330
9.961708213583483 3.526301713396221
9.960237215863986 3.528756482889533
9.958763869829728 3.531213527015630
9.957288176233460 3.533672844154478
9.955810135832500 3.536134433113150
9.954329749389025 3.538598292502971
9.952847017670145 3.541064420883277
9.951361941447574 3.543532817013769
9.949874521498344 3.546003479189258
9.948384758603815 3.548476406335404
9.946892653550858 3.550951596611851
9.945398207130699 3.553429048914039
9.943901420139806 3.555908761555050
9.942402293379672 3.558390732984510
9.940900827656323 3.560874961970228
9.939397023781421 3.563361446539685
9.937890882570926 3.565850185599541
9.936382404846388 3.568341177203660
9.934871591433915 3.570834420063137
9.933358443164956 3.573329912385673
9.931842960875949 3.575827652587490
9.930325145408274 3.578327639117647
9.928804997608523 3.580829870237362
9.927282518328502 3.583334344196781
9.925757708424751 3.585841059557335
9.924230568759356 3.588350014341507
9.922701100199177 3.590861207061466
9.921169303616555 3.593374635771877
9.919635179888749 3.595890298873448
9.918098729898421 3.598408194454671
9.916559954533270 3.600928320832823
9.915018854686252 3.603450676159166
9.913475431255584 3.605975258597447
9.911929685144731 3.608502066297500
9.910381617262397 3.611031097404834
9.908831228522644 3.613562349989994
9.907278519844617 3.616095822283267
9.905723492152953 3.618631512248766
9.904166146377538 3.621169417998036
9.902606483453637 3.623709537543052
9.901044504321840 3.626251868934603
9.899480209928106 3.628796410174044
9.897913601223697 3.631343159304757
9.896344679165399 3.633892114217110
9.894773444715300 3.636443272931523
9.893199898840972 3.638996633347060
9.891624042515478 3.641552193348191
9.890045876717144 3.644109950954802
9.888465402429873 3.646669903981383
9.886882620643009 3.649232050316178
9.885297532351670 3.651796387612181
9.883710138555916 3.654362914080042
9.882120440261870 3.656931627169015
9.880528438480921 3.659502524844271
9.878934134230065 3.662075604842492
9.877337528531783 3.664650864969244
9.875738622414351 3.667228302812163
9.874137416911548 3.669807916153636
9.872533913062506 3.672389702851316
9.870928111912423 3.674973660292797
9.869320014511620 3.677559786476372
9.867709621916664 3.680148078641689
9.866096935189422 3.682738534652726
9.864481955397316 3.685331152197315
9.862864683613806 3.687925928620525
9.861245120917843 3.690522861635488
9.859623268394243 3.693121948683748
9.857999127133253 3.695723187495963
9.856372698231262 3.698326575313642
9.854743982790286 3.700932109707852
9.853112981918015 3.703539788220463
9.851479696728081 3.706149608195103
9.849844128339630 3.708761567249680
9.848206277877962 3.711375662571258
9.846566146474176 3.713991891562714
9.844923735265025 3.716610251727641
9.843279045393274 3.719230740313159
9.841632078007573 3.721853354631155
9.839982834262154 3.724478092207545
9.838331315317658 3.727104949980276
9.836677522340336 3.729733925424734
9.835021456502396 3.732365015776883
9.833363118982170 3.734998218135710
9.831702510963465 3.737633530039586
9.830039633636542 3.740270948349801
9.828374488197587 3.742910470266843
9.826707075848638 3.745552093046560
9.825037397797814 3.748195813765033
9.823365455259157 3.750841629596842
9.821691249452849 3.753489537562540
9.820014781605130 3.756139534724268
9.818336052948299 3.758791618127258
9.816655064720736 3.761445784801324
9.814971818166899 3.764102031756748
9.813286314537359 3.766760355975580
9.811598555088729 3.769420754471970
9.809908541083834 3.772083224132032
9.808216273791658 3.774747761875262
9.806521754487198 3.777414364695836
9.804824984452043 3.780083029187331
9.803125964973326 3.782753752655378
9.801424697344910 3.785426531566106
9.799721182866678 3.788101362870999
9.798015422844669 3.790778243418234
9.796307418591207 3.793457169943371
9.794597171424947 3.796138139150920
9.792884682670692 3.798821147853531
9.791169953659670 3.801506192659359
9.789452985729280 3.804193270341945
9.787733780223101 3.806882377657955
9.786012338491412 3.809573510986143
9.784288661890265 3.812266667340646
9.782562751782656 3.814961842905547
9.780834609537559 3.817659034532483
9.779104236530312 3.820358238780511
9.777371634142792 3.823059452081451
9.775636803763245 3.825762670969029
9.773899746786080 3.828467892115574
9.772160464612540 3.831175111697946
9.770418958649918 3.833884326443549
9.768675230312228 3.836595532585368
9.766929281019607 3.839308726770903
9.765181112198905 3.842023905215244
9.763430725283614 3.844741064168897
9.761678121713336 3.847460200250116
9.759923302934283 3.850181309710368
9.758166270399405 3.852904388685189
9.756407025567905 3.855629433660248
9.754645569905623 3.858356440818621
9.752881904885088 3.861085406299730
9.751116031985186 3.863816326470444
9.749347952691338 3.866549197543434
9.747577668495911 3.869284015439621
9.745805180897543 3.872020776540602
9.744030491401544 3.874759476926164
9.742253601519986 3.877500112605563
9.740474512771291 3.880242679858783
9.738693226680898 3.882987174481806
9.736909744780542 3.885733592769988
9.735124068608981 3.888481930488085
9.733336199711395 3.891232183805363
9.731546139639754 3.893984348633337
9.729753889952731 3.896738420910000
9.727959452215627 3.899494396624407
9.726162828000575 3.902252271610473
9.724364018886547 3.905012041664299
9.722563026459031 3.907773702817114
9.720759852310414 3.910537250806684
9.718954498039885 3.913302681410533
9.717146965253306 3.916069990509443
9.715337255563361 3.918839173840660
9.713525370589817 3.921610226951481
9.711711311958680 3.924383145976284
9.709895081303356 3.927157926199547
9.708076680263849 3.929934563468396
9.706256110487054 3.932713053405803
9.704433373626619 3.935493391712755
9.702608471343192 3.938275573906517
9.700781405304291 3.941059595573807
9.698952177184401 3.943845452219509
9.697120788664696 3.946633139533657
9.695287241433384 3.949422652945158
9.693451537185791 3.952213987799946
9.691613677623780 3.955007139851139
9.689773664456652 3.957802104184521
9.687931499400236 3.960598876532929
9.686087184177470 3.963397452184785
9.684240720518483 3.966197826357942
9.682392110160118 3.968999994598137
9.680541354846275 3.971803952189196
9.678688456328109 3.974609694249073
9.676833416363452 3.977417216309651
9.674976236717340 3.980226513491202
9.673116919161885 3.983037580999785
9.671255465476223 3.985850414060076
9.669391877446579 3.988665007828895
9.667526156866057 3.991481357607470
9.665658305535194 3.994299458273695
9.663788325261281 3.997119305174540
9.661916217858966 3.999940893221229
9.660041985149817 4.002764217601698
9.658165628962600 4.005589273305322
9.656287151133469 4.008416055152145
9.654406553505085 4.011244558599769
9.652523837927966 4.014074778089926
9.650639006259457 4.016906708811166
9.648752060363975 4.019740345745432
9.646863002113196 4.022575683733798
9.644971833386393 4.025412717341519
9.643078556069291 4.028251441953379
9.641183172055371 4.031091851997882
9.639285683245172 4.033933942371058
9.637386091546469 4.036777707848458
9.635484398874199 4.039623143226967
9.633580607150737 4.042470243080151
9.631674718305595 4.045319002192647
9.629766734275414 4.048169415341086
9.627856657004255 4.051021477053985
9.625944488443638 4.053875181830970
9.624030230551982 4.056730524554239
9.622113885295260 4.059587499610217
9.620195454646689 4.062446101595140
9.618274940586781 4.065306325045978
9.616352345103422 4.068168164427493
9.614427670191915 4.071031614155256
9.612500917854689 4.073896668832294
9.610572090101618 4.076763322821796
9.608641188949980 4.079631570483619
9.606708216424392 4.082501406214182
9.604773174556927 4.085372824309583
9.602836065386796 4.088245819271457
9.600896890960881 4.091120385199752
9.598955653333279 4.093996516501868
9.597012354565670 4.096874207296427
9.595066996726858 4.099753452037930
9.593119581893319 4.102634244728455
9.591170112148959 4.105516579551969
9.589218589585069 4.108400450698083
9.587265016300252 4.111285852393475
9.585309394400705 4.114172778633829
9.583351726000098 4.117061223488247
9.581392013219491 4.119951181062918
9.579430258187500 4.122842645326395
9.577466463040141 4.125735610344685
9.575500629921109 4.128630069943529
9.573532760981207 4.131526018373450
9.571562858379057 4.134423449323058
9.569590924280881 4.137322356619181
9.567616960860057 4.140222734418030
9.565640970297778 4.143124576346790
9.563662954782624 4.146027876340918
