1.413430424811061 -0.000128420262316
1.458600319224386 -0.327185181587528
1.503381698624587 -0.322791336906346
1.547778952793109 -0.318956236286252
1.591797132312130 -0.315608291001475
1.635441850893520 -0.312685421050012
1.678719183894185 -0.310133821814560
1.721635570832149 -0.307906861910429
1.764197725973605 -0.305964111672871
1.806412558781429 -0.304270494934773
1.848287104662041 -0.302795553374936
1.889828465675787 -0.301512811446540
1.931043760470394 -0.300399229792736
1.971940082509687 -0.299434735765871
2.012524465619757 -0.298601820576641
2.052803855896725 -0.297885193797111
2.092785089088067 -0.297271486987468
2.132474872642996 -0.296748999353251
2.171879771718773 -0.296307479288330
2.211006198519360 -0.295937936540953
2.249860404426913 -0.295632480503855
2.288448474462946 -0.295384180794986
2.326776323683363 -0.295186946881587
2.364849695171449 -0.295035423970773
2.402674159345481 -0.294924902799825
2.440255114339580 -0.294851241376028
2.477597787257678 -0.294810796909548
2.514707236130328 -0.294800366547217
2.551588352433387 -0.294817135644542
2.588245864049229 -0.294858632565639
2.624684338572662 -0.294922689082385
2.660908186879125 -0.295007405636864
2.696921666886178 -0.295111120825942
2.732728887453452 -0.295232384504797
2.768333812372787 -0.295369934096066
2.803740264411664 -0.295522673633377
2.838951929376837 -0.295689655249416
2.873972360174823 -0.295870062724548
2.908804980846370 -0.296063196922918
2.943453090559172 -0.296268462826429
2.977919867545805 -0.296485357984328
3.012208372976014 -0.296713462221158
3.046321554754658 -0.296952428459358
3.080262251240124 -0.297201974495243
3.114033194878443 -0.297461875640998
3.147637015748675 -0.297731958155251
3.181076245019386 -0.298012093311162
3.214353318313067 -0.298302192107683
3.247470578979398 -0.298602200488386
3.280430281276808 -0.298912095053452
3.313234593462509 -0.299231879208982
3.345885600793337 -0.299561579669759
3.378385308437261 -0.299901243336893
3.410735644297619 -0.300250934471913
3.442938461752349 -0.300610732135841
3.474995542309285 -0.300980727894878
3.506908598179147 -0.301361023758059
3.538679274770576 -0.301751730266431
3.570309153105525 -0.302152964848707
3.601799752160679 -0.302564850262965
3.633152531135046 -0.302987513232657
3.664368891646015 -0.303421083213355
3.695450179856350 -0.303865691275092
3.726397688534867 -0.304321469080006
3.757212659050131 -0.304788548023334
3.787896283303165 -0.305267058375469
3.818449705597426 -0.305757128592197
3.848874024449922 -0.306258884656572
3.879170294345013 -0.306772449497337
3.909339527431576 -0.307297942496923
3.939382695168012 -0.307835478994345
3.969300729912461 -0.308385169941439
3.999094526464331 -0.308947121503732
4.028764943555111 -0.309521434790180
4.058312805293338 -0.310108205544881
4.087738902561168 -0.310707523971251
4.117043994367466 -0.311319474507685
4.146228809158003 -0.311944135653360
4.175294046082156 -0.312581579868030
4.204240376219169 -0.313231873456707
4.233068443766050 -0.313895076457520
4.261778867185031 -0.314571242630173
4.290372240315789 -0.315260419367507
4.318849133449666 -0.315962647718769
4.347210094370394 -0.316677962346674
4.375455649359548 -0.317406391568514
4.403586304170116 -0.318147957352829
4.431602544966227 -0.318902675400743
4.459504839234273 -0.319670555133537
4.487293636661111 -0.320451599819154
4.514969369984986 -0.321245806590785
4.542532455816764 -0.322053166554953
4.569983295433784 -0.322873664870558
4.597322275546630 -0.323707280846843
4.624549769040883 -0.324553988016571
4.651666135691263 -0.325413754297012
4.678671722853452 -0.326286542042765
4.705566866130208 -0.327172308205021
4.732351890015368 -0.328071004421431
4.759027108514673 -0.328982577153590
4.785592825744379 -0.329906967818571
4.812049336508880 -0.330844112908135
4.838396926858179 -0.331793944104233
4.864635874623514 -0.332756388454029
4.890766449934884 -0.333731368465671
4.916788915719269 -0.334718802250212
4.942703528179579 -0.335718603676827
4.968510537256330 -0.336730682491331
4.994210187071938 -0.337754944450539
5.019802716357460 -0.338791291473941
5.045288358863348 -0.339839621767242
5.070667343753638 -0.340899829972868
5.095939895985625 -0.341971807278199
5.121106236672816 -0.343055441592540
5.146166583435195 -0.344150617628717
5.171121150733342 -0.345257217086130
5.195970150189527 -0.346375118760287
5.220713790896462 -0.347504198644864
5.245352279710387 -0.348644330129665
5.269885821534515 -0.349795384047928
5.294314619587791 -0.350957228865777
5.318638875662941 -0.352129730774070
5.342858790373070 -0.353312753807127
5.366974563386397 -0.354506159980474
5.390986393649972 -0.355709809412823
5.414894479604445 -0.356923560398896
5.438699019386281 -0.358147269586858
5.462400211021941 -0.359380792039079
5.485998252611564 -0.360623981366669
5.509493342503648 -0.361876689828706
5.532885679460418 -0.363138768445775
5.556175462815065 -0.364410067087115
5.579362892619961 -0.365690434587031
5.602448169787003 -0.366979718835315
5.625431496219632 -0.368277766884889
5.648313074938098 -0.369584425021050
5.671093110196514 -0.370899538875640
5.693771807592980 -0.372222953510068
5.716349374172737 -0.373554513504183
5.738826018525022 -0.374894063030291
5.761201950873139 -0.376241445944845
5.783477383157973 -0.377596505878022
5.805652529116625 -0.378959086279710
5.827727604353924 -0.380329030532246
5.849702826408708 -0.381706182013673
5.871578414816141 -0.383090384128870
5.893354591162283 -0.384481480449932
5.915031579135528 -0.385879314730618
5.936609604572970 -0.387283730977444
5.958088895501248 -0.388694573537840
5.979469682174560 -0.390111687113359
6.000752197106001 -0.391534916886800
6.021936675097227 -0.392964108507415
6.043023353262611 -0.394399108190586
6.064012471050117 -0.395839762753777
6.084904270258208 -0.397285919677275
6.105698995050274 -0.398737427121600
6.126396891963902 -0.400194134027674
6.146998209918553 -0.401655890112805
6.167503200219715 -0.403122545927993
6.187912116559281 -0.404593952922019
6.208225215014747 -0.406069963433464
6.228442754043205 -0.407550430801911
6.248564994476459 -0.409035209295442
6.268592199509481 -0.410524154268743
6.288524634690206 -0.412017122087416
6.308362567904333 -0.413513970241080
6.328106269359782 -0.415014557320394
6.347756011568616 -0.416518743060490
6.367312069326422 -0.418026388386770
6.386774719691108 -0.419537355403177
6.406144241958725 -0.421051507453639
6.425420917638740 -0.422568709112512
6.444605030426828 -0.424088826233853
6.463696866177324 -0.425611725938276
6.482696712872832 -0.427137276675654
6.501604860594177 -0.428665348193702
6.520421601488082 -0.430195811586341
6.539147229733817 -0.431728539305929
6.557782041509276 -0.433263405161920
6.576326334956013 -0.434800284335783
6.594780410142512 -0.436339053418581
6.613144569027706 -0.437879590387875
6.631419115423183 -0.439421774633675
6.649604354954970 -0.440965486957654
6.667700595023804 -0.442510609607360
6.685708144766460 -0.444057026231089
6.703627315014435 -0.445604621949145
6.721458418253811 -0.447153283306379
6.739201768584044 -0.448702898296218
6.756857681676657 -0.450253356354332
6.774426474732307 -0.451804548401316
6.791908466439915 -0.453356366770590
6.809303976933335 -0.454908705278131
6.826613327749212 -0.456461459178933
6.843836841783127 -0.458014525215107
6.860974843248010 -0.459567801538984
6.878027657630104 -0.461121187785586
6.894995611646062 -0.462674585032905
6.911879033199806 -0.464227895805323
6.928678251339466 -0.465781024067946
6.945393596214013 -0.467333875233542
6.962025399030209 -0.468886356150197
6.978573992009841 -0.470438375089809
6.995039708347105 -0.471989841742458
7.011422882164789 -0.473540667253049
7.027723848473095 -0.475090764136191
7.043942943126789 -0.476640046329237
7.060080502782327 -0.478188429193455
7.076136864857635 -0.479735829427523
7.092112367488604 -0.481282165175642
7.108007349489234 -0.482827355909058
7.123822150309567 -0.484371322499168
7.139557109995859 -0.485913987146214
7.155212569149349 -0.487455273426538
7.170788868886731 -0.488995106238540
7.186286350800251 -0.490533411817475
7.201705356918393 -0.492070117717910
7.217046229667047 -0.493605152800660
7.232309311830676 -0.495138447235580
7.247494946514575 -0.496669932467947
7.262603477106830 -0.498199541231976
7.277635247240999 -0.499727207529677
7.292590600759818 -0.501252866600272
7.307469881677948 -0.502776454955798
7.322273434146892 -0.504297910311854
7.337001602418426 -0.505817171641862
7.351654730810933 -0.507334179082846
7.366233163673478 -0.508848874015724
7.380737245352528 -0.510361198980621
7.395167320158530 -0.511871097685065
7.409523732331929 -0.513378515028082
7.423806826011200 -0.514883397035899
7.438016945200580 -0.516385690876547
7.452154433738680 -0.517885344834691
7.466219635266602 -0.519382308332746
7.480212893197796 -0.520876531876583
7.494134550688556 -0.522367967037542
7.507984950606560 -0.523856566525335
7.521764435504120 -0.525342284029692
7.535473347587351 -0.526825074366828
7.549112028689335 -0.528304893345648
7.562680820242173 -0.529781697811267
7.576180063249902 -0.531255445620207
7.589610098261472 -0.532726095642574
7.602971265345336 -0.534193607711415
7.616263904063321 -0.535657942652177
7.629488353445378 -0.537119062257407
7.642644951965527 -0.538576929249344
7.655734037516696 -0.540031507323861
7.668755947388743 -0.541482761043320
7.681711018243321 -0.542930655952690
7.694599586092642 -0.544375158446842
7.707421986276743 -0.545816235828098
7.720178553441702 -0.547253856277674
7.732869621518526 -0.548687988836420
7.745495523702481 -0.550118603393749
7.758056592432091 -0.551545670704504
7.770553159370725 -0.552969162300596
7.782985555385483 -0.554389050593007
7.795354110529805 -0.555805308742370
7.807659154024065 -0.557217910735914
7.819901014237543 -0.558626831342881
7.832080018671261 -0.560032046087409
7.844196493941074 -0.561433531243698
7.856250765759784 -0.562831263875887
7.868243158922552 -0.564225221723000
7.880173997289321 -0.565615383311309
7.892043603770598 -0.567001727836741
7.903852300311839 -0.568384235219702
7.915600407879338 -0.569762886054270
7.927288246445295 -0.571137661642553
7.938916134975009 -0.572508543920213
7.950484391412289 -0.573875515526486
7.961993332667625 -0.575238559705997
7.973443274604366 -0.576597660386360
7.984834532027560 -0.577952802083416
7.996167418671710 -0.579303969944931
8.007442247188797 -0.580651149744705
8.018659329137604 -0.581994327837408
8.029818974973466 -0.583333491146344
8.040921494036340 -0.584668627229814
8.051967194542049 -0.585999724165430
8.062956383572573 -0.587326770589264
8.073889367065822 -0.588649755718627
8.084766449806825 -0.589968669302445
8.095587935419490 -0.591283501601737
8.106354126358063 -0.592594243404870
8.117065323898620 -0.593900886029592
8.127721828131584 -0.595203421286257
8.138323937954342 -0.596501841477412
8.148871951064274 -0.597796139384743
8.159366163951139 -0.599086308296846
8.169806871891364 -0.600372341938263
8.180194368941637 -0.601654234499568
8.190528947932126 -0.602931980653771
8.200810900461468 -0.604205575491589
8.211040516892046 -0.605475014511109
8.221218086343244 -0.606740293700318
8.231343896687525 -0.608001409428378
8.241418234545408 -0.609258358491905
8.251441385281590 -0.610511138071928
8.261413633000510 -0.611759745757904
8.271335260542180 -0.613004179539370
8.281206549478929 -0.614244437772383
8.291027780112103 -0.615480519183023
8.300799231468153 -0.616712422893780
8.310521181296876 -0.617940148339661
8.320193906067662 -0.619163695349515
8.329817680966853 -0.620383064103972
8.339392779896876 -0.621598255065984
8.348919475472822 -0.622809269083952
8.358398039020718 -0.624016107326933
8.367828740576467 -0.625218771258405
8.377211848884247 -0.626417262659632
8.386547631394475 -0.627611583648850
8.395836354263373 -0.628801736617601
8.405078282352253 -0.629987724244649
8.414273679226225 -0.631169549518546
8.423422807154227 -0.632347215687153
8.432525927107754 -0.633520726310175
8.441583298761943 -0.634690085166114
8.450595180494695 -0.635855296331143
8.459561829386308 -0.637016364160856
8.468483501221513 -0.638173293193199
8.477360450487533 -0.639326088310009
8.486192930377541 -0.640474754519473
8.494981192788476 -0.641619297185831
8.503725488323647 -0.642759721835370
8.512426066294166 -0.643896034203797
8.521083174718370 -0.645028240320769
8.529697060324798 -0.646156346363125
8.538267968552246 -0.647280358776519
8.546796143552948 -0.648400284146349
8.555281828192751 -0.649516129322901
8.563725264053845 -0.650627901315673
8.572126691436090 -0.651735607351838
8.580486349359818 -0.652839254815720
8.588804475566979 -0.653938851317085
8.597081306524805 -0.655034404587471
8.605317077426589 -0.656125922599763
8.613512022195367 -0.657213413448052
8.621666373485853 -0.658296885419710
8.629780362688056 -0.659376346925569
8.637854219928361 -0.660451806606702
8.645888174074468 -0.661523273171210
8.653882452736479 -0.662590755557530
8.661837282271552 -0.663654262782805
8.669752887785686 -0.664713804064914
8.677629493138150 -0.665769388709364
8.685467320943898 -0.666821026195801
8.693266592577219 -0.667868726123890
8.701027528175670 -0.668912498202103
8.708750346642681 -0.669952352303498
8.716435265652331 -0.670988298373004
8.724082501651832 -0.672020346524537
8.731692269866542 -0.673048506932774
8.739264784302547 -0.674072789937091
8.746800257751188 -0.675093205957225
8.754298901793220 -0.676109765508607
8.761760926802502 -0.677122479222432
8.769186541949765 -0.678131357841363
8.776575955207278 -0.679136412180505
8.783929373353002 -0.680137653148448
8.791247001974417 -0.681135091761845
8.798529045472520 -0.682128739136094
8.805775707067632 -0.683118606406726
8.812987188802083 -0.684104704865030
8.820163691545186 -0.685087045856299
8.827305414998476 -0.686065640769000
8.834412557698675 -0.687040501132337
8.841485317023860 -0.688011638475798
8.848523889196933 -0.688979064446257
8.855528469290563 -0.689942790743264
8.862499251231998 -0.690902829122774
8.869436427807232 -0.691859191426203
8.876340190666880 -0.692811889501878
8.883210730329276 -0.693760935330364
8.890048236186828 -0.694706340875206
8.896852896509582 -0.695648118209666
8.903624898450541 -0.696586279434967
8.910364428051087 -0.697520836676224
8.917071670245011 -0.698451802142831
8.923746808863635 -0.699379188079597
8.930390026641160 -0.700303006754065
8.937001505218801 -0.701223270511878
8.943581425150784 -0.702139991690258
8.950129965908227 -0.703053182713296
8.956647305885550 -0.703962855976297
8.963133622403337 -0.704869024005646
8.969589091715999 -0.705771699239494
8.976013889014759 -0.706670894239529
8.982408188433357 -0.707566621566023
8.988772163053417 -0.708458893792185
8.995105984909458 -0.709347723518937
9.001409824993793 -0.710233123378934
9.007683853261048 -0.711115106053911
9.013928238634604 -0.711993684183242
9.020143149010483 -0.712868870482308
9.026328751263533 -0.713740677633514
9.032485211251037 -0.714609118406290
9.038612693819724 -0.715474205495721
9.044711362809577 -0.716335951672269
9.050781381059345 -0.717194369700317
9.056822910411537 -0.718049472360416
9.062836111717832 -0.718901272430337
9.068821144844140 -0.719749782698506
9.074778168675182 -0.720595015986325
9.080707341120837 -0.721436985063058
9.086608819120348 -0.722275702746354
9.092482758647193 -0.723111181868621
9.098329314715105 -0.723943435222336
9.104148641382599 -0.724772475628498
9.109940891758718 -0.725598315878278
9.115706218006583 -0.726420968835994
9.121444771351005 -0.727240447243918
9.127156702080701 -0.728056763978742
9.132842159556208 -0.728869931777967
9.138501292212878 -0.729679963474238
9.144134247566940 -0.730486871845913
9.149741172220191 -0.731290669683475
9.155322211865771 -0.732091369733821
9.160877511291408 -0.732888984823220
9.166407214387361 -0.733683527626739
9.171911464148529 -0.734475010951018
9.177390402681377 -0.735263447498568
9.182844171208284 -0.736048849991815
9.188272910072149 -0.736831231158941
9.193676758742678 -0.737610603651199
9.199055855819651 -0.738386980188206
9.204410339038947 -0.739160373422725
9.209740345277782 -0.739930795976752
9.215046010558599 -0.740698260506884
9.220327470055066 -0.741462779599465
9.225584858095862 -0.742224365878156
9.230818308170509 -0.742983031900795
9.236027952934185 -0.743738790209906
9.241213924211905 -0.744491653360780
9.246376353003834 -0.745241633865986
9.251515369490555 -0.745988744194735
9.256631103036934 -0.746732996841337
9.261723682197630 -0.747474404243435
9.266793234721481 -0.748212978834381
9.271839887556952 -0.748948732991255
9.276863766855932 -0.749681679113779
9.281864997979165 -0.750411829543285
9.286843705500470 -0.751139196620121
9.291800013212075 -0.751863792627863
9.296734044128879 -0.752585629844989
9.301645920492820 -0.753304720538695
9.306535763778523 -0.754021076898358
9.311403694696532 -0.754734711157186
9.316249833199594 -0.755445635435205
9.321074298485696 -0.756153861903645
9.325877209003306 -0.756859402671004
9.330658682456001 -0.757562269813152
9.335418835807198 -0.758262475366520
9.340157785284358 -0.758960031353843
9.344875646382715 -0.759654949807353
9.349572533871804 -0.760347242622918
9.354248561797554 -0.761036921788373
9.358903843488426 -0.761723999171893
9.363538491559309 -0.762408486637791
9.368152617915307 -0.763090396050272
9.372746333757464 -0.763769739171805
9.377319749585514 -0.764446527815618
9.381872975203317 -0.765120773706292
9.386406119723667 -0.765792488509152
9.390919291570318 -0.766461683975611
9.395412598484855 -0.767128371687689
9.399886147529635 -0.767792563263595
9.404340045091983 -0.768454270288601
9.408774396888793 -0.769113504295254
9.413189307970683 -0.769770276782571
9.417584882726116 -0.770424599219083
9.421961224885093 -0.771076483062143
9.426318437524310 -0.771725939680917
9.430656623070151 -0.772372980468259
9.434975883303418 -0.773017616747952
9.439276319363531 -0.773659859802233
9.443558031752193 -0.774299720897264
9.447821120337117 -0.774937211280494
9.452065684357141 -0.775572342104011
9.456291822424989 -0.776205124549488
9.460499632531908 -0.776835569726362
9.464689212051571 -0.777463688710821
9.468860657744044 -0.778089492539285
9.473014065759124 -0.778712992243087
9.477149531640833 -0.779334198783148
9.481267150331121 -0.779953123093042
9.485367016173877 -0.780569776059371
9.489449222917933 -0.781184168576580
9.493513863722013 -0.781796311439866
9.497561031157501 -0.782406215461474
9.501590817213318 -0.783013891356296
9.505603313298069 -0.783619349887526
9.509598610245435 -0.784222601690768
9.513576798316869 -0.784823657417917
9.517537967204722 -0.785422527713495
9.521482206038092 -0.786019223064534
9.525409603383940 -0.786613754058241
9.529320247252123 -0.787206131165966
9.533214225098636 -0.787796364840913
9.537091623829134 -0.788384465501161
9.540952529802313 -0.788970443536361
9.544797028834108 -0.789554309261253
9.548625206200324 -0.790136073001637
9.552437146640312 -0.790715745034837
9.556232934361299 -0.791293335552901
9.560012653040726 -0.791868854771237
9.563776385830394 -0.792442312827730
9.567524215359011 -0.793013719870043
9.571256223736734 -0.793583085943843
9.574972492557702 -0.794150421103411
9.578673102903592 -0.794715735353338
9.582358135346965 -0.795279038659483
9.586027669954886 -0.795840340932013
9.589681786291219 -0.796399652099518
9.593320563421063 -0.796956981986344
9.596944079913547 -0.797512340405253
9.600552413844261 -0.798065737175544
9.604145642800338 -0.798617181973345
9.607723843881331 -0.799166684567805
9.611287093704208 -0.799714254586850
9.614835468405857 -0.800259901657004
9.618369043645604 -0.800803635403096
9.621887894609275 -0.801345465356748
9.625392096011950 -0.801885401032615
9.628881722100834 -0.802423451918779
9.632356846658007 -0.802959627483453
9.635817543004894 -0.803493937075115
9.639263884003286 -0.804026390119301
9.642695942059605 -0.804556995932152
9.646113789127776 -0.805085763797529
9.649517496711576 -0.805612702998303
9.652907135868393 -0.806137822732689
9.656282777211501 -0.806661132199418
9.659644490912973 -0.807182640559374
9.662992346707155 -0.807702356903106
9.666326413892925 -0.808220290318896
9.669646761336265 -0.808736449875412
9.672953457474463 -0.809250844523796
9.676246570317531 -0.809763483260669
9.679526167451174 -0.810274375035276
9.682792316040340 -0.810783528716254
9.686045082831383 -0.811290953169834
9.689284534154693 -0.811796657233231
9.692510735927556 -0.812300649698857
9.695723753657306 -0.812802939297474
9.698923652443444 -0.813303534757300
9.702110496980319 -0.813802444769301
9.705284351559989 -0.814299677977770
9.708445280074814 -0.814795242992415
9.711593346020315 -0.815289148374544
9.714728612497046 -0.815781402692142
9.717851142213934 -0.816272014433743
9.720960997490295 -0.816760992084924
9.724058240258969 -0.817248344061724
9.727142932068064 -0.817734078791893
9.730215134084325 -0.818218204617683
9.733274907094682 -0.818700729903425
9.736322311509731 -0.819181662918636
9.739357407365654 -0.819661011931906
9.742380254326584 -0.820138785181765
9.745390911686892 -0.820614990881195
9.748389438374547 -0.821089637153169
9.751375892952419 -0.821562732151721
9.754350333621236 -0.822034283963315
9.757312818221765 -0.822504300651229
9.760263404236969 -0.822972790257229
9.763202148795264 -0.823439760734334
9.766129108671292 -0.823905220094830
9.769044340289778 -0.824369176224745
9.771947899726854 -0.824831637034853
9.774839842712545 -0.825292610390198
9.777720224633232 -0.825752104110855
9.780589100533588 -0.826210126002393
9.783446525119263 -0.826666683809974
9.786292552758662 -0.827121785273187
9.789127237485109 -0.827575438100676
9.791950632999370 -0.828027649948721
9.794762792671834 -0.828478428440065
9.797563769544354 -0.828927781185254
9.800353616332298 -0.829375715767707
9.803132385427379 -0.829822239696220
9.805900128898950 -0.830267360497903
9.808656898496530 -0.830711085641785
9.811402745651858 -0.831153422567659
9.814137721481121 -0.831594378673363
9.816861876786234 -0.832033961374348
9.819575262058073 -0.832472177980066
9.822277927477572 -0.832909035828028
9.824969922917884 -0.833344542214484
9.827651297946945 -0.833778704370343
9.830322101828834 -0.834211529535150
9.832982383525810 -0.834643024913813
9.835632191700906 -0.835073197640595
9.838271574719180 -0.835502054864047
9.840900580649491 -0.835929603711590
9.843519257267442 -0.836355851217068
9.846127652056319 -0.836780804444362
9.848725812209118 -0.837204470420658
9.851313784631154 -0.837626856095643
9.853891615941020 -0.838047968448773
9.856459352472838 -0.838467814404029
9.859017040278301 -0.838886400843516
9.861564725128147 -0.839303734643489
9.864102452514070 -0.839719822644144
9.866630267650748 -0.840134671643780
9.869148215477670 -0.840548288408693
9.871656340660115 -0.840960679728562
9.874154687591863 -0.841371852303490
9.876643300396728 -0.841781812820574
9.879122222930242 -0.842190567940861
9.881591498781120 -0.842598124316052
9.884051171273207 -0.843004488554248
9.886501283467402 -0.843409667222128
9.888941878163003 -0.843813666881039
9.891372997899824 -0.844216494037291
9.893794684958667 -0.844618155246754
9.896206981365221 -0.845018656893453
9.898609928889487 -0.845418005478422
9.901003569048667 -0.845816207393829
9.903387943108159 -0.846213269047084
9.905763092084021 -0.846609196762251
9.908129056743599 -0.847003996901681
9.910485877607661 -0.847397675764311
9.912833594951978 -0.847790239623998
9.915172248808680 -0.848181694742136
9.917501878968032 -0.848572047339220
9.919822524980054 -0.848961303605287
9.922134226155441 -0.849349469745822
9.924437021568203 -0.849736551865743
9.926730950056003 -0.850122556124078
9.929016050222438 -0.850507488601360
9.931292360438801 -0.850891355336115
9.933559918844280 -0.851274162426757
9.935818763348696 -0.851655915862291
9.938068931633486 -0.852036621638772
9.940310461153196 -0.852416285726126
9.942543389137152 -0.852794914052273
9.944767752590556 -0.853172512544341
9.946983588295865 -0.853549087108463
9.949190932814613 -0.853924643597489
9.951389822488620 -0.854299187854707
9.953580293441604 -0.854672725684004
9.955762381579873 -0.855045262911509
9.957936122594695 -0.855416805273420
9.960101551962971 -0.855787358527817
9.962258704948583 -0.856156928410447
9.964407616604616 -0.856525520573924
9.966548321773505 -0.856893140728650
9.968680855089145 -0.857259794507960
9.970805250977934 -0.857625487541191
9.972921543660146 -0.857990225429952
9.975029767151554 -0.858354013732048
9.977129955264084 -0.858716858024528
9.979222141607693 -0.859078763822031
9.981306359591176 -0.859439736647654
9.983382642423944 -0.859799781968411
9.985451023116951 -0.860158905249833
9.987511534484051 -0.860517111928483
9.989564209143115 -0.860874407427676
9.991609079517678 -0.861230797118823
9.993646177837377 -0.861586286406181
9.995675536140197 -0.861940880601056
9.997697186272875 -0.862294585048379
9.999711159892605 -0.862647405035541
10.001717488467543 -0.862999345876812
10.003716203279152 -0.863350412783577
10.005707335422361 -0.863700611017373
10.007690915807068 -0.864049945793359
10.009666975159448 -0.864398422296334
10.011635544023129 -0.864746045687772
10.013596652759757 -0.865092821148957
10.015550331550912 -0.865438753784537
10.017496610398986 -0.865783848696884
10.019435519128237 -0.866128110971922
10.021367087385645 -0.866471545692628
10.023291344642526 -0.866814157885745
10.025208320195119 -0.867155952593731
10.027118043166720 -0.867496934765315
10.029020542507183 -0.867837109439600
10.030915846995210 -0.868176481550477
10.032803985239035 -0.868515056038861
10.034684985677549 -0.868852837820830
10.036558876581143 -0.869189831807855
10.038425686053309 -0.869526042852061
10.040285442030795 -0.869861475848056
10.042138172285641 -0.870196135601336
10.043983904425533 -0.870530026943526
10.045822665895123 -0.870863154666379
10.047654483976796 -0.871195523559651
10.049479385791875 -0.871527138379945
10.051297398301784 -0.871858003852060
10.053108548308806 -0.872188124698860
10.054912862456652 -0.872517505654479
10.056710367232624 -0.872846151348206
10.058501088967459 -0.873174066472327
10.060285053836749 -0.873501255667134
10.062062287862236 -0.873827723530556
10.063832816911706 -0.874153474717914
10.065596666701467 -0.874478513755460
10.067353862795791 -0.874802845259096
10.069104430608997 -0.875126473744365
10.070848395405491 -0.875449403771236
10.072585782301886 -0.875771639795927
10.074316616266065 -0.876093186389522
10.076040922119931 -0.876414047973441
10.077758724539496 -0.876734229008691
10.079470048055754 -0.877053733940792
10.081174917055533 -0.877372567199802
10.082873355782697 -0.877690733176590
10.084565388338911 -0.878008236250760
10.086251038684374 -0.878325080795751
10.087930330638649 -0.878641271170564
10.089603287881896 -0.878956811688975
10.091269933955527 -0.879271706662519
10.092930292262663 -0.879585960414245
10.094584386069677 -0.879899577199520
10.096232238506623 -0.880212561285698
10.097873872568261 -0.880524916910198
10.099509311114490 -0.880836648321527
10.101138576871721 -0.881147759712240
10.102761692433402 -0.881458255278557
10.104378680260744 -0.881768139206540
10.105989562683831 -0.882077415643737
10.107594361902253 -0.882386088733755
10.109193099985617 -0.882694162623750
10.110785798875154 -0.883001641385352
10.112372480383341 -0.883308529159210
10.113953166196016 -0.883614829971772
10.115527877871600 -0.883920547947597
10.117096636843579 -0.884225687068217
10.118659464419874 -0.884530251404042
10.120216381784440 -0.884834244945399
10.121767409997698 -0.885137671692167
10.123312569997060 -0.885440535644556
10.124851882597982 -0.885742840764464
10.126385368495390 -0.886044590946866
10.127913048262682 -0.886345790200240
10.129434942353880 -0.886646442412406
10.130951071104001 -0.886946551481287
10.132461454729592 -0.887246121303799
10.133966113329743 -0.887545155739445
10.135465066886454 -0.887843658657940
10.136958335265748 -0.888141633884235
10.138445938217862 -0.888439085265811
10.139927895378362 -0.888736016604115
10.141404226268968 -0.889032431675652
10.142874950297276 -0.889328334315523
10.144340086758936 -0.889623728230624
10.145799654837205 -0.889918617197770
10.147253673603620 -0.890213004981426
10.148702162019703 -0.890506895250434
10.150145138936407 -0.890800291753719
10.151582623095669 -0.891093198156988
10.153014633130207 -0.891385618178105
10.154441187565240 -0.891677555437908
10.155862304818140 -0.891969013620792
10.157278003199709 -0.892259996346924
10.158688300914916 -0.892550507216579
10.160093216062315 -0.892840549908479
10.161492766636695 -0.893130127932887
10.162886970527792 -0.893419244932891
10.164275845522356 -0.893707904427809
10.165659409303510 -0.893996110019431
10.167037679452536 -0.894283865205619
10.168410673448891 -0.894571173517039
10.169778408670387 -0.894858038504014
10.171140902394921 -0.895144463615649
10.172498171800196 -0.895430452355755
10.173850233964229 -0.895716008222756
10.175197105866868 -0.896001134628188
10.176538804389461 -0.896285835043001
10.177875346315750 -0.896570112900748
10.179206748332570 -0.896853971612466
10.180533027030256 -0.897137414589525
10.181854198903405 -0.897420445215410
10.183170280351119 -0.897703066885903
10.184481287678066 -0.897985282946549
10.185787237094505 -0.898267096770450
10.187088144717311 -0.898548511682210
10.188384026569926 -0.898829531041182
10.189674898583760 -0.899110158127683
10.190960776598132 -0.899390396256241
10.192241676360911 -0.899670248721571
10.193517613528916 -0.899949718818115
10.194788603668982 -0.900228809784956
10.196054662257858 -0.900507524899544
10.197315804683392 -0.900785867374563
10.198572046244353 -0.901063840468346
10.199823402151509 -0.901341447380621
10.201069887527693 -0.901618691337073
10.202311517409013 -0.901895575494373
10.203548306744521 -0.902172103066842
10.204780270397121 -0.902448277222805
10.206007423144245 -0.902724101106751
10.207229779678213 -0.902999577861845
10.208447354606527 -0.903274710637535
10.209660162452716 -0.903549502541863
10.210868217656552 -0.903823956694670
10.212071534574742 -0.904098076187597
10.213270127481122 -0.904371864125263
10.214464010567495 -0.904645323571152
10.215653197944114 -0.904918457577598
10.216837703639744 -0.905191269220007
10.218017541602501 -0.905463761532046
10.219192725700061 -0.905735937557763
10.220363269720663 -0.906007800287149
10.221529187372907 -0.906279352752872
10.222690492286445 -0.906550597958025
10.223847198012839 -0.906821538862562
10.224999318025574 -0.907092178451439
10.226146865720102 -0.907362519732469
10.227289854415559 -0.907632565598905
10.228428297354167 -0.907902319018831
10.229562207701935 -0.908171782928756
10.230691598549006 -0.908440960262718
10.231816482910752 -0.908709853889677
10.232936873727253 -0.908978466746767
10.234052783864190 -0.909246801723615
10.235164226113474 -0.909514861682522
10.236271213193314 -0.909782649504902
10.237373757748907 -0.910050168040599
10.238471872352630 -0.910317420148030
10.239565569504629 -0.910584408661064
10.240654861633256 -0.910851136401801
10.241739761095237 -0.911117606203408
10.242820280176543 -0.911383820850396
10.243896431092224 -0.911649783164433
10.244968225987339 -0.911915495914929
10.246035676936838 -0.912180961903624
10.247098795946913 -0.912446183844349
10.248157594953767 -0.912711164576524
10.249212085825850 -0.912975906776021
10.250262280362893 -0.913240413222917
10.251308190297124 -0.913504686619089
10.252349827293335 -0.913768729682628
10.253387202948620 -0.914032545177621
10.254420328794446 -0.914296135716158
10.255449216295267 -0.914559504049780
10.256473876850006 -0.914822652827780
10.257494321791640 -0.915085584756570
10.258510562388384 -0.915348302465378
10.259522609843547 -0.915610808617150
10.260530475296129 -0.915873105847047
10.261534169821100 -0.916135196787246
10.262533704429567 -0.916397084079541
10.263529090069309 -0.916658770339921
10.264520337625619 -0.916920258135957
10.265507457920688 -0.917181550107886
10.266490461714742 -0.917442648821552
10.267469359706162 -0.917703556853153
10.268444162531752 -0.917964276776821
10.269414880767187 -0.918224811150262
10.270381524927055 -0.918485162547597
10.271344105465856 -0.918745333479168
10.272302632777976 -0.919005326476944
10.273257117197584 -0.919265144103541
10.274207568999662 -0.919524788852756
10.275153998400434 -0.919784263202331
10.276096415556649 -0.920043569711118
10.277034830567196 -0.920302710820250
10.277969253472518 -0.920561689039785
10.278899694255374 -0.920820506835765
10.279826162841315 -0.921079166650795
10.280748669098388 -0.921337670975033
10.281667222838061 -0.921596022236165
10.282581833815186 -0.921854222885497
10.283492511728756 -0.922112275328059
10.284399266221445 -0.922370182027783
10.285302106880843 -0.922627945360583
10.286201043239096 -0.922885567752748
10.287096084773532 -0.923143051594876
10.287987240906700 -0.923400399293232
10.288874521007189 -0.923657613201181
10.289757934389458 -0.923914695705498
10.290637490314197 -0.924171649180519
10.291513197988627 -0.924428475991791
10.292385066567443 -0.924685178441501
10.293253105151905 -0.924941758929234
10.294117322791079 -0.925198219764354
10.294977728482294 -0.925454563233643
10.295834331169951 -0.925710791746608
10.296687139747815 -0.925966907529022
10.297536163057822 -0.926222912929973
10.298381409891217 -0.926478810214664
10.299222888988266 -0.926734601692574
10.300060609038862 -0.926990289636327
10.300894578682829 -0.927245876309729
10.301724806509963 -0.927501363989424
10.302551301060351 -0.927756754941200
10.303374070825088 -0.928012051385364
10.304193124245991 -0.928267255583169
10.305008469716105 -0.928522369768920
10.305820115579991 -0.928777396167482
10.306628070134140 -0.929032336984128
10.307432341626695 -0.929287194465155
10.308232938258548 -0.929541970775743
10.309029868182764 -0.929796668148874
10.309823139505429 -0.930051288758782
10.310612760285871 -0.930305834775139
10.311398738536532 -0.930560308396346
10.312181082223494 -0.930814711788728
10.312959799266837 -0.931069047104085
10.313734897540535 -0.931323316517984
10.314506384873306 -0.931577522146121
10.315274269048265 -0.931831666151557
10.316038557803351 -0.932085750674024
10.316799258831775 -0.932339777828904
10.317556379782291 -0.932593749722412
10.318309928258955 -0.932847668497850
10.319059911821890 -0.933101536246057
10.319806337987357 -0.933355355064759
10.320549214227979 -0.933609127047838
10.321288547972790 -0.933862854300187
10.322024346608019 -0.934116538869272
10.322756617476893 -0.934370182837123
10.323485367879545 -0.934623788307454
10.324210605074287 -0.934877357284754
10.324932336276934 -0.935130891847965
10.325650568661104 -0.935384394064383
10.326365309359344 -0.935637865913209
10.327076565461878 -0.935891309502544
10.327784344018317 -0.936144726798098
10.328488652036818 -0.936398119857423
10.329189496484807 -0.936651490685525
10.329886884289285 -0.936904841274598
10.330580822336570 -0.937158173654255
10.331271317473210 -0.937411489783448
10.331958376505415 -0.937664791688358
10.332642006199988 -0.937918081323842
10.333322213284267 -0.938171360662438
10.333999004445745 -0.938424631726509
10.334672386333525 -0.938677896418456
10.335342365557668 -0.938931156712997
10.336008948689416 -0.939184414579172
10.336672142261826 -0.939437671940132
10.337331952769636 -0.939690930745237
10.337988386669464 -0.939944192938513
10.338641450380258 -0.940197460435678
10.339291150283639 -0.940450735134061
10.339937492723209 -0.940704019007973
10.340580484005915 -0.940957313918241
10.341220130401629 -0.941210621778051
10.341856438143351 -0.941463944493790
10.342489413427574 -0.941717283951997
10.343119062414399 -0.941970642039856
10.343745391227877 -0.942224020626404
10.344368405955677 -0.942477421624264
10.344988112650336 -0.942730846841193
10.345604517328102 -0.942984298206667
10.346217625970716 -0.943237777494134
10.346827444523838 -0.943491286639578
10.347433978898277 -0.943744827473243
10.348037234970853 -0.943998401758409
10.348637218582667 -0.944252011432485
10.349233935540992 -0.944505658267539
10.349827391618881 -0.944759344084453
10.350417592555029 -0.945013070728732
10.351004544054621 -0.945266839978570
10.351588251788547 -0.945520653698440
10.352168721395092 -0.945774513603471
10.352745958478126 -0.946028421593258
10.353319968609638 -0.946282379338218
10.353890757327466 -0.946536388736705
10.354458330137383 -0.946790451500049
10.355022692512357 -0.947044569421175
10.355583849892787 -0.947298744282450
10.356141807687008 -0.947552977829683
10.356696571271275 -0.947807271821989
10.357248145989885 -0.948061628016808
10.357796537155528 -0.948316048150928
10.358341750048835 -0.948570534015004
10.358883789919648 -0.948825087288728
10.359422661986464 -0.949079709716980
10.359958371436498 -0.949334403049613
10.360490923426092 -0.949589169008035
10.361020323081384 -0.949844009259733
10.361546575497201 -0.950098925590830
10.362069685738522 -0.950353919656543
10.362589658840003 -0.950608993169350
10.363106499805978 -0.950864147851210
10.363620213611373 -0.951119385347903
10.364130805200936 -0.951374707389602
10.364638279490128 -0.951630115630840
10.365142641364802 -0.951885611767747
10.365643895681657 -0.952141197463541
10.366142047268287 -0.952396874386266
10.366637100923484 -0.952652644185545
10.367129061416955 -0.952908508548282
10.367617933490068 -0.953164469100372
10.368103721855526 -0.953420527507726
10.368586431197754 -0.953676685410160
10.369066066173335 -0.953932944414712
10.369542631410123 -0.954189306225684
10.370016131508946 -0.954445772389427
10.370486571042028 -0.954702344618063
10.370953954555022 -0.954959024434218
10.371418286565467 -0.955215813521517
10.371879571563703 -0.955472713483852
10.372337814013285 -0.955729725893706
10.372793018350352 -0.955986852396001
10.373245188984532 -0.956244094556443
10.373694330298713 -0.956501453971831
10.374140446649321 -0.956758932222424
10.374583542366057 -0.957016530923209
10.375023621752559 -0.957274251633995
10.375460689086518 -0.957532095911601
10.375894748619411 -0.957790065349575
10.376325804576931 -0.958048161508124
10.376753861159251 -0.958306385929901
10.377178922540612 -0.958564740208852
10.377600992870136 -0.958823225866352
10.378020076271714 -0.959081844445213
10.378436176843815 -0.959340597515031
10.378849298660098 -0.959599486594636
10.379259445769083 -0.959858513244559
10.379666622195051 -0.960117678944468
10.380070831937067 -0.960376985280326
10.380472078970051 -0.960636433739857
10.380870367244610 -0.960896025837235
10.381265700687054 -0.961155763093416
10.381658083199326 -0.961415647045163
10.382047518659883 -0.961675679149370
10.382434010923124 -0.961935860929941
10.382817563819566 -0.962196193900610
10.383198181156464 -0.962456679522685
10.383575866717420 -0.962717319303811
10.383950624262734 -0.962978114726729
10.384322457529629 -0.963239067258369
10.384691370232160 -0.963500178384486
10.385057366061307 -0.963761449588487
10.385420448685423 -0.964022882318945
10.385780621749930 -0.964284478061592
10.386137888877867 -0.964546238255762
10.386492253669788 -0.964808164359569
10.386843719703952 -0.965070257819613
10.387192290535891 -0.965332520135418
10.387537969699833 -0.965594952668655
10.387880760707338 -0.965857556929075
10.388220667048332 -0.966120334328928
10.388557692191196 -0.966383286278927
10.388891839582403 -0.966646414234898
10.389223112646892 -0.966909719623872
10.389551514788394 -0.967173203845251
10.389877049389144 -0.967436868337240
10.390199719810237 -0.967700714508801
10.390519529392074 -0.967964743732040
10.390836481453363 -0.968228957487719
10.391150579292690 -0.968493357104171
10.391461826187347 -0.968757944037528
10.391770225394486 -0.969022719633226
10.392075780150327 -0.969287685325384
10.392378493671043 -0.969552842464464
10.392678369152264 -0.969818192459931
10.392975409769626 -0.970083736672804
10.393269618678460 -0.970349476502335
10.393560999014428 -0.970615413290146
10.393849553893146 -0.970881548423993
10.394135286410178 -0.971147883300973
10.394418199642217 -0.971414419200891
10.394698296645695 -0.971681157556999
10.394975580457903 -0.971948099692473
10.395250054096740 -0.972215246963911
10.395521720560929 -0.972482600713450
10.395790582830102 -0.972750162279822
10.396056643864686 -0.973017933023354
10.396319906606221 -0.973285914275808
10.396580373977605 -0.973554107352142
10.396838048882886 -0.973822513594918
10.397092934207320 -0.974091134348737
10.397345032817968 -0.974359970901587
10.397594347563308 -0.974629024590487
10.397840881273487 -0.974898296730693
10.398084636760389 -0.975167788640078
10.398325616817884 -0.975437501614827
10.398563824221577 -0.975707436985062
10.398799261729517 -0.975977596014086
10.399031932081533 -0.976247980040507
10.399261837999985 -0.976518590330787
10.399488982189183 -0.976789428220047
10.399713367336464 -0.977060494936285
10.399934996111167 -0.977331791821298
10.400153871165658 -0.977603320116352
10.400369995134778 -0.977875081127075
10.400583370636335 -0.978147076113579
10.400794000271048 -0.978419306348791
10.401001886622190 -0.978691773149934
10.401207032256991 -0.978964477690311
10.401409439725043 -0.979237421322080
10.401609111559761 -0.979510605245168
10.401806050277541 -0.979784030757602
10.402000258378392 -0.980057699095399
10.402191738346005 -0.980331611494603
10.402380492647389 -0.980605769234901
10.402566523733510 -0.980880173534817
10.402749834039211 -0.981154825627992
10.402930425982772 -0.981429726800543
10.403108301967000 -0.981704878228119
10.403283464378488 -0.981980281172293
10.403455915587903 -0.982255936870228
10.403625657950426 -0.982531846516607
10.403792693805281 -0.982808011364015
10.403957025476176 -0.983084432622791
10.404118655271251 -0.983361111515918
10.404277585483625 -0.983638049211729
10.404433818390325 -0.983915247001886
10.404587356253828 -0.984192706015794
10.404738201320994 -0.984470427505553
10.404886355823795 -0.984748412649146
10.405031821979049 -0.985026662659727
10.405174601988710 -0.985305178724463
10.405314698039756 -0.985583962049280
10.405452112304745 -0.985863013784523
10.405586846941057 -0.986142335168531
10.405718904091712 -0.986421927358175
10.405848285885160 -0.986701791536318
10.405974994435494 -0.986981928869842
10.406099031842224 -0.987262340555990
10.406220400190621 -0.987543027759246
10.406339101551797 -0.987823991641793
10.406455137982709 -0.988105233369743
10.406568511526213 -0.988386754110089
10.406679224211095 -0.988668555031435
10.406787278052123 -0.988950637302118
10.406892675050692 -0.989233002024739
10.406995417193935 -0.989515650405870
10.407095506455308 -0.989798583592755
10.407192944795128 -0.990081802678546
10.407287734159532 -0.990365308876863
10.407379876481560 -0.990649103286636
10.407469373680872 -0.990933187044338
10.407556227663482 -0.991217561320308
10.407640440322515 -0.991502227206756
10.407722013537649 -0.991787185862650
10.407800949175702 -0.992072438387828
10.407877249090227 -0.992357985930739
10.407950915121893 -0.992643829604808
10.408021949098247 -0.992929970553671
10.408090352834348 -0.993216409856004
10.408156128132518 -0.993503148622876
10.408219276781912 -0.993790188019023
10.408279800559569 -0.994077529096722
10.408337701229758 -0.994365172986279
10.408392980544248 -0.994653120792921
10.408445640242475 -0.994941373608103
10.408495682051374 -0.995229932547317
10.408543107685876 -0.995518798675057
10.408587918848410 -0.995807973117068
10.408630117229396 -0.996097456947285
10.408669704507055 -0.996387251268633
10.408706682347887 -0.996677357131880
10.408741052406093 -0.996967775660313
10.408772816324321 -0.997258507896529
10.408801975733088 -0.997549554953634
10.408828532251313 -0.997840917889544
10.408852487486163 -0.998132597783989
10.408873843033392 -0.998424595683326
10.408892600476934 -0.998716912684642
10.408908761389521 -0.999009549819719
10.408922327331855 -0.999302508218647
10.408933299854082 -0.999595788849899
10.408941680494308 -0.999889392853945
10.408947470779989 -1.000183321218819
10.408950672227132 -1.000477575026694
10.408951286340480 -1.000772155345457
10.408949314613972 -1.001067063193256
10.408944758530414 -1.001362299631029
10.408937619561744 -1.001657865693537
10.408927899168923 -1.001953762434352
10.408915598802231 -1.002249990874679
10.408900719901167 -1.002546552053897
10.408883263894436 -1.002843447016701
10.408863232200185 -1.003140676785149
10.408840626225853 -1.003438242402367
10.408815447368747 -1.003736144851169
10.408787697015258 -1.004034385207172
10.408757376541613 -1.004332964465133
10.408724487313727 -1.004631883640537
10.408689030687038 -1.004931143772064
10.408651008007164 -1.005230745827485
10.408610420608902 -1.005530690894560
10.408567269817672 -1.005830979897158
10.408521556948122 -1.006131613926060
10.408473283305629 -1.006432593902762
10.408422450185025 -1.006733920898802
10.408369058871436 -1.007035595894287
10.408313110640579 -1.007337619838563
10.408254606757616 -1.007639993818321
10.408193548478707 -1.007942718743164
10.408129937049955 -1.008245795650221
10.408063773707941 -1.008549225519080
10.407995059679848 -1.008853009317068
10.407923796182965 -1.009157148075716
10.407849984425589 -1.009461642723362
10.407773625606296 -1.009766494278671
10.407694720914581 -1.010071703689204
10.407613271530421 -1.010377271957810
10.407529278624748 -1.010683200035115
10.407442743359313 -1.010989488893415
10.407353666886427 -1.011296139537307
10.407262050349670 -1.011603152893457
10.407167894883580 -1.011910529928252
10.407071201613588 -1.012218271620112
10.406971971656038 -1.012526378949007
10.406870206118871 -1.012834852817303
10.406765906101027 -1.013143694203332
10.406659072692404 -1.013452904092450
10.406549706974610 -1.013762483386121
10.406437810020106 -1.014072433090091
10.406323382893170 -1.014382754101079
10.406206426649383 -1.014693447379039
10.406086942335742 -1.015004513874904
10.405964930990864 -1.015315954519143
10.405840393644711 -1.015627770278975
10.405713331319278 -1.015939962042755
10.405583745027920 -1.016252530783389
10.405451635775917 -1.016565477409638
10.405317004560260 -1.016878802859554
10.405179852369697 -1.017192508069482
10.405040180184988 -1.017506593948666
10.404897988978600 -1.017821061447072
10.404753279715296 -1.018135911447505
10.404606053351541 -1.018451144906364
10.404456310836022 -1.018766762723079
10.404304053109565 -1.019082765810173
10.404149281104965 -1.019399155102600
10.403991995747406 -1.019715931490744
10.403832197954399 -1.020033095873761
10.403669888635550 -1.020350649184459
10.403505068692890 -1.020668592316469
10.403337739020824 -1.020986926176436
10.403167900506283 -1.021305651653247
10.402995554028475 -1.021624769670787
10.402820700459397 -1.021944281094591
10.402643340663291 -1.022264186858274
10.402463475497500 -1.022584487796395
10.402281105811474 -1.022905184866874
10.402096232447642 -1.023226278925138
10.401908856241288 -1.023547770844875
10.401718978020272 -1.023869661537947
10.401526598605360 -1.024191951878180
10.401331718810326 -1.024514642731214
10.401134339441631 -1.024837735004163
10.400934461298899 -1.025161229550807
10.400732085174733 -1.025485127249290
10.400527211854552 -1.025809429001623
10.400319842117330 -1.026134135622253
10.400109976734727 -1.026459248036345
10.399897616471817 -1.026784767081444
10.399682762086821 -1.027110693632017
10.399465414331363 -1.027437028534220
10.399245573950067 -1.027763772687706
10.399023241681220 -1.028090926911198
10.398798418256394 -1.028418492076731
10.398571104400466 -1.028746469053427
10.398341300831946 -1.029074858675803
10.398109008262738 -1.029403661809911
10.397874227398425 -1.029732879289500
10.397636958938101 -1.030062511972392
10.397397203574453 -1.030392560709900
10.397154961993966 -1.030723026329896
10.396910234876511 -1.031053909715153
10.396663022896400 -1.031385211621273
10.396413326720980 -1.031716932979421
10.396161147011744 -1.032049074587867
10.395906484424193 -1.032381637263512
10.395649339607637 -1.032714621852309
10.395389713205205 -1.033048029200761
10.395127605854105 -1.033381860126671
10.394863018185722 -1.033716115437829
10.394595950825165 -1.034050796003177
10.394326404392032 -1.034385902597011
10.394054379499867 -1.034721436065213
10.393779876756312 -1.035057397238065
10.393502896763353 -1.035393786917306
10.393223440117263 -1.035730605915315
10.392941507408555 -1.036067855051974
10.392657099222175 -1.036405535127305
10.392370216137042 -1.036743647000847
10.392080858727056 -1.037082191409378
10.391789027560122 -1.037421169213773
10.391494723198981 -1.037760581175013
10.391197946200476 -1.038100428146925
10.390898697116283 -1.038440710895759
10.390596976492731 -1.038781430213022
10.390292784870537 -1.039122586926244
10.389986122785164 -1.039464181820588
10.389676990766951 -1.039806215666588
10.389365389340760 -1.040148689283041
10.389051319026166 -1.040491603467704
10.388734780337955 -1.040834958957457
10.388415773785294 -1.041178756597096
10.388094299872442 -1.041522997143400
10.387770359098557 -1.041867681381632
10.387443951957756 -1.042212810090241
10.387115078938995 -1.042558384067650
10.386783740526541 -1.042904404053870
10.386449937199316 -1.043250870873844
10.386113669431857 -1.043597785234632
10.385774937693151 -1.043945147994332
10.385433742448054 -1.044292959830801
10.385090084155976 -1.044641221594131
10.384743963272001 -1.044989933994080
10.384395380246170 -1.045339097831995
10.384044335524141 -1.045688713831186
10.383690829546518 -1.046038782799440
10.383334862749615 -1.046389305452716
10.382976435564888 -1.046740282579688
10.382615548419174 -1.047091714942119
10.382252201735179 -1.047443603241320
10.381886395930609 -1.047795948292918
10.381518131419012 -1.048148750805750
10.381147408609316 -1.048502011552760
10.380774227906098 -1.048855731271465
10.380398589709657 -1.049209910695560
10.380020494415716 -1.049564550597990
10.379639942416052 -1.049919651672195
10.379256934097665 -1.050275214723141
10.378871469843785 -1.050631240426843
10.378483550033181 -1.050987729550252
10.378093175040314 -1.051344682845363
10.377700345235796 -1.051702101004845
10.377305060985922 -1.052059984784830
10.376907322652910 -1.052418334913456
10.376507130595067 -1.052777152098687
10.376104485166449 -1.053136437095550
10.375699386717349 -1.053496190598414
10.375291835593718 -1.053856413377286
10.374881832138076 -1.054217106087611
10.374469376688676 -1.054578269496816
10.374054469580011 -1.054939904305251
10.373637111142791 -1.055302011221684
10.373217301703738 -1.055664590982981
10.372795041586038 -1.056027644267526
10.372370331108906 -1.056391171815882
10.371943170587972 -1.056755174316804
10.371513560335078 -1.057119652491037
10.371081500658491 -1.057484607032003
10.370646991862765 -1.057850038652413
10.370210034248936 -1.058215948043888
10.369770628114424 -1.058582335912166
10.369328773753056 -1.058949202960280
10.368884471455281 -1.059316549868089
10.368437721508011 -1.059684377336316
10.367988524194516 -1.060052686082604
10.367536879794839 -1.060421476772891
10.367082788585732 -1.060790750080342
10.366626250840383 -1.061160506720428
10.366167266828549 -1.061530747390691
10.365705836817018 -1.061901472729420
10.365241961068945 -1.062272683466573
10.364775639844538 -1.062644380241492
10.364306873400460 -1.063016563775872
10.363835661990450 -1.063389234711739
10.363362005865120 -1.063762393717237
10.362885905271526 -1.064136041523037
10.362407360454085 -1.064510178737935
10.361926371653830 -1.064884806071965
10.361442939108791 -1.065259924186754
10.360957063054176 -1.065635533722386
10.360468743722020 -1.066011635365466
10.359977981341432 -1.066388229774993
10.359484776138428 -1.066765317630941
10.358989128336281 -1.067142899570929
10.358491038155385 -1.067520976251111
10.357990505813172 -1.067899548341554
10.357487531524290 -1.068278616489508
10.356982115500470 -1.068658181363509
10.356474257950884 -1.069038243583659
10.355963959081757 -1.069418803826725
10.355451219096730 -1.069799862720630
10.354936038196682 -1.070181420919102
10.354418416579689 -1.070563479084898
10.353898354441295 -1.070946037843828
10.353375851974601 -1.071329097813888
10.352850909369817 -1.071712659674192
10.352323526814741 -1.072096724039796
10.351793704494497 -1.072481291565581
10.351261442591934 -1.072866362852656
10.350726741287264 -1.073251938552366
10.350189600757991 -1.073638019329606
10.349650021179915 -1.074024605712190
10.349108002725529 -1.074411698449734
10.348563545565446 -1.074799298098554
10.348016649867935 -1.075187405279448
10.347467315798772 -1.075576020636362
10.346915543521392 -1.075965144793857
10.346361333197260 -1.076354778326348
10.345804684985204 -1.076744921903292
10.345245599041911 -1.077135576126815
10.344684075522041 -1.077526741584682
10.344120114577978 -1.077918418901924
10.343553716359782 -1.078310608709764
10.342984881015685 -1.078703311575548
10.342413608691510 -1.079096528146963
10.341839899531363 -1.079490258976588
10.341263753676801 -1.079884504736284
10.340685171267770 -1.080279265968217
10.340104152442054 -1.080674543292340
10.339520697335464 -1.081070337305565
10.338934806081843 -1.081466648603516
10.338346478813213 -1.081863477765481
10.337755715659419 -1.082260825419837
10.337162516748712 -1.082658692116656
10.336566882207119 -1.083057078494838
10.335968812159441 -1.083455985057121
10.335368306728064 -1.083855412470569
10.334765366033849 -1.084255361282945
10.334159990195971 -1.084655832065103
10.333552179331502 -1.085056825445708
10.332941933556405 -1.085458341919914
10.332329252984277 -1.085860382155926
10.331714137727539 -1.086262946660484
10.331096587896779 -1.086666036032484
10.330476603601106 -1.087069650821753
10.329854184947589 -1.087473791659971
10.329229332042363 -1.087878459025075
10.328602044989481 -1.088283653555867
10.327972323891945 -1.088689375749916
10.327340168850688 -1.089095626247847
10.326705579965651 -1.089502405541320
10.326068557334992 -1.089909714235010
10.325429101055763 -1.090317552838155
10.324787211223290 -1.090725921949911
10.324142887931643 -1.091134822105419
10.323496131273590 -1.091544253845579
10.322846941340501 -1.091954217728110
10.322195318222349 -1.092364714312057
10.321541262007941 -1.092775744123047
10.320884772784719 -1.093187307719501
10.320225850638895 -1.093599405638887
10.319564495655529 -1.094012038412020
10.318900707918420 -1.094425206584287
10.318234487510084 -1.094838910706222
10.317565834512033 -1.095253151290842
10.316894749004470 -1.095667928894870
10.316221231066725 -1.096083244014873
10.315545280776867 -1.096499097204684
10.314866898211946 -1.096915488982458
10.314186083447792 -1.097332419899823
10.313502836559643 -1.097749890418186
10.312817157621286 -1.098167901122186
10.312129046705509 -1.098586452534449
10.311438503884739 -1.099005545088760
10.310745529229649 -1.099425179416035
10.310050122810575 -1.099845355948996
10.309352284696864 -1.100266075213857
10.308652014956753 -1.100687337754065
10.307949313657790 -1.101109144056504
10.307244180866737 -1.101531494620900
10.306536616649467 -1.101954389964931
10.305826621071024 -1.102377830598023
10.305114194195880 -1.102801816992293
10.304399336087677 -1.103226349661817
10.303682046809147 -1.103651429130093
10.302962326422540 -1.104077055860986
10.302240174989398 -1.104503230353959
10.301515592570521 -1.104929953111925
10.300788579226127 -1.105357224617305
10.300059135015745 -1.105785045369531
10.299327259998527 -1.106213415822914
10.298592954232820 -1.106642336495623
10.297856217776545 -1.107071807852007
10.297117050687000 -1.107501830385227
10.296375453021001 -1.107932404570839
10.295631424835019 -1.108363530864954
10.294884966184823 -1.108795209774445
10.294136077125772 -1.109227441769217
10.293384757713053 -1.109660227281396
10.292631008001235 -1.110093566811735
10.291874828044520 -1.110527460825240
10.291116217896668 -1.110961909796961
10.290355177611257 -1.111396914168173
10.289591707241565 -1.111832474395917
10.288825806840446 -1.112268590956489
10.288057476460454 -1.112705264312325
10.287286716153899 -1.113142494913475
10.286513525973060 -1.113580283184620
10.285737905969476 -1.114018629652552
10.284959856195206 -1.114457534661581
10.284179376701626 -1.114896998732461
10.283396467540090 -1.115337022291816
10.282611128761744 -1.115777605791600
10.281823360417775 -1.116218749651050
10.281033162558979 -1.116660454352625
10.280240535236612 -1.117102720254314
10.279445478501207 -1.117545547889522
10.278647992403728 -1.117988937623010
10.277848076995026 -1.118432889900190
10.277045732325858 -1.118877405165118
10.276240958446923 -1.119322483855643
10.275433755409287 -1.119768126350596
10.274624123263880 -1.120214333102909
10.273812062061419 -1.120661104575881
10.272997571853370 -1.121108441094946
10.272180652690839 -1.121556343146941
10.271361304625049 -1.122004811152205
10.270539527707809 -1.122453845460101
10.269715321990571 -1.122903446561659
10.268888687525457 -1.123353614795934
10.268059624364490 -1.123804350618615
10.267228132560103 -1.124255654407044
10.266394212164933 -1.124707526574485
10.265557863231749 -1.125159967542353
10.264719085813985 -1.125612977654637
10.263877879965014 -1.126066557365321
10.263034245738696 -1.126520707045130
10.262188183189366 -1.126975427070169
10.261339692371532 -1.127430717860407
10.260488773340251 -1.127886579780864
10.259635426150844 -1.128343013239983
10.258779650859164 -1.128800018607909
10.257921447521477 -1.129257596271297
10.257060816194709 -1.129715746582834
10.256197756935954 -1.130174469967296
10.255332269802913 -1.130633766786865
10.254464354854202 -1.131093637356621
10.253594012148293 -1.131554082150953
10.252721241744680 -1.132015101470918
10.251846043703457 -1.132476695682834
10.250968418085213 -1.132938865165436
10.250088364951116 -1.133401610289869
10.249205884363027 -1.133864931408780
10.248320976383427 -1.134328828885800
10.247433641075700 -1.134793303044877
10.246543878503550 -1.135258354295636
10.245651688731904 -1.135723982914166
10.244757071825681 -1.136190189363380
10.243860027851351 -1.136656973868625
10.242960556875698 -1.137124336845641
10.242058658966330 -1.137592278632616
10.241154334191943 -1.138060799527977
10.240247582621665 -1.138529899930947
10.239338404325853 -1.138999580119009
10.238426799375320 -1.139469840489630
10.237512767842228 -1.139940681304283
10.236596309799356 -1.140412102934652
10.235677425320326 -1.140884105722098
10.234756114480160 -1.141356689920118
10.233832377354117 -1.141829855961963
10.232906214019215 -1.142303604049493
10.231977624552853 -1.142777934594575
10.231046609033887 -1.143252847844624
10.230113167541806 -1.143728344175858
10.229177300157501 -1.144204423844450
10.228239006962626 -1.144681087207116
10.227298288040279 -1.145158334516777
10.226355143474350 -1.145636166123627
10.225409573350166 -1.146114582284171
10.224461577753688 -1.146593583375239
10.223511156772670 -1.147073169596682
10.222558310495664 -1.147553341302155
10.221603039012360 -1.148034098794157
10.220645342413890 -1.148515442327045
10.219685220792607 -1.148997372192188
10.218722674241988 -1.149479888692808
10.217757702856703 -1.149962992125311
10.216790306733085 -1.150446682712681
10.215820485968374 -1.150930960793674
10.214848240661263 -1.151415826625374
10.213873570911989 -1.151901280449874
10.212896476821870 -1.152387322581155
10.211916958493768 -1.152873953262749
10.210935016031762 -1.153361172787681
10.209950649541629 -1.153848981376964
10.208963859130396 -1.154337379319593
10.207974644906507 -1.154826366879457
10.206983006979918 -1.155315944306460
10.205988945462234 -1.155806111828970
10.204992460466180 -1.156296869758360
10.203993552106404 -1.156788218280804
10.202992220499024 -1.157280157654254
10.201988465761424 -1.157772688167147
10.200982288012922 -1.158265810005977
10.199973687374158 -1.158759523451527
10.198962663967588 -1.159253828707601
10.197949217917266 -1.159748726014432
10.196933349348603 -1.160244215646941
10.195915058389067 -1.160740297773474
10.194894345167645 -1.161236972645717
10.193871209815002 -1.161734240490034
10.192845652463479 -1.162232101535151
10.191817673247265 -1.162730555980559
10.190787272302275 -1.163229604046885
10.189754449766118 -1.163729245960063
10.188719205778401 -1.164229481897260
10.187681540479968 -1.164730312155940
10.186641454014328 -1.165231736809683
10.185598946526158 -1.165733756166550
10.184554018162377 -1.166236370366863
10.183506669071544 -1.166739579645159
10.182456899404139 -1.167243384192509
10.181404709312698 -1.167747784177768
10.180350098951454 -1.168252779827297
10.179293068476868 -1.168758371283618
10.178233618047093 -1.169264558774494
10.177171747822577 -1.169771342430628
10.176107457965411 -1.170278722487412
10.175040748639933 -1.170786699085925
10.173971620012408 -1.171295272414357
10.172900072251105 -1.171804442652441
10.171826105526458 -1.172314209952168
10.170749720011077 -1.172824574464096
10.169670915879474 -1.173335536383931
10.168589693308274 -1.173847095871190
10.167506052476531 -1.174359253037150
10.166419993565036 -1.174872008103044
10.165331516756948 -1.175385361188241
10.164240622237859 -1.175899312403240
10.163147310194960 -1.176413861991117
10.162051580818293 -1.176929009993250
10.160953434299758 -1.177444756613672
10.159852870833591 -1.177961101975421
10.158749890616450 -1.178478046190378
10.157644493846977 -1.178995589440608
10.156536680726511 -1.179513731791245
10.155426451458203 -1.180032473452657
10.154313806248160 -1.180551814449505
10.153198745304344 -1.181071754982979
10.152081268837316 -1.181592295135957
10.150961377059913 -1.182113435041903
10.149839070187456 -1.182635174800606
10.148714348437911 -1.183157514487524
10.147587212031187 -1.183680454288403
10.146457661190166 -1.184203994224975
10.145325696139704 -1.184728134479468
10.144191317107607 -1.185252875074918
10.143054524323743 -1.185778216179323
10.141915318021066 -1.186304157795174
10.140773698434630 -1.186830700081594
10.139629665802074 -1.187357843122722
10.138483220363899 -1.187885586954334
10.137334362362893 -1.188413931706774
10.136183092044702 -1.188942877418141
10.135029409657328 -1.189472424205811
10.133873315451666 -1.190002572101050
10.132714809681197 -1.190533321184945
10.131553892601930 -1.191064671546134
10.130390564472767 -1.191596623216419
10.129224825555326 -1.192129176252067
10.128056676113731 -1.192662330747017
10.126886116415164 -1.193196086703516
10.125713146729149 -1.193730444239586
10.124537767328537 -1.194265403312303
10.123359978488422 -1.194800964056838
10.122179780487178 -1.195337126436600
10.120997173605572 -1.195873890561309
10.119812158127640 -1.196411256396320
10.118624734339935 -1.196949224028530
10.117434902532034 -1.197487793464171
10.116242662996479 -1.198026964715308
10.115048016028640 -1.198566737819020
10.113850961926735 -1.199107112807261
10.112651500992078 -1.199648089670742
10.111449633528872 -1.200189668434117
10.110245359844312 -1.200731849105293
10.109038680248428 -1.201274631715091
10.107829595054717 -1.201818016193489
10.106618104579104 -1.202362002637826
10.105404209140978 -1.202906590976024
10.104187909062739 -1.203451781209731
10.102969204669723 -1.203997573351906
10.101748096290299 -1.204543967400840
10.100524584256231 -1.205090963291664
10.099298668902138 -1.205638561049973
10.098070350566042 -1.206186760610722
10.096839629588835 -1.206735561995004
10.095606506314750 -1.207284965145964
10.094370981091194 -1.207834970034958
10.093133054268781 -1.208385576623730
10.091892726201417 -1.208936784864790
10.090649997246015 -1.209488594752688
10.089404867763115 -1.210041006179505
10.088157338116122 -1.210594019165193
10.086907408672042 -1.211147633605210
10.085655079801006 -1.211701849472173
10.084400351876646 -1.212256666678730
10.083143225275695 -1.212812085200692
10.081883700378432 -1.213368104939841
10.080621777568565 -1.213924725817804
10.079357457233003 -1.214481947791502
10.078090739761928 -1.215039770808037
10.076821625549529 -1.215598194687104
10.075550114992742 -1.216157219462547
10.074276208492384 -1.216716844974783
10.072999906452605 -1.217277071157146
10.071721209281034 -1.217837897915238
10.070440117388879 -1.218399325140569
10.069156631190801 -1.218961352741329
10.067870751104930 -1.219523980625728
10.066582477553217 -1.220087208639638
10.065291810960813 -1.220651036732359
10.063998751756712 -1.221215464746574
10.062703300373405 -1.221780492580199
10.061405457246984 -1.222346120112805
10.060105222817285 -1.222912347200282
10.058802597527649 -1.223479173737213
10.057497581825215 -1.224046599567295
10.056190176160655 -1.224614624580545
10.054880380988456 -1.225183248614008
10.053568196766777 -1.225752471532123
10.052253623957508 -1.226322293187690
10.050936663026301 -1.226892713424078
10.049617314442468 -1.227463732105408
10.048295578679362 -1.228035349027869
10.046971456213768 -1.228607564089299
10.045644947526483 -1.229180377091458
10.044316053102142 -1.229753787859790
10.042984773429213 -1.230327796223934
10.041651108999902 -1.230902402026435
10.040315060310476 -1.231477605054319
10.038976627860864 -1.232053405162040
10.037635812155207 -1.232629802107888
10.036292613701210 -1.233206795761099
10.034947033010841 -1.233784385870258
10.033599070599680 -1.234362572293355
10.032248726987683 -1.234941354756666
10.030896002698473 -1.235520733108798
10.029540898259759 -1.236100707121474
10.028183414203333 -1.236681276570070
10.026823551064901 -1.237262441256005
10.025461309384266 -1.237844200946204
10.024096689705470 -1.238426555385448
10.022729692576263 -1.239009504407445
10.021360318548997 -1.239593047688756
10.019988568179523 -1.240177185098501
10.018614442028325 -1.240761916305465
10.017237940659664 -1.241347241128603
10.015859064642459 -1.241933159229659
10.014477814549233 -1.242519670454116
10.013094190957045 -1.243106774484180
10.011708194447095 -1.243694471068448
10.010319825604672 -1.244282759964819
10.008929085019389 -1.244871640887596
10.007535973285277 -1.245461113534181
10.006140491000394 -1.246051177669424
10.004742638767175 -1.246641832994367
10.003342417192457 -1.247233079204887
10.001939826887149 -1.247824916054242
10.000534868466737 -1.248417343205645
9.999127542551028 -1.249010360363910
9.997717849763818 -1.249603967293792
9.996305790733926 -1.250198163575265
9.994891366094134 -1.250792948972564
9.993474576481512 -1.251388323193803
9.992055422538064 -1.251984285829469
9.990633904909709 -1.252580836650052
9.989210024247235 -1.253177975255678
9.987783781205561 -1.253775701374559
9.986355176444295 -1.254374014636251
9.984924210627545 -1.254972914701904
9.983490884423814 -1.255572401248471
9.982055198506371 -1.256172473887613
9.980617153552737 -1.256773132320613
9.979176750245284 -1.257374376138006
9.977733989270712 -1.257976205025820
9.976288871320367 -1.258578618609288
9.974841397090481 -1.259181616470616
9.973391567281620 -1.259785198288401
9.971939382599034 -1.260389363677022
9.970484843752628 -1.260994112254722
9.969027951457099 -1.261599443614884
9.967568706431788 -1.262205357372337
9.966107109400632 -1.262811853154304
9.964643161092429 -1.263418930532807
9.963176862240696 -1.264026589108706
9.961708213583483 -1.264634828512615
9.960237215863986 -1.265243648262103
9.958763869829728 -1.265853048023466
9.957288176233460 -1.266463027296251
9.955810135832500 -1.267073585698423
9.954329749389025 -1.267684722794764
9.952847017670145 -1.268296438133760
9.951361941447574 -1.268908731320941
9.949874521498344 -1.269521601833235
9.948384758603815 -1.270135049322324
9.946892653550858 -1.270749073226885
9.945398207130699 -1.271363673190941
9.943901420139806 -1.271978848695992
9.942402293379672 -1.272594599262705
9.940900827656323 -1.273210924499182
9.939397023781421 -1.273827823808624
9.937890882570926 -1.274445296839278
9.936382404846388 -1.275063342999947
9.934871591433915 -1.275681961886405
9.933358443164956 -1.276301152950673
9.931842960875949 -1.276920915704635
9.930325145408274 -1.277541249670774
9.928804997608523 -1.278162154316354
9.927282518328502 -1.278783629108859
9.925757708424751 -1.279405673600150
9.924230568759356 -1.280028287193853
9.922701100199177 -1.280651469429331
9.921169303616555 -1.281275219719092
9.919635179888749 -1.281899537571551
9.918098729898421 -1.282524422409154
9.916559954533270 -1.283149873717345
9.915018854686252 -1.283775890937196
9.913475431255584 -1.284402473510968
9.911929685144731 -1.285029620879166
9.910381617262397 -1.285657332480577
9.908831228522644 -1.286285607733352
9.907278519844617 -1.286914446100164
9.905723492152953 -1.287543846970170
9.904166146377538 -1.288173809773379
9.902606483453637 -1.288804333911995
9.901044504321840 -1.289435418800274
9.899480209928106 -1.290067063838110
9.897913601223697 -1.290699268436624
9.896344679165399 -1.291332031966468
9.894773444715300 -1.291965353833085
9.893199898840972 -1.292599233408194
9.891624042515478 -1.293233670061237
9.890045876717144 -1.293868663197884
9.888465402429873 -1.294504212167778
9.886882620643009 -1.295140316340636
9.885297532351670 -1.295776975022361
9.883710138555916 -1.296414187672274
9.882120440261870 -1.297051953538545
9.880528438480921 -1.297690272014399
9.878934134230065 -1.298329142428780
9.877337528531783 -1.298968564129354
9.875738622414351 -1.299608536404635
9.874137416911548 -1.300249058596216
9.872533913062506 -1.300890130068503
9.870928111912423 -1.301531750053414
9.869320014511620 -1.302173917954944
9.867709621916664 -1.302816632964371
9.866096935189422 -1.303459894448451
9.864481955397316 -1.304103701724038
9.862864683613806 -1.304748054013687
9.861245120917843 -1.305392950641549
9.859623268394243 -1.306038390857561
9.857999127133253 -1.306684373992109
9.856372698231262 -1.307330899238450
9.854743982790286 -1.307977965884252
9.853112981918015 -1.308625573206305
9.851479696728081 -1.309273720428680
9.849844128339630 -1.309922406851162
9.848206277877962 -1.310571631654027
9.846566146474176 -1.311221394078254
9.844923735265025 -1.311871693391745
9.843279045393274 -1.312522528792994
9.841632078007573 -1.313173899497833
9.839982834262154 -1.313825804781057
9.838331315317658 -1.314478243756908
9.836677522340336 -1.315131215686247
9.835021456502396 -1.315784719764937
9.833363118982170 -1.316438755151376
9.831702510963465 -1.317093321125751
9.830039633636542 -1.317748416780438
9.828374488197587 -1.318404041303065
9.826707075848638 -1.319060193894964
9.825037397797814 -1.319716873710421
9.823365455259157 -1.320374079928717
9.821691249452849 -1.321031811688859
9.820014781605130 -1.321690068139576
9.818336052948299 -1.322348848427298
9.816655064720736 -1.323008151692462
9.814971818166899 -1.323667977071753
9.813286314537359 -1.324328323693648
9.811598555088729 -1.324989190695589
9.809908541083834 -1.325650577180708
9.808216273791658 -1.326312482260074
9.806521754487198 -1.326974905067539
9.804824984452043 -1.327637844624565
9.803125964973326 -1.328301300151423
9.801424697344910 -1.328965270635135
9.799721182866678 -1.329629755198127
9.798015422844669 -1.330294752933738
9.796307418591207 -1.330960262905567
9.794597171424947 -1.331626284167224
9.792884682670692 -1.332292815804211
9.791169953659670 -1.332959856844220
9.789452985729280 -1.333627406362294
9.787733780223101 -1.334295463427997
9.786012338491412 -1.334964027006756
9.784288661890265 -1.335633096241085
9.782562751782656 -1.336302670042980
9.780834609537559 -1.336972747509134
9.779104236530312 -1.337643327657421
9.777371634142792 -1.338314409468501
9.775636803763245 -1.338985991953332
9.773899746786080 -1.339658074160075
9.772160464612540 -1.340330655000978
9.770418958649918 -1.341003733540786
9.768675230312228 -1.341677308707930
9.766929281019607 -1.342351379544044
9.765181112198905 -1.343025944974669
9.763430725283614 -1.343701003932466
9.761678121713336 -1.344376555453302
9.759923302934283 -1.345052598472132
9.758166270399405 -1.345729131891929
9.756407025567905 -1.346406154711977
9.754645569905623 -1.347083665849653
9.752881904885088 -1.347761664209491
9.751116031985186 -1.348440148759046
9.749347952691338 -1.349119118424486
9.747577668495911 -1.349798572051266
9.745805180897543 -1.350478508611824
9.744030491401544 -1.351158926995950
9.742253601519986 -1.351839826074609
9.740474512771291 -1.352521204793340
9.738693226680898 -1.353203061964644
9.736909744780542 -1.353885396538805
9.735124068608981 -1.354568207319988
9.733336199711395 -1.355251493225262
9.731546139639754 -1.355935253098892
9.729753889952731 -1.356619485794453
9.727959452215627 -1.357304190180483
9.726162828000575 -1.357989365079817
9.724364018886547 -1.358675009309031
9.722563026459031 -1.359361121747102
9.720759852310414 -1.360047701193628
9.718954498039885 -1.360734746459474
9.717146965253306 -1.361422256383657
9.715337255563361 -1.362110229766991
9.713525370589817 -1.362798665355878
9.711711311958680 -1.363487562063062
9.709895081303356 -1.364176918562197
9.708076680263849 -1.364866733686680
9.706256110487054 -1.365557006205686
9.704433373626619 -1.366247734912043
9.702608471343192 -1.366938918546686
9.700781405304291 -1.367630555870978
9.698952177184401 -1.368322645624067
9.697120788664696 -1.369015186596129
9.695287241433384 -1.369708177505118
9.693451537185791 -1.370401617047950
9.691613677623780 -1.371095504033267
9.689773664456652 -1.371789837084768
9.687931499400236 -1.372484615007550
9.686087184177470 -1.373179836482767
9.684240720518483 -1.373875500172063
9.682392110160118 -1.374571604829932
9.680541354846275 -1.375268149136207
9.678688456328109 -1.375965131727537
9.676833416363452 -1.376662551354247
9.674976236717340 -1.377360406653006
9.673116919161885 -1.378058696285511
9.671255465476223 -1.378757418918141
9.669391877446579 -1.379456573199523
9.667526156866057 -1.380156157817632
9.665658305535194 -1.380856171344602
9.663788325261281 -1.381556612482896
9.661916217858966 -1.382257479813509
9.660041985149817 -1.382958771996015
9.658165628962600 -1.383660487633906
9.656287151133469 -1.384362625285614
9.654406553505085 -1.385065183684648
9.652523837927966 -1.385768161286173
9.650639006259457 -1.386471556749840
9.648752060363975 -1.387175368680779
9.646863002113196 -1.387879595643490
9.644971833386393 -1.388584236128139
9.643078556069291 -1.389289288851701
9.641183172055371 -1.389994752265502
9.639285683245172 -1.390700624953770
9.637386091546469 -1.391406905463614
9.635484398874199 -1.392113592352526
9.633580607150737 -1.392820684113768
9.631674718305595 -1.393528179300874
9.629766734275414 -1.394236076464738
9.627856657004255 -1.394944374088794
9.625944488443638 -1.395653070648174
9.624030230551982 -1.396362164724450
9.622113885295260 -1.397071654763037
9.620195454646689 -1.397781539266962
9.618274940586781 -1.398491816723833
9.616352345103422 -1.399202485601808
9.614427670191915 -1.399913544354625
9.612500917854689 -1.400624991490165
9.610572090101618 -1.401336825448873
9.608641188949980 -1.402049044671835
9.606708216424392 -1.402761647609978
9.604773174556927 -1.403474632686423
9.602836065386796 -1.404187998383410
9.600896890960881 -1.404901743069549
9.598955653333279 -1.405615865202365
9.597012354565670 -1.406330363157628
9.595066996726858 -1.407045235404405
9.593119581893319 -1.407760480289053
9.591170112148959 -1.408476096206090
9.589218589585069 -1.409192081553800
9.587265016300252 -1.409908434740375
9.585309394400705 -1.410625154111940
9.583351726000098 -1.411342238032479
9.581392013219491 -1.412059684879647
9.579430258187500 -1.412777492992027
9.577466463040141 -1.413495660735536
9.575500629921109 -1.414214186411035
9.573532760981207 -1.414933068436194
9.571562858379057 -1.415652305074803
9.569590924280881 -1.416371894628130
9.567616960860057 -1.417091835489648
9.565640970297778 -1.417812125907490
9.563662954782624 -1.418532764214688
