1.000000000000000 1.346773688360370
1.413430424811061 1.346765531025308
1.458600319224386 1.327206841878422
1.503381698624587 1.308995819438038
1.547778952793109 1.291969075787237
1.591797132312130 1.275989685220144
1.635441850893520 1.260942059285675
1.678719183894185 1.246727949420115
1.721635570832149 1.233263302888359
1.764197725973605 1.220475770303428
1.806412558781429 1.208302714903966
1.848287104662041 1.196689611305951
1.889828465675787 1.185588748855575
1.931043760470394 1.174958174913535
1.971940082509687 1.164760828416826
2.012524465619757 1.154963825319803
2.052803855896725 1.145537866013797
2.092785089088067 1.136456741291375
2.132474872642996 1.127696918372817
2.171879771718773 1.119237192331241
2.211006198519360 1.111058391215759
2.249860404426913 1.103143125485125
2.288448474462946 1.095475574180443
2.326776323683363 1.088041301699024
2.364849695171449 1.080827100169766
2.402674159345481 1.073820853338763
2.440255114339580 1.067011418600603
2.477597787257678 1.060388524398750
2.514707236130328 1.053942680691671
2.551588352433387 1.047665100568009
2.588245864049229 1.041547631408140
2.624684338572662 1.035582694248437
2.660908186879125 1.029763230216379
2.696921666886178 1.024082653079999
2.732728887453452 1.018534807101548
2.768333812372787 1.013113929505137
2.803740264411664 1.007814616970404
2.838951929376837 1.002631795647832
2.873972360174823 0.997560694264083
2.908804980846370 0.992596819944163
2.943453090559172 0.987735936429252
2.977919867545805 0.982974044411885
3.012208372976014 0.978307363746676
3.046321554754658 0.973732317326085
3.080262251240124 0.969245516438050
3.114033194878443 0.964843747444909
3.147637015748675 0.960523959642562
3.181076245019386 0.956283254176878
3.214353318313067 0.952118873907899
3.247470578979398 0.948028194126229
3.280430281276808 0.944008714036492
3.313234593462509 0.940058048932475
3.345885600793337 0.936173922997576
3.378385308437261 0.932354162670694
3.410735644297619 0.928596690524808
3.442938461752349 0.924899519611108
3.474995542309285 0.921260748226215
3.506908598179147 0.917678555064542
3.538679274770576 0.914151194722443
3.570309153105525 0.910676993522644
3.601799752160679 0.907254345632413
3.633152531135046 0.903881709450192
3.664368891646015 0.900557604238391
3.695450179856350 0.897280606982239
3.726397688534867 0.894049349456542
3.757212659050131 0.890862515483137
3.787896283303165 0.887718838364932
3.818449705597426 0.884617098481971
3.848874024449922 0.881556121037545
3.879170294345013 0.878534773942931
3.909339527431576 0.875551965830140
3.939382695168012 0.872606644183855
3.969300729912461 0.869697793582923
3.999094526464331 0.866824434044507
4.028764943555111 0.863985619462816
4.058312805293338 0.861180436136517
4.087738902561168 0.858408001377818
4.117043994367466 0.855667462198372
4.146228809158003 0.852957994066653
4.175294046082156 0.850278799731627
4.204240376219169 0.847629108108703
4.233068443766050 0.845008173224084
4.261778867185031 0.842415273213092
4.290372240315789 0.839849709369832
4.318849133449666 0.837310805244216
4.347210094370394 0.834797905784041
4.375455649359548 0.832310376518841
4.403586304170116 0.829847602783401
4.431602544966227 0.827408988978011
4.459504839234273 0.824993957864078
4.487293636661111 0.822601949892046
4.514969369984986 0.820232422560630
4.542532455816764 0.817884849804963
4.569983295433784 0.815558721412293
4.597322275546630 0.813253542463582
4.624549769040883 0.810968832799804
4.651666135691263 0.808704126510998
4.678671722853452 0.806458971447635
4.705566866130208 0.804232928752386
4.732351890015368 0.802025572411722
4.759027108514673 0.799836488825995
4.785592825744379 0.797665276397096
4.812049336508880 0.795511545132895
4.838396926858179 0.793374916267636
4.864635874623514 0.791255021897123
4.890766449934884 0.789151504628461
4.916788915719269 0.787064017243360
4.942703528179579 0.784992222374268
4.968510537256330 0.782935792192929
4.994210187071938 0.780894408110693
5.019802716357460 0.778867760489908
5.045288358863348 0.776855548366056
5.070667343753638 0.774857479179957
5.095939895985625 0.772873268519849
5.121106236672816 0.770902639872470
5.146166583435195 0.768945324383294
5.171121150733342 0.767001060624939
5.195970150189527 0.765069594373780
5.220713790896462 0.763150678394454
5.245352279710387 0.761244072231389
5.269885821534515 0.759349542007855
5.294314619587791 0.757466860231460
5.318638875662941 0.755595805606328
5.342858790373070 0.753736162851530
5.366974563386397 0.751887722525413
5.390986393649972 0.750050280855648
5.414894479604445 0.748223639575024
5.438699019386281 0.746407605762201
5.462400211021941 0.744601991687833
5.485998252611564 0.742806614665434
5.509493342503648 0.741021296907014
5.532885679460418 0.739245865383181
5.556175462815065 0.737480151687691
5.579362892619961 0.735723991906107
5.602448169787003 0.733977226488537
5.625431496219632 0.732239700126213
5.648313074938098 0.730511261631932
5.671093110196514 0.728791763824007
5.693771807592980 0.727081063413738
5.716349374172737 0.725379020896230
5.738826018525022 0.723685500444517
5.761201950873139 0.722000369806772
5.783477383157973 0.720323500206498
5.805652529116625 0.718654766245791
5.827727604353924 0.716994045811260
5.849702826408708 0.715341219982722
5.871578414816141 0.713696172944711
5.893354591162283 0.712058791900234
5.915031579135528 0.710428966987212
5.936609604572970 0.708806591197298
5.958088895501248 0.707191560296884
5.979469682174560 0.705583772750553
6.000752197106001 0.703983129646410
6.021936675097227 0.702389534623809
6.043023353262611 0.700802893802924
6.064012471050117 0.699223115716358
6.084904270258208 0.697650111242629
6.105698995050274 0.696083793541615
6.126396891963902 0.694524077991600
6.146998209918553 0.692970882128240
6.167503200219715 0.691424125585170
6.187912116559281 0.689883730036154
6.208225215014747 0.688349619139012
6.228442754043205 0.686821718480808
6.248564994476459 0.685299955524946
6.268592199509481 0.683784259559256
6.288524634690206 0.682274561645894
6.308362567904333 0.680770794572312
6.328106269359782 0.679272892803755
6.347756011568616 0.677780792436988
6.367312069326422 0.676294431155223
6.386774719691108 0.674813748184385
6.406144241958725 0.673338684250444
6.425420917638740 0.671869181538008
6.444605030426828 0.670405183649935
6.463696866177324 0.668946635568158
6.482696712872832 0.667493483615407
6.501604860594177 0.666045675418140
6.520421601488082 0.664603159870358
6.539147229733817 0.663165887098404
6.557782041509276 0.661733808426768
6.576326334956013 0.660306876344798
6.594780410142512 0.658885044474224
6.613144569027706 0.657468267537675
6.631419115423183 0.656056501327976
6.649604354954970 0.654649702678314
6.667700595023804 0.653247829433115
6.685708144766460 0.651850840419876
6.703627315014435 0.650458695421544
6.721458418253811 0.649071355149806
6.739201768584044 0.647688781219034
6.756857681676657 0.646310936120968
6.774426474732307 0.644937783199953
6.791908466439915 0.643569286629072
6.809303976933335 0.642205411386715
6.826613327749212 0.640846123233909
6.843836841783127 0.639491388692126
6.860974843248010 0.638141175021905
6.878027657630104 0.636795450201843
6.894995611646062 0.635454182908259
6.911879033199806 0.634117342495395
6.928678251339466 0.632784898976160
6.945393596214013 0.631456823003365
6.962025399030209 0.630133085851492
6.978573992009841 0.628813659398976
6.995039708347105 0.627498516110976
7.011422882164789 0.626187629022487
7.027723848473095 0.624880971722144
7.043942943126789 0.623578518336295
7.060080502782327 0.622280243513492
7.076136864857635 0.620986122409621
7.092112367488604 0.619696130673127
7.108007349489234 0.618410244430941
7.123822150309567 0.617128440274576
7.139557109995859 0.615850695246775
7.155212569149349 0.614576986828374
7.170788868886731 0.613307292925653
7.186286350800251 0.612041591857961
7.201705356918393 0.610779862345721
7.217046229667047 0.609522083498758
7.232309311830676 0.608268234804935
7.247494946514575 0.607018296119149
7.262603477106830 0.605772247652584
7.277635247240999 0.604530069962288
7.292590600759818 0.603291743941084
7.307469881677948 0.602057250807658
7.322273434146892 0.600826572097062
7.337001602418426 0.599599689651324
7.351654730810933 0.598376585610527
7.366233163673478 0.597157242403914
7.380737245352528 0.595941642741423
7.395167320158530 0.594729769605415
7.409523732331929 0.593521606242545
7.423806826011200 0.592317136155998
7.438016945200580 0.591116343097877
7.452154433738680 0.589919211061839
7.466219635266602 0.588725724275871
7.480212893197796 0.587535867195365
7.494134550688556 0.586349624496405
7.507984950606560 0.585166981069059
7.521764435504120 0.583987922011189
7.535473347587351 0.582812432622093
7.549112028689335 0.581640498396589
7.562680820242173 0.580472105019164
7.576180063249902 0.579307238358304
7.589610098261472 0.578145884460977
7.602971265345336 0.576988029547343
7.616263904063321 0.575833660005543
7.629488353445378 0.574682762386666
7.642644951965527 0.573535323399912
7.655734037516696 0.572391329907790
7.668755947388743 0.571250768921654
7.681711018243321 0.570113627597100
7.694599586092642 0.568979893229759
7.707421986276743 0.567849553251068
7.720178553441702 0.566722595224203
7.732869621518526 0.565599006840150
7.745495523702481 0.564478775913893
7.758056592432091 0.563361890380662
7.770553159370725 0.562248338292444
7.782985555385483 0.561138107814382
7.795354110529805 0.560031187221510
7.807659154024065 0.558927564895416
7.819901014237543 0.557827229321079
7.832080018671261 0.556730169083826
7.844196493941074 0.555636372866377
7.856250765759784 0.554545829445880
7.868243158922552 0.553458527691243
7.880173997289321 0.552374456560306
7.892043603770598 0.551293605097314
7.903852300311839 0.550215962430340
7.915600407879338 0.549141517768867
7.927288246445295 0.548070260401362
7.938916134975009 0.547002179693045
7.950484391412289 0.545937265083588
7.961993332667625 0.544875506085038
7.973443274604366 0.543816892279659
7.984834532027560 0.542761413317987
7.996167418671710 0.541709058916856
8.007442247188797 0.540659818857486
8.018659329137604 0.539613682983688
8.029818974973466 0.538570641200139
8.040921494036340 0.537530683470576
8.051967194542049 0.536493799816241
8.062956383572573 0.535459980314290
8.073889367065822 0.534429215096199
8.084766449806825 0.533401494346297
8.095587935419490 0.532376808300364
8.106354126358063 0.531355147244236
8.117065323898620 0.530336501512438
8.127721828131584 0.529320861486915
8.138323937954342 0.528308217595790
8.148871951064274 0.527298560312170
8.159366163951139 0.526291880152942
8.169806871891364 0.525288167677706
8.180194368941637 0.524287413487687
8.190528947932126 0.523289608224644
8.200810900461468 0.522294742569912
8.211040516892046 0.521302807243480
8.221218086343244 0.520313793002958
8.231343896687525 0.519327690642746
8.241418234545408 0.518344490993139
8.251441385281590 0.517364184919530
8.261413633000510 0.516386763321593
8.271335260542180 0.515412217132489
8.281206549478929 0.514440537318151
8.291027780112103 0.513471714876578
8.300799231468153 0.512505740837104
8.310521181296876 0.511542606259810
8.320193906067662 0.510582302234829
8.329817680966853 0.509624819881729
8.339392779896876 0.508670150349012
8.348919475472822 0.507718284813477
8.358398039020718 0.506769214479687
8.367828740576467 0.505822930579488
8.377211848884247 0.504879424371508
8.386547631394475 0.503938687140636
8.395836354263373 0.503000710197608
8.405078282352253 0.502065484878577
8.414273679226225 0.501133002544667
8.423422807154227 0.500203254581605
8.432525927107754 0.499276232399287
8.441583298761943 0.498351927431486
8.450595180494695 0.497430331135456
8.459561829386308 0.496511434991566
8.468483501221513 0.495595230503088
8.477360450487533 0.494681709195748
8.486192930377541 0.493770862617609
8.494981192788476 0.492862682338621
8.503725488323647 0.491957159950458
8.512426066294166 0.491054287066292
8.521083174718370 0.490154055320450
8.529697060324798 0.489256456368292
8.538267968552246 0.488361481885906
8.546796143552948 0.487469123570008
8.555281828192751 0.486579373137651
8.563725264053845 0.485692222326103
8.572126691436090 0.484807662892633
8.580486349359818 0.483925686614394
8.588804475566979 0.483046285288208
8.597081306524805 0.482169450730499
8.605317077426589 0.481295174777068
8.613512022195367 0.480423449283026
8.621666373485853 0.479554266122638
8.629780362688056 0.478687617189264
8.637854219928361 0.477823494395152
8.645888174074468 0.476961889671455
8.653882452736479 0.476102794968034
8.661837282271552 0.475246202253459
8.669752887785686 0.474392103514852
8.677629493138150 0.473540490757880
8.685467320943898 0.472691356006634
8.693266592577219 0.471844691303583
8.701027528175670 0.471000488709539
8.708750346642681 0.470158740303551
8.716435265652331 0.469319438182923
8.724082501651832 0.468482574463099
8.731692269866542 0.467648141277698
8.739264784302547 0.466816130778406
8.746800257751188 0.465986535134982
8.754298901793220 0.465159346535240
8.761760926802502 0.464334557185008
8.769186541949765 0.463512159308090
8.776575955207278 0.462692145146283
8.783929373353002 0.461874506959354
8.791247001974417 0.461059237025012
8.798529045472520 0.460246327638883
8.805775707067632 0.459435771114582
8.812987188802083 0.458627559783622
8.820163691545186 0.457821685995442
8.827305414998476 0.457018142117446
8.834412557698675 0.456216920534931
8.841485317023860 0.455418013651172
8.848523889196933 0.454621413887375
8.855528469290563 0.453827113682702
8.862499251231998 0.453035105494287
8.869436427807232 0.452245381797228
8.876340190666880 0.451457935084652
8.883210730329276 0.450672757867651
8.890048236186828 0.449889842675379
8.896852896509582 0.449109182055002
8.903624898450541 0.448330768571744
8.910364428051087 0.447554594808935
8.917071670245011 0.446780653367989
8.923746808863635 0.446008936868434
8.930390026641160 0.445239437947958
8.937001505218801 0.444472149262386
8.943581425150784 0.443707063485763
8.950129965908227 0.442944173310315
8.956647305885550 0.442183471446548
8.963133622403337 0.441424950623164
8.969589091715999 0.440668603587217
8.976013889014759 0.439914423104036
8.982408188433357 0.439162401957286
8.988772163053417 0.438412532949003
8.995105984909458 0.437664808899621
9.001409824993793 0.436919222647985
9.007683853261048 0.436175767051354
9.013928238634604 0.435434434985489
9.020143149010483 0.434695219344617
9.026328751263533 0.433958113041516
9.032485211251037 0.433223109007460
9.038612693819724 0.432490200192340
9.044711362809577 0.431759379564627
9.050781381059345 0.431030640111408
9.056822910411537 0.430303974838415
9.062836111717832 0.429579376770054
9.068821144844140 0.428856838949431
9.074778168675182 0.428136354438346
9.080707341120837 0.427417916317377
9.086608819120348 0.426701517685858
9.092482758647193 0.425987151661889
9.098329314715105 0.425274811382402
9.104148641382599 0.424564490003152
9.109940891758718 0.423856180698773
9.115706218006583 0.423149876662717
9.121444771351005 0.422445571107401
9.127156702080701 0.421743257264085
9.132842159556208 0.421042928383026
9.138501292212878 0.420344577733395
9.144134247566940 0.419648198603347
9.149741172220191 0.418953784300016
9.155322211865771 0.418261328149562
9.160877511291408 0.417570823497113
9.166407214387361 0.416882263706902
9.171911464148529 0.416195642162157
9.177390402681377 0.415510952265196
9.182844171208284 0.414828187437413
9.188272910072149 0.414147341119271
9.193676758742678 0.413468406770375
9.199055855819651 0.412791377869403
9.204410339038947 0.412116247914166
9.209740345277782 0.411443010421631
9.215046010558599 0.410771658927880
9.220327470055066 0.410102186988172
9.225584858095862 0.409434588176894
9.230818308170509 0.408768856087614
9.236027952934185 0.408104984333084
9.241213924211905 0.407442966545210
9.246376353003834 0.406782796375083
9.251515369490555 0.406124467493001
9.256631103036934 0.405467973588424
9.261723682197630 0.404813308370017
9.266793234721481 0.404160465565627
9.271839887556952 0.403509438922315
9.276863766855932 0.402860222206316
9.281864997979165 0.402212809203066
9.286843705500470 0.401567193717185
9.291800013212075 0.400923369572492
9.296734044128879 0.400281330611995
9.301645920492820 0.399641070697865
9.306535763778523 0.399002583711485
9.311403694696532 0.398365863553373
9.316249833199594 0.397730904143258
9.321074298485696 0.397097699420002
9.325877209003306 0.396466243341622
9.330658682456001 0.395836529885288
9.335418835807198 0.395208553047317
9.340157785284358 0.394582306843157
9.344875646382715 0.393957785307338
9.349572533871804 0.393334982493555
9.354248561797554 0.392713892474550
9.358903843488426 0.392094509342177
9.363538491559309 0.391476827207363
9.368152617915307 0.390860840200071
9.372746333757464 0.390246542469344
9.377319749585514 0.389633928183218
9.381872975203317 0.389022991528759
9.386406119723667 0.388413726712061
9.390919291570318 0.387806127958139
9.395412598484855 0.387200189511018
9.399886147529635 0.386595905633660
9.404340045091983 0.385993270607945
9.408774396888793 0.385392278734667
9.413189307970683 0.384792924333511
9.417584882726116 0.384195201743034
9.421961224885093 0.383599105320621
9.426318437524310 0.383004629442509
9.430656623070151 0.382411768503716
9.434975883303418 0.381820516918048
9.439276319363531 0.381230869118075
9.443558031752193 0.380642819555098
9.447821120337117 0.380056362699108
9.452065684357141 0.379471493038808
9.456291822424989 0.378888205081536
9.460499632531908 0.378306493353270
9.464689212051571 0.377726352398594
9.468860657744044 0.377147776780676
9.473014065759124 0.376570761081218
9.477149531640833 0.375995299900452
9.481267150331121 0.375421387857102
9.485367016173877 0.374849019588369
9.489449222917933 0.374278189749859
9.493513863722013 0.373708893015609
9.497561031157501 0.373141124078007
9.501590817213318 0.372574877647812
9.505603313298069 0.372010148454057
9.509598610245435 0.371446931244085
9.513576798316869 0.370885220783473
9.517537967204722 0.370325011855984
9.521482206038092 0.369766299263615
9.525409603383940 0.369209077826467
9.529320247252123 0.368653342382766
9.533214225098636 0.368099087788815
9.537091623829134 0.367546308918958
9.540952529802313 0.366995000665538
9.544797028834108 0.366445157938884
9.548625206200324 0.365896775667247
9.552437146640312 0.365349848796769
9.556232934361299 0.364804372291474
9.560012653040726 0.364260341133196
9.563776385830394 0.363717750321565
9.567524215359011 0.363176594873938
9.571256223736734 0.362636869825401
9.574972492557702 0.362098570228707
9.578673102903592 0.361561691154236
9.582358135346965 0.361026227689962
9.586027669954886 0.360492174941424
9.589681786291219 0.359959528031651
9.593320563421063 0.359428282101162
9.596944079913547 0.358898432307911
9.600552413844261 0.358369973827218
9.604145642800338 0.357842901851795
9.607723843881331 0.357317211591622
9.611287093704208 0.356792898273970
9.614835468405857 0.356269957143339
9.618369043645604 0.355748383461390
9.621887894609275 0.355228172506942
9.625392096011950 0.354709319575912
9.628881722100834 0.354191819981271
9.632356846658007 0.353675669052984
9.635817543004894 0.353160862138023
9.639263884003286 0.352647394600252
9.642695942059605 0.352135261820425
9.646113789127776 0.351624459196142
9.649517496711576 0.351114982141784
9.652907135868393 0.350606826088493
9.656282777211501 0.350099986484111
9.659644490912973 0.349594458793130
9.662992346707155 0.349090238496673
9.666326413892925 0.348587321092424
9.669646761336265 0.348085702094576
9.672953457474463 0.347585377033830
9.676246570317531 0.347086341457307
9.679526167451174 0.346588590928501
9.682792316040340 0.346092121027266
9.686045082831383 0.345596927349748
9.689284534154693 0.345103005508332
9.692510735927556 0.344610351131606
9.695723753657306 0.344118959864326
9.698923652443444 0.343628827367350
9.702110496980319 0.343139949317594
9.705284351559989 0.342652321407993
9.708445280074814 0.342165939347448
9.711593346020315 0.341680798860793
9.714728612497046 0.341196895688719
9.717851142213934 0.340714225587754
9.720960997490295 0.340232784330199
9.724058240258969 0.339752567704097
9.727142932068064 0.339273571513160
9.730215134084325 0.338795791576752
9.733274907094682 0.338319223729807
9.736322311509731 0.337843863822816
9.739357407365654 0.337369707721761
9.742380254326584 0.336896751308064
9.745390911686892 0.336424990478533
9.748389438374547 0.335954421145347
9.751375892952419 0.335485039235973
9.754350333621236 0.335016840693132
9.757312818221765 0.334549821474748
9.760263404236969 0.334083977553893
9.763202148795264 0.333619304918767
9.766129108671292 0.333155799572603
9.769044340289778 0.332693457533665
9.771947899726854 0.332232274835170
9.774839842712545 0.331772247525245
9.777720224633232 0.331313371666889
9.780589100533588 0.330855643337909
9.783446525119263 0.330399058630889
9.786292552758662 0.329943613653130
9.789127237485109 0.329489304526594
9.791950632999370 0.329036127387872
9.794762792671834 0.328584078388132
9.797563769544354 0.328133153693064
9.800353616332298 0.327683349482824
9.803132385427379 0.327234661952011
9.805900128898950 0.326787087309593
9.808656898496530 0.326340621778867
9.811402745651858 0.325895261597418
9.814137721481121 0.325451003017066
9.816861876786234 0.325007842303798
9.819575262058073 0.324565775737760
9.822277927477572 0.324124799613172
9.824969922917884 0.323684910238288
9.827651297946945 0.323246103935366
9.830322101828834 0.322808377040599
9.832982383525810 0.322371725904066
9.835632191700906 0.321936146889708
9.838271574719180 0.321501636375255
9.840900580649491 0.321068190752173
9.843519257267442 0.320635806425650
9.846127652056319 0.320204479814511
9.848725812209118 0.319774207351184
9.851313784631154 0.319344985481665
9.853891615941020 0.318916810665448
9.856459352472838 0.318489679375486
9.859017040278301 0.318063588098148
9.861564725128147 0.317638533333166
9.864102452514070 0.317214511593583
9.866630267650748 0.316791519405717
9.869148215477670 0.316369553309109
9.871656340660115 0.315948609856458
9.874154687591863 0.315528685613596
9.876643300396728 0.315109777159434
9.879122222930242 0.314691881085919
9.881591498781120 0.314274993997968
9.884051171273207 0.313859112513439
9.886501283467402 0.313444233263079
9.888941878163003 0.313030352890475
9.891372997899824 0.312617468052016
9.893794684958667 0.312205575416809
9.896206981365221 0.311794671666700
9.898609928889487 0.311384753496162
9.901003569048667 0.310975817612283
9.903387943108159 0.310567860734701
9.905763092084021 0.310160879595586
9.908129056743599 0.309754870939557
9.910485877607661 0.309349831523658
9.912833594951978 0.308945758117309
9.915172248808680 0.308542647502254
9.917501878968032 0.308140496472519
9.919822524980054 0.307739301834372
9.922134226155441 0.307339060406252
9.924437021568203 0.306939769018764
9.926730950056003 0.306541424514591
9.929016050222438 0.306144023748476
9.931292360438801 0.305747563587181
9.933559918844280 0.305352040909404
9.935818763348696 0.304957452605773
9.938068931633486 0.304563795578783
9.940310461153196 0.304171066742754
9.942543389137152 0.303779263023790
9.944767752590556 0.303388381359729
9.946983588295865 0.302998418700089
9.949190932814613 0.302609372006041
9.951389822488620 0.302221238250357
9.953580293441604 0.301834014417370
9.955762381579873 0.301447697502911
9.957936122594695 0.301062284514291
9.960101551962971 0.300677772470241
9.962258704948583 0.300294158400862
9.964407616604616 0.299911439347608
9.966548321773505 0.299529612363212
9.968680855089145 0.299148674511655
9.970805250977934 0.298768622868125
9.972921543660146 0.298389454518966
9.975029767151554 0.298011166561650
9.977129955264084 0.297633756104711
9.979222141607693 0.297257220267722
9.981306359591176 0.296881556181234
9.983382642423944 0.296506760986752
9.985451023116951 0.296132831836681
9.987511534484051 0.295759765894283
9.989564209143115 0.295387560333637
9.991609079517678 0.295016212339603
9.993646177837377 0.294645719107758
9.995675536140197 0.294276077844384
9.997697186272875 0.293907285766404
9.999711159892605 0.293539340101350
10.001717488467543 0.293172238087308
10.003716203279152 0.292805976972901
10.005707335422361 0.292440554017225
10.007690915807068 0.292075966489816
10.009666975159448 0.291712211670609
10.011635544023129 0.291349286849900
10.013596652759757 0.290987189328289
10.015550331550912 0.290625916416659
10.017496610398986 0.290265465436130
10.019435519128237 0.289905833718013
10.021367087385645 0.289547018603766
10.023291344642526 0.289189017444966
10.025208320195119 0.288831827603253
10.027118043166720 0.288475446450321
10.029020542507183 0.288119871367832
10.030915846995210 0.287765099747410
10.032803985239035 0.287411128990590
10.034684985677549 0.287057956508784
10.036558876581143 0.286705579723227
10.038425686053309 0.286353996064962
10.040285442030795 0.286003202974770
10.042138172285641 0.285653197903161
10.043983904425533 0.285303978310316
10.045822665895123 0.284955541666056
10.047654483976796 0.284607885449794
10.049479385791875 0.284261007150507
10.051297398301784 0.283914904266698
10.053108548308806 0.283569574306352
10.054912862456652 0.283225014786886
10.056710367232624 0.282881223235145
10.058501088967459 0.282538197187328
10.060285053836749 0.282195934188969
10.062062287862236 0.281854431794906
10.063832816911706 0.281513687569210
10.065596666701467 0.281173699085198
10.067353862795791 0.280834463925346
10.069104430608997 0.280495979681287
10.070848395405491 0.280158243953751
10.072585782301886 0.279821254352559
10.074316616266065 0.279485008496534
10.076040922119931 0.279149504013518
10.077758724539496 0.278814738540310
10.079470048055754 0.278480709722631
10.081174917055533 0.278147415215085
10.082873355782697 0.277814852681133
10.084565388338911 0.277483019793053
10.086251038684374 0.277151914231899
10.087930330638649 0.276821533687466
10.089603287881896 0.276491875858266
10.091269933955527 0.276162938451480
10.092930292262663 0.275834719182921
10.094584386069677 0.275507215777011
10.096232238506623 0.275180425966738
10.097873872568261 0.274854347493624
10.099509311114490 0.274528978107683
10.101138576871721 0.274204315567396
10.102761692433402 0.273880357639672
10.104378680260744 0.273557102099812
10.105989562683831 0.273234546731479
10.107594361902253 0.272912689326662
10.109193099985617 0.272591527685635
10.110785798875154 0.272271059616942
10.112372480383341 0.271951282937335
10.113953166196016 0.271632195471774
10.115527877871600 0.271313795053351
10.117096636843579 0.270996079523306
10.118659464419874 0.270679046730954
10.120216381784440 0.270362694533673
10.121767409997698 0.270047020796865
10.123312569997060 0.269732023393916
10.124851882597982 0.269417700206170
10.126385368495390 0.269104049122918
10.127913048262682 0.268791068041314
10.129434942353880 0.268478754866386
10.130951071104001 0.268167107510992
10.132461454729592 0.267856123895781
10.133966113329743 0.267545801949171
10.135465066886454 0.267236139607310
10.136958335265748 0.266927134814049
10.138445938217862 0.266618785520903
10.139927895378362 0.266311089687026
10.141404226268968 0.266004045279186
10.142874950297276 0.265697650271707
10.144340086758936 0.265391902646477
10.145799654837205 0.265086800392888
10.147253673603620 0.264782341507805
10.148702162019703 0.264478523995562
10.150145138936407 0.264175345867899
10.151582623095669 0.263872805143955
10.153014633130207 0.263570899850217
10.154441187565240 0.263269628020514
10.155862304818140 0.262968987695964
10.157278003199709 0.262668976924959
10.158688300914916 0.262369593763137
10.160093216062315 0.262070836273323
10.161492766636695 0.261772702525547
10.162886970527792 0.261475190596972
10.164275845522356 0.261178298571893
10.165659409303510 0.260882024541683
10.167037679452536 0.260586366604791
10.168410673448891 0.260291322866695
10.169778408670387 0.259996891439867
10.171140902394921 0.259703070443767
10.172498171800196 0.259409858004799
10.173850233964229 0.259117252256274
10.175197105866868 0.258825251338409
10.176538804389461 0.258533853398271
10.177875346315750 0.258243056589763
10.179206748332570 0.257952859073592
10.180533027030256 0.257663259017242
10.181854198903405 0.257374254594947
10.183170280351119 0.257085843987658
10.184481287678066 0.256798025383025
10.185787237094505 0.256510796975358
10.187088144717311 0.256224156965613
10.188384026569926 0.255938103561343
10.189674898583760 0.255652634976698
10.190960776598132 0.255367749432384
10.192241676360911 0.255083445155630
10.193517613528916 0.254799720380166
10.194788603668982 0.254516573346207
10.196054662257858 0.254234002300408
10.197315804683392 0.253952005495857
10.198572046244353 0.253670581192029
10.199823402151509 0.253389727654776
10.201069887527693 0.253109443156283
10.202311517409013 0.252829725975070
10.203548306744521 0.252550574395934
10.204780270397121 0.252271986709940
10.206007423144245 0.251993961214396
10.207229779678213 0.251716496212826
10.208447354606527 0.251439590014939
10.209660162452716 0.251163240936610
10.210868217656552 0.250887447299849
10.212071534574742 0.250612207432783
10.213270127481122 0.250337519669619
10.214464010567495 0.250063382350633
10.215653197944114 0.249789793822141
10.216837703639744 0.249516752436466
10.218017541602501 0.249244256551920
10.219192725700061 0.248972304532776
10.220363269720663 0.248700894749256
10.221529187372907 0.248430025577487
10.222690492286445 0.248159695399486
10.223847198012839 0.247889902603146
10.224999318025574 0.247620645582195
10.226146865720102 0.247351922736170
10.227289854415559 0.247083732470418
10.228428297354167 0.246816073196051
10.229562207701935 0.246548943329925
10.230691598549006 0.246282341294616
10.231816482910752 0.246016265518412
10.232936873727253 0.245750714435266
10.234052783864190 0.245485686484785
10.235164226113474 0.245221180112210
10.236271213193314 0.244957193768386
10.237373757748907 0.244693725909744
10.238471872352630 0.244430774998272
10.239565569504629 0.244168339501499
10.240654861633256 0.243906417892470
10.241739761095237 0.243645008649718
10.242820280176543 0.243384110257254
10.243896431092224 0.243123721204529
10.244968225987339 0.242863839986425
10.246035676936838 0.242604465103220
10.247098795946913 0.242345595060590
10.248157594953767 0.242087228369545
10.249212085825850 0.241829363546455
10.250262280362893 0.241571999112991
10.251308190297124 0.241315133596128
10.252349827293335 0.241058765528111
10.253387202948620 0.240802893446421
10.254420328794446 0.240547515893793
10.255449216295267 0.240292631418151
10.256473876850006 0.240038238572616
10.257494321791640 0.239784335915462
10.258510562388384 0.239530922010119
10.259522609843547 0.239277995425136
10.260530475296129 0.239025554734165
10.261534169821100 0.238773598515941
10.262533704429567 0.238522125354257
10.263529090069309 0.238271133837941
10.264520337625619 0.238020622560856
10.265507457920688 0.237770590121849
10.266490461714742 0.237521035124753
10.267469359706162 0.237271956178360
10.268444162531752 0.237023351896399
10.269414880767187 0.236775220897519
10.270381524927055 0.236527561805259
10.271344105465856 0.236280373248047
10.272302632777976 0.236033653859169
10.273257117197584 0.235787402276740
10.274207568999662 0.235541617143701
10.275153998400434 0.235296297107798
10.276096415556649 0.235051440821544
10.277034830567196 0.234807046942223
10.277969253472518 0.234563114131854
10.278899694255374 0.234319641057181
10.279826162841315 0.234076626389656
10.280748669098388 0.233834068805404
10.281667222838061 0.233591966985222
10.282581833815186 0.233350319614551
10.283492511728756 0.233109125383462
10.284399266221445 0.232868382986628
10.285302106880843 0.232628091123319
10.286201043239096 0.232388248497370
10.287096084773532 0.232148853817174
10.287987240906700 0.231909905795652
10.288874521007189 0.231671403150247
10.289757934389458 0.231433344602898
10.290637490314197 0.231195728880021
10.291513197988627 0.230958554712492
10.292385066567443 0.230721820835639
10.293253105151905 0.230485525989205
10.294117322791079 0.230249668917344
10.294977728482294 0.230014248368611
10.295834331169951 0.229779263095909
10.296687139747815 0.229544711856518
10.297536163057822 0.229310593412041
10.298381409891217 0.229076906528410
10.299222888988266 0.228843649975853
10.300060609038862 0.228610822528884
10.300894578682829 0.228378422966286
10.301724806509963 0.228146450071089
10.302551301060351 0.227914902630556
10.303374070825088 0.227683779436172
10.304193124245991 0.227453079283615
10.305008469716105 0.227222800972749
10.305820115579991 0.226992943307600
10.306628070134140 0.226763505096349
10.307432341626695 0.226534485151299
10.308232938258548 0.226305882288881
10.309029868182764 0.226077695329615
10.309823139505429 0.225849923098106
10.310612760285871 0.225622564423031
10.311398738536532 0.225395618137110
10.312181082223494 0.225169083077100
10.312959799266837 0.224942958083775
10.313734897540535 0.224717242001907
10.314506384873306 0.224491933680262
10.315274269048265 0.224267031971568
10.316038557803351 0.224042535732508
10.316799258831775 0.223818443823705
10.317556379782291 0.223594755109706
10.318309928258955 0.223371468458960
10.319059911821890 0.223148582743807
10.319806337987357 0.222926096840468
10.320549214227979 0.222704009629019
10.321288547972790 0.222482319993378
10.322024346608019 0.222261026821301
10.322756617476893 0.222040129004353
10.323485367879545 0.221819625437893
10.324210605074287 0.221599515021073
10.324932336276934 0.221379796656809
10.325650568661104 0.221160469251767
10.326365309359344 0.220941531716362
10.327076565461878 0.220722982964721
10.327784344018317 0.220504821914690
10.328488652036818 0.220287047487802
10.329189496484807 0.220069658609272
10.329886884289285 0.219852654207985
10.330580822336570 0.219636033216468
10.331271317473210 0.219419794570893
10.331958376505415 0.219203937211045
10.332642006199988 0.218988460080324
10.333322213284267 0.218773362125723
10.333999004445745 0.218558642297800
10.334672386333525 0.218344299550696
10.335342365557668 0.218130332842094
10.336008948689416 0.217916741133213
10.336672142261826 0.217703523388798
10.337331952769636 0.217490678577102
10.337988386669464 0.217278205669868
10.338641450380258 0.217066103642324
10.339291150283639 0.216854371473172
10.339937492723209 0.216643008144553
10.340580484005915 0.216432012642058
10.341220130401629 0.216221383954704
10.341856438143351 0.216011121074919
10.342489413427574 0.215801222998530
10.343119062414399 0.215591688724753
10.343745391227877 0.215382517256176
10.344368405955677 0.215173707598741
10.344988112650336 0.214965258761747
10.345604517328102 0.214757169757815
10.346217625970716 0.214549439602901
10.346827444523838 0.214342067316253
10.347433978898277 0.214135051920415
10.348037234970853 0.213928392441228
10.348637218582667 0.213722087907781
10.349233935540992 0.213516137352431
10.349827391618881 0.213310539810777
10.350417592555029 0.213105294321643
10.351004544054621 0.212900399927078
10.351588251788547 0.212695855672325
10.352168721395092 0.212491660605835
10.352745958478126 0.212287813779220
10.353319968609638 0.212084314247283
10.353890757327466 0.211881161067960
10.354458330137383 0.211678353302342
10.355022692512357 0.211475890014650
10.355583849892787 0.211273770272218
10.356141807687008 0.211071993145492
10.356696571271275 0.210870557708011
10.357248145989885 0.210669463036397
10.357796537155528 0.210468708210341
10.358341750048835 0.210268292312587
10.358883789919648 0.210068214428935
10.359422661986464 0.209868473648217
10.359958371436498 0.209669069062284
10.360490923426092 0.209469999765997
10.361020323081384 0.209271264857228
10.361546575497201 0.209072863436822
10.362069685738522 0.208874794608610
10.362589658840003 0.208677057479384
10.363106499805978 0.208479651158887
10.363620213611373 0.208282574759813
10.364130805200936 0.208085827397774
10.364638279490128 0.207889408191312
10.365142641364802 0.207693316261868
10.365643895681657 0.207497550733786
10.366142047268287 0.207302110734292
10.366637100923484 0.207106995393491
10.367129061416955 0.206912203844343
10.367617933490068 0.206717735222668
10.368103721855526 0.206523588667122
10.368586431197754 0.206329763319193
10.369066066173335 0.206136258323195
10.369542631410123 0.205943072826234
10.370016131508946 0.205750205978233
10.370486571042028 0.205557656931884
10.370953954555022 0.205365424842674
10.371418286565467 0.205173508868841
10.371879571563703 0.204981908171381
10.372337814013285 0.204790621914041
10.372793018350352 0.204599649263291
10.373245188984532 0.204408989388335
10.373694330298713 0.204218641461085
10.374140446649321 0.204028604656158
10.374583542366057 0.203838878150858
10.375023621752559 0.203649461125174
10.375460689086518 0.203460352761771
10.375894748619411 0.203271552245970
10.376325804576931 0.203083058765744
10.376753861159251 0.202894871511712
10.377178922540612 0.202706989677116
10.377600992870136 0.202519412457826
10.378020076271714 0.202332139052322
10.378436176843815 0.202145168661683
10.378849298660098 0.201958500489582
10.379259445769083 0.201772133742267
10.379666622195051 0.201586067628570
10.380070831937067 0.201400301359871
10.380472078970051 0.201214834150110
10.380870367244610 0.201029665215771
10.381265700687054 0.200844793775868
10.381658083199326 0.200660219051932
10.382047518659883 0.200475940268019
10.382434010923124 0.200291956650683
10.382817563819566 0.200108267428971
10.383198181156464 0.199924871834419
10.383575866717420 0.199741769101037
10.383950624262734 0.199558958465302
10.384322457529629 0.199376439166148
10.384691370232160 0.199194210444957
10.385057366061307 0.199012271545548
10.385420448685423 0.198830621714171
10.385780621749930 0.198649260199494
10.386137888877867 0.198468186252599
10.386492253669788 0.198287399126969
10.386843719703952 0.198106898078484
10.387192290535891 0.197926682365394
10.387537969699833 0.197746751248343
10.387880760707338 0.197567103990326
10.388220667048332 0.197387739856700
10.388557692191196 0.197208658115175
10.388891839582403 0.197029858035795
10.389223112646892 0.196851338890935
10.389551514788394 0.196673099955295
10.389877049389144 0.196495140505884
10.390199719810237 0.196317459822018
10.390519529392074 0.196140057185315
10.390836481453363 0.195962931879666
10.391150579292690 0.195786083191255
10.391461826187347 0.195609510408526
10.391770225394486 0.195433212822193
10.392075780150327 0.195257189725216
10.392378493671043 0.195081440412807
10.392678369152264 0.194905964182408
10.392975409769626 0.194730760333695
10.393269618678460 0.194555828168558
10.393560999014428 0.194381166991106
10.393849553893146 0.194206776107646
10.394135286410178 0.194032654826675
10.394418199642217 0.193858802458894
10.394698296645695 0.193685218317167
10.394975580457903 0.193511901716534
10.395250054096740 0.193338851974199
10.395521720560929 0.193166068409520
10.395790582830102 0.192993550344004
10.396056643864686 0.192821297101292
10.396319906606221 0.192649308007157
10.396580373977605 0.192477582389499
10.396838048882886 0.192306119578331
10.397092934207320 0.192134918905769
10.397345032817968 0.191963979706035
10.397594347563308 0.191793301315440
10.397840881273487 0.191622883072380
10.398084636760389 0.191452724317325
10.398325616817884 0.191282824392816
10.398563824221577 0.191113182643453
10.398799261729517 0.190943798415893
10.399031932081533 0.190774671058834
10.399261837999985 0.190605799923019
10.399488982189183 0.190437184361211
10.399713367336464 0.190268823728209
10.399934996111167 0.190100717380819
10.400153871165658 0.189932864677861
10.400369995134778 0.189765264980153
10.400583370636335 0.189597917650509
10.400794000271048 0.189430822053730
10.401001886622190 0.189263977556586
10.401207032256991 0.189097383527838
10.401409439725043 0.188931039338196
10.401609111559761 0.188764944360336
10.401806050277541 0.188599097968878
10.402000258378392 0.188433499540390
10.402191738346005 0.188268148453377
10.402380492647389 0.188103044088269
10.402566523733510 0.187938185827420
10.402749834039211 0.187773573055103
10.402930425982772 0.187609205157489
10.403108301967000 0.187445081522662
10.403283464378488 0.187281201540595
10.403455915587903 0.187117564603144
10.403625657950426 0.186954170104055
10.403792693805281 0.186791017438939
10.403957025476176 0.186628106005277
10.404118655271251 0.186465435202410
10.404277585483625 0.186303004431537
10.404433818390325 0.186140813095693
10.404587356253828 0.185978860599765
10.404738201320994 0.185817146350463
10.404886355823795 0.185655669756331
10.405031821979049 0.185494430227728
10.405174601988710 0.185333427176829
10.405314698039756 0.185172660017614
10.405452112304745 0.185012128165868
10.405586846941057 0.184851831039163
10.405718904091712 0.184691768056863
10.405848285885160 0.184531938640111
10.405974994435494 0.184372342211827
10.406099031842224 0.184212978196695
10.406220400190621 0.184053846021165
10.406339101551797 0.183894945113438
10.406455137982709 0.183736274903470
10.406568511526213 0.183577834822954
10.406679224211095 0.183419624305323
10.406787278052123 0.183261642785735
10.406892675050692 0.183103889701082
10.406995417193935 0.182946364489966
10.407095506455308 0.182789066592699
10.407192944795128 0.182631995451309
10.407287734159532 0.182475150509512
10.407379876481560 0.182318531212725
10.407469373680872 0.182162137008049
10.407556227663482 0.182005967344266
10.407640440322515 0.181850021671836
10.407722013537649 0.181694299442886
10.407800949175702 0.181538800111209
10.407877249090227 0.181383523132253
10.407950915121893 0.181228467963118
10.408021949098247 0.181073634062548
10.408090352834348 0.180919020890931
10.408156128132518 0.180764627910288
10.408219276781912 0.180610454584263
10.408279800559569 0.180456500378130
10.408337701229758 0.180302764758774
10.408392980544248 0.180149247194694
10.408445640242475 0.179995947155993
10.408495682051374 0.179842864114373
10.408543107685876 0.179689997543131
10.408587918848410 0.179537346917152
10.408630117229396 0.179384911712901
10.408669704507055 0.179232691408423
10.408706682347887 0.179080685483335
10.408741052406093 0.178928893418816
10.408772816324321 0.178777314697611
10.408801975733088 0.178625948804014
10.408828532251313 0.178474795223870
10.408852487486163 0.178323853444568
10.408873843033392 0.178173122955039
10.408892600476934 0.178022603245742
10.408908761389521 0.177872293808669
10.408922327331855 0.177722194137324
10.408933299854082 0.177572303726741
10.408941680494308 0.177422622073453
10.408947470779989 0.177273148675511
10.408950672227132 0.177123883032461
10.408951286340480 0.176974824645343
10.408949314613972 0.176825973016690
10.408944758530414 0.176677327650520
10.408937619561744 0.176528888052332
10.408927899168923 0.176380653729097
10.408915598802231 0.176232624189258
10.408900719901167 0.176084798942723
10.408883263894436 0.175937177500857
10.408863232200185 0.175789759376481
10.408840626225853 0.175642544083863
10.408815447368747 0.175495531138722
10.408787697015258 0.175348720058208
10.408757376541613 0.175202110360909
10.408724487313727 0.175055701566843
10.408689030687038 0.174909493197450
10.408651008007164 0.174763484775593
10.408610420608902 0.174617675825542
10.408567269817672 0.174472065872986
10.408521556948122 0.174326654445008
10.408473283305629 0.174181441070103
10.408422450185025 0.174036425278150
10.408369058871436 0.173891606600420
10.408313110640579 0.173746984569578
10.408254606757616 0.173602558719656
10.408193548478707 0.173458328586073
10.408129937049955 0.173314293705612
10.408063773707941 0.173170453616424
10.407995059679848 0.173026807858025
10.407923796182965 0.172883355971279
10.407849984425589 0.172740097498412
10.407773625606296 0.172597031982990
10.407694720914581 0.172454158969927
10.407613271530421 0.172311478005471
10.407529278624748 0.172168988637205
10.407442743359313 0.172026690414045
10.407353666886427 0.171884582886222
10.407262050349670 0.171742665605295
10.407167894883580 0.171600938124137
10.407071201613588 0.171459399996929
10.406971971656038 0.171318050779157
10.406870206118871 0.171176890027615
10.406765906101027 0.171035917300392
10.406659072692404 0.170895132156867
10.406549706974610 0.170754534157711
10.406437810020106 0.170614122864874
10.406323382893170 0.170473897841591
10.406206426649383 0.170333858652372
10.406086942335742 0.170194004862996
10.405964930990864 0.170054336040510
10.405840393644711 0.169914851753218
10.405713331319278 0.169775551570692
10.405583745027920 0.169636435063749
10.405451635775917 0.169497501804462
10.405317004560260 0.169358751366145
10.405179852369697 0.169220183323354
10.405040180184988 0.169081797251883
10.404897988978600 0.168943592728756
10.404753279715296 0.168805569332229
10.404606053351541 0.168667726641781
10.404456310836022 0.168530064238109
10.404304053109565 0.168392581703130
10.404149281104965 0.168255278619967
10.403991995747406 0.168118154572956
10.403832197954399 0.167981209147638
10.403669888635550 0.167844441930749
10.403505068692890 0.167707852510223
10.403337739020824 0.167571440475184
10.403167900506283 0.167435205415946
10.402995554028475 0.167299146924005
10.402820700459397 0.167163264592038
10.402643340663291 0.167027558013893
10.402463475497500 0.166892026784600
10.402281105811474 0.166756670500344
10.402096232447642 0.166621488758482
10.401908856241288 0.166486481157530
10.401718978020272 0.166351647297157
10.401526598605360 0.166216986778187
10.401331718810326 0.166082499202592
10.401134339441631 0.165948184173487
10.400934461298899 0.165814041295129
10.400732085174733 0.165680070172912
10.400527211854552 0.165546270413360
10.400319842117330 0.165412641624132
10.400109976734727 0.165279183414008
10.399897616471817 0.165145895392889
10.399682762086821 0.165012777171798
10.399465414331363 0.164879828362871
10.399245573950067 0.164747048579351
10.399023241681220 0.164614437435592
10.398798418256394 0.164481994547051
10.398571104400466 0.164349719530282
10.398341300831946 0.164217612002937
10.398109008262738 0.164085671583758
10.397874227398425 0.163953897892579
10.397636958938101 0.163822290550317
10.397397203574453 0.163690849178971
10.397154961993966 0.163559573401617
10.396910234876511 0.163428462842402
10.396663022896400 0.163297517126555
10.396413326720980 0.163166735880360
10.396161147011744 0.163036118731169
10.395906484424193 0.162905665307397
10.395649339607637 0.162775375238513
10.395389713205205 0.162645248155038
10.395127605854105 0.162515283688545
10.394863018185722 0.162385481471654
10.394595950825165 0.162255841138023
10.394326404392032 0.162126362322356
10.394054379499867 0.161997044660389
10.393779876756312 0.161867887788890
10.393502896763353 0.161738891345658
10.393223440117263 0.161610054969519
10.392941507408555 0.161481378300319
10.392657099222175 0.161352860978927
10.392370216137042 0.161224502647218
10.392080858727056 0.161096302948093
10.391789027560122 0.160968261525452
10.391494723198981 0.160840378024207
10.391197946200476 0.160712652090268
10.390898697116283 0.160585083370547
10.390596976492731 0.160457671512952
10.390292784870537 0.160330416166383
10.389986122785164 0.160203316980729
10.389676990766951 0.160076373606868
10.389365389340760 0.159949585696659
10.389051319026166 0.159822952902939
10.388734780337955 0.159696474879528
10.388415773785294 0.159570151281215
10.388094299872442 0.159443981763759
10.387770359098557 0.159317965983889
10.387443951957756 0.159192103599297
10.387115078938995 0.159066394268635
10.386783740526541 0.158940837651516
10.386449937199316 0.158815433408502
10.386113669431857 0.158690181201116
10.385774937693151 0.158565080691820
10.385433742448054 0.158440131544030
10.385090084155976 0.158315333422097
10.384743963272001 0.158190685991317
10.384395380246170 0.158066188917921
10.384044335524141 0.157941841869074
10.383690829546518 0.157817644512870
10.383334862749615 0.157693596518333
10.382976435564888 0.157569697555409
10.382615548419174 0.157445947294965
10.382252201735179 0.157322345408793
10.381886395930609 0.157198891569593
10.381518131419012 0.157075585450982
10.381147408609316 0.156952426727485
10.380774227906098 0.156829415074535
10.380398589709657 0.156706550168471
10.380020494415716 0.156583831686527
10.379639942416052 0.156461259306844
10.379256934097665 0.156338832708450
10.378871469843785 0.156216551571273
10.378483550033181 0.156094415576125
10.378093175040314 0.155972424404706
10.377700345235796 0.155850577739603
10.377305060985922 0.155728875264281
10.376907322652910 0.155607316663086
10.376507130595067 0.155485901621240
10.376104485166449 0.155364629824834
10.375699386717349 0.155243500960834
10.375291835593718 0.155122514717068
10.374881832138076 0.155001670782234
10.374469376688676 0.154880968845890
10.374054469580011 0.154760408598452
10.373637111142791 0.154639989731194
10.373217301703738 0.154519711936241
10.372795041586038 0.154399574906575
10.372370331108906 0.154279578336019
10.371943170587972 0.154159721919248
10.371513560335078 0.154040005351776
10.371081500658491 0.153920428329959
10.370646991862765 0.153800990550991
10.370210034248936 0.153681691712900
10.369770628114424 0.153562531514548
10.369328773753056 0.153443509655626
10.368884471455281 0.153324625836652
10.368437721508011 0.153205879758971
10.367988524194516 0.153087271124746
10.367536879794839 0.152968799636961
10.367082788585732 0.152850464999421
10.366626250840383 0.152732266916742
10.366167266828549 0.152614205094349
10.365705836817018 0.152496279238483
10.365241961068945 0.152378489056186
10.364775639844538 0.152260834255309
10.364306873400460 0.152143314544500
10.363835661990450 0.152025929633211
10.363362005865120 0.151908679231690
10.362885905271526 0.151791563050974
10.362407360454085 0.151674580802899
10.361926371653830 0.151557732200087
10.361442939108791 0.151441016955945
10.360957063054176 0.151324434784670
10.360468743722020 0.151207985401238
10.359977981341432 0.151091668521405
10.359484776138428 0.150975483861702
10.358989128336281 0.150859431139439
10.358491038155385 0.150743510072696
10.357990505813172 0.150627720380324
10.357487531524290 0.150512061781941
10.356982115500470 0.150396533997930
10.356474257950884 0.150281136749440
10.355963959081757 0.150165869758376
10.355451219096730 0.150050732747406
10.354936038196682 0.149935725439952
10.354418416579689 0.149820847560188
10.353898354441295 0.149706098833040
10.353375851974601 0.149591478984188
10.352850909369817 0.149476987740051
10.352323526814741 0.149362624827799
10.351793704494497 0.149248389975339
10.351261442591934 0.149134282911322
10.350726741287264 0.149020303365135
10.350189600757991 0.148906451066899
10.349650021179915 0.148792725747474
10.349108002725529 0.148679127138442
10.348563545565446 0.148565654972120
10.348016649867935 0.148452308981550
10.347467315798772 0.148339088900499
10.346915543521392 0.148225994463454
10.346361333197260 0.148113025405625
10.345804684985204 0.148000181462938
10.345245599041911 0.147887462372032
10.344684075522041 0.147774867870263
10.344120114577978 0.147662397695699
10.343553716359782 0.147550051587113
10.342984881015685 0.147437829283988
10.342413608691510 0.147325730526510
10.341839899531363 0.147213755055571
10.341263753676801 0.147101902612757
10.340685171267770 0.146990172940359
10.340104152442054 0.146878565781361
10.339520697335464 0.146767080879443
10.338934806081843 0.146655717978976
10.338346478813213 0.146544476825022
10.337755715659419 0.146433357163327
10.337162516748712 0.146322358740330
10.336566882207119 0.146211481303145
10.335968812159441 0.146100724599578
10.335368306728064 0.145990088378107
10.334765366033849 0.145879572387890
10.334159990195971 0.145769176378762
10.333552179331502 0.145658900101228
10.332941933556405 0.145548743306473
10.332329252984277 0.145438705746339
10.331714137727539 0.145328787173346
10.331096587896779 0.145218987340677
10.330476603601106 0.145109306002179
10.329854184947589 0.144999742912354
10.329229332042363 0.144890297826376
10.328602044989481 0.144780970500066
10.327972323891945 0.144671760689909
10.327340168850688 0.144562668153036
10.326705579965651 0.144453692647237
10.326068557334992 0.144344833930945
10.325429101055763 0.144236091763250
10.324787211223290 0.144127465903880
10.324142887931643 0.144018956113211
10.323496131273590 0.143910562152262
10.322846941340501 0.143802283782691
10.322195318222349 0.143694120766795
10.321541262007941 0.143586072867508
10.320884772784719 0.143478139848398
10.320225850638895 0.143370321473666
10.319564495655529 0.143262617508146
10.318900707918420 0.143155027717300
10.318234487510084 0.143047551867216
10.317565834512033 0.142940189724609
10.316894749004470 0.142832941056818
10.316221231066725 0.142725805631803
10.315545280776867 0.142618783218146
10.314866898211946 0.142511873585045
10.314186083447792 0.142405076502313
10.313502836559643 0.142298391740385
10.312817157621286 0.142191819070301
10.312129046705509 0.142085358263713
10.311438503884739 0.141979009092889
10.310745529229649 0.141872771330696
10.310050122810575 0.141766644750611
10.309352284696864 0.141660629126717
10.308652014956753 0.141554724233695
10.307949313657790 0.141448929846829
10.307244180866737 0.141343245742000
10.306536616649467 0.141237671695688
10.305826621071024 0.141132207484967
10.305114194195880 0.141026852887507
10.304399336087677 0.140921607681567
10.303682046809147 0.140816471645996
10.302962326422540 0.140711444560233
10.302240174989398 0.140606526204305
10.301515592570521 0.140501716358820
10.300788579226127 0.140397014804974
10.300059135015745 0.140292421324540
10.299327259998527 0.140187935699877
10.298592954232820 0.140083557713916
10.297856217776545 0.139979287150170
10.297117050687000 0.139875123792723
10.296375453021001 0.139771067426235
10.295631424835019 0.139667117835937
10.294884966184823 0.139563274807630
10.294136077125772 0.139459538127682
10.293384757713053 0.139355907583032
10.292631008001235 0.139252382961181
10.291874828044520 0.139148964050194
10.291116217896668 0.139045650638698
10.290355177611257 0.138942442515882
10.289591707241565 0.138839339471493
10.288825806840446 0.138736341295835
10.288057476460454 0.138633447779768
10.287286716153899 0.138530658714704
10.286513525973060 0.138427973892612
10.285737905969476 0.138325393106006
10.284959856195206 0.138222916147956
10.284179376701626 0.138120542812077
10.283396467540090 0.138018272892529
10.282611128761744 0.137916106184017
10.281823360417775 0.137814042481791
10.281033162558979 0.137712081581641
10.280240535236612 0.137610223279901
10.279445478501207 0.137508467373436
10.278647992403728 0.137406813659656
10.277848076995026 0.137305261936503
10.277045732325858 0.137203812002455
10.276240958446923 0.137102463656517
10.275433755409287 0.137001216698234
10.274624123263880 0.136900070927675
10.273812062061419 0.136799026145435
10.272997571853370 0.136698082152644
10.272180652690839 0.136597238750950
10.271361304625049 0.136496495742526
10.270539527707809 0.136395852930070
10.269715321990571 0.136295310116797
10.268888687525457 0.136194867106447
10.268059624364490 0.136094523703272
10.267228132560103 0.135994279712045
10.266394212164933 0.135894134938051
10.265557863231749 0.135794089187089
10.264719085813985 0.135694142265473
10.263877879965014 0.135594293980025
10.263034245738696 0.135494544138078
10.262188183189366 0.135394892547472
10.261339692371532 0.135295339016554
10.260488773340251 0.135195883354177
10.259635426150844 0.135096525369696
10.258779650859164 0.134997264872970
10.257921447521477 0.134898101674357
10.257060816194709 0.134799035584720
10.256197756935954 0.134700066415413
10.255332269802913 0.134601193978290
10.254464354854202 0.134502418085706
10.253594012148293 0.134403738550499
10.252721241744680 0.134305155186008
10.251846043703457 0.134206667806063
10.250968418085213 0.134108276224983
10.250088364951116 0.134009980257573
10.249205884363027 0.133911779719130
10.248320976383427 0.133813674425433
10.247433641075700 0.133715664192751
10.246543878503550 0.133617748837832
10.245651688731904 0.133519928177910
10.244757071825681 0.133422202030692
10.243860027851351 0.133324570214376
10.242960556875698 0.133227032547630
10.242058658966330 0.133129588849601
10.241154334191943 0.133032238939914
10.240247582621665 0.132934982638665
10.239338404325853 0.132837819766427
10.238426799375320 0.132740750144239
10.237512767842228 0.132643773593618
10.236596309799356 0.132546889936545
10.235677425320326 0.132450098995469
10.234756114480160 0.132353400593311
10.233832377354117 0.132256794553450
10.232906214019215 0.132160280699737
10.231977624552853 0.132063858856479
10.231046609033887 0.131967528848451
10.230113167541806 0.131871290500884
10.229177300157501 0.131775143639470
10.228239006962626 0.131679088090358
10.227298288040279 0.131583123680158
10.226355143474350 0.131487250235930
10.225409573350166 0.131391467585194
10.224461577753688 0.131295775555917
10.223511156772670 0.131200173976524
10.222558310495664 0.131104662675888
10.221603039012360 0.131009241483330
10.220645342413890 0.130913910228622
10.219685220792607 0.130818668741985
10.218722674241988 0.130723516854082
10.217757702856703 0.130628454396020
10.216790306733085 0.130533481199357
10.215820485968374 0.130438597096086
10.214848240661263 0.130343801918644
10.213873570911989 0.130249095499911
10.212896476821870 0.130154477673201
10.211916958493768 0.130059948272269
10.210935016031762 0.129965507131306
10.209950649541629 0.129871154084940
10.208963859130396 0.129776888968231
10.207974644906507 0.129682711616674
10.206983006979918 0.129588621866195
10.205988945462234 0.129494619553153
10.204992460466180 0.129400704514334
10.203993552106404 0.129306876586955
10.202992220499024 0.129213135608663
10.201988465761424 0.129119481417524
10.200982288012922 0.129025913852038
10.199973687374158 0.128932432751124
10.198962663967588 0.128839037954126
10.197949217917266 0.128745729300811
10.196933349348603 0.128652506631364
10.195915058389067 0.128559369786393
10.194894345167645 0.128466318606925
10.193871209815002 0.128373352934402
10.192845652463479 0.128280472610685
10.191817673247265 0.128187677478049
10.190787272302275 0.128094967379187
10.189754449766118 0.128002342157201
10.188719205778401 0.127909801655609
10.187681540479968 0.127817345718336
10.186641454014328 0.127724974189724
10.185598946526158 0.127632686914518
10.184554018162377 0.127540483737875
10.183506669071544 0.127448364505357
10.182456899404139 0.127356329062933
10.181404709312698 0.127264377256977
10.180350098951454 0.127172508934267
10.179293068476868 0.127080723941984
10.178233618047093 0.126989022127711
10.177171747822577 0.126897403339434
10.176107457965411 0.126805867425534
10.175040748639933 0.126714414234797
10.173971620012408 0.126623043616401
10.172900072251105 0.126531755419925
10.171826105526458 0.126440549495341
10.170749720011077 0.126349425693021
10.169670915879474 0.126258383863724
10.168589693308274 0.126167423858607
10.167506052476531 0.126076545529218
10.166419993565036 0.125985748727493
10.165331516756948 0.125895033305760
10.164240622237859 0.125804399116740
10.163147310194960 0.125713846013532
10.162051580818293 0.125623373849632
10.160953434299758 0.125532982478917
10.159852870833591 0.125442671755650
10.158749890616450 0.125352441534479
10.157644493846977 0.125262291670432
10.156536680726511 0.125172222018924
10.155426451458203 0.125082232435746
10.154313806248160 0.124992322777075
10.153198745304344 0.124902492899462
10.152081268837316 0.124812742659839
10.150961377059913 0.124723071915515
10.149839070187456 0.124633480524174
10.148714348437911 0.124543968343882
10.147587212031187 0.124454535233070
10.146457661190166 0.124365181050550
10.145325696139704 0.124275905655502
10.144191317107607 0.124186708907481
10.143054524323743 0.124097590666411
10.141915318021066 0.124008550792589
10.140773698434630 0.123919589146677
10.139629665802074 0.123830705589708
10.138483220363899 0.123741899983082
10.137334362362893 0.123653172188564
10.136183092044702 0.123564522068287
10.135029409657328 0.123475949484745
10.133873315451666 0.123387454300798
10.132714809681197 0.123299036379669
10.131553892601930 0.123210695584941
10.130390564472767 0.123122431780561
10.129224825555326 0.123034244830834
10.128056676113731 0.122946134600424
10.126886116415164 0.122858100954356
10.125713146729149 0.122770143758007
10.124537767328537 0.122682262877119
10.123359978488422 0.122594458177781
10.122179780487178 0.122506729526444
10.120997173605572 0.122419076789907
10.119812158127640 0.122331499835329
10.118624734339935 0.122243998530214
10.117434902532034 0.122156572742423
10.116242662996479 0.122069222340165
10.115048016028640 0.121981947192000
10.113850961926735 0.121894747166836
10.112651500992078 0.121807622133930
10.111449633528872 0.121720571962886
10.110245359844312 0.121633596523653
10.109038680248428 0.121546695686527
10.107829595054717 0.121459869322151
10.106618104579104 0.121373117301506
10.105404209140978 0.121286439495922
10.104187909062739 0.121199835777070
10.102969204669723 0.121113306016960
10.101748096290299 0.121026850087943
10.100524584256231 0.120940467862713
10.099298668902138 0.120854159214299
10.098070350566042 0.120767924016074
10.096839629588835 0.120681762141742
10.095606506314750 0.120595673465347
10.094370981091194 0.120509657861267
10.093133054268781 0.120423715204219
10.091892726201417 0.120337845369250
10.090649997246015 0.120252048231742
10.089404867763115 0.120166323667410
10.088157338116122 0.120080671552301
10.086907408672042 0.119995091762792
10.085655079801006 0.119909584175591
10.084400351876646 0.119824148667736
10.083143225275695 0.119738785116592
10.081883700378432 0.119653493399856
10.080621777568565 0.119568273395548
10.079357457233003 0.119483124982017
10.078090739761928 0.119398048037934
10.076821625549529 0.119313042442302
10.075550114992742 0.119228108074441
10.074276208492384 0.119143244813998
10.072999906452605 0.119058452540941
10.071721209281034 0.118973731135562
10.070440117388879 0.118889080478474
10.069156631190801 0.118804500450608
10.067870751104930 0.118719990933215
10.066582477553217 0.118635551807870
10.065291810960813 0.118551182956460
10.063998751756712 0.118466884261191
10.062703300373405 0.118382655604588
10.061405457246984 0.118298496869490
10.060105222817285 0.118214407939052
10.058802597527649 0.118130388696743
10.057497581825215 0.118046439026347
10.056190176160655 0.117962558811959
10.054880380988456 0.117878747937988
10.053568196766777 0.117795006289155
10.052253623957508 0.117711333750490
10.050936663026301 0.117627730207337
10.049617314442468 0.117544195545344
10.048295578679362 0.117460729650473
10.046971456213768 0.117377332408991
10.045644947526483 0.117294003707472
10.044316053102142 0.117210743432801
10.042984773429213 0.117127551472164
10.041651108999902 0.117044427713054
10.040315060310476 0.116961372043271
10.038976627860864 0.116878384350914
10.037635812155207 0.116795464524391
10.036292613701210 0.116712612452408
10.034947033010841 0.116629828023975
10.033599070599680 0.116547111128402
10.032248726987683 0.116464461655302
10.030896002698473 0.116381879494584
10.029540898259759 0.116299364536460
10.028183414203333 0.116216916671437
10.026823551064901 0.116134535790323
10.025461309384266 0.116052221784220
10.024096689705470 0.115969974544529
10.022729692576263 0.115887793962945
10.021360318548997 0.115805679931462
10.019988568179523 0.115723632342361
10.018614442028325 0.115641651088224
10.017237940659664 0.115559736061922
10.015859064642459 0.115477887156622
10.014477814549233 0.115396104265779
10.013094190957045 0.115314387283142
10.011708194447095 0.115232736102749
10.010319825604672 0.115151150618928
10.008929085019389 0.115069630726297
10.007535973285277 0.114988176319763
10.006140491000394 0.114906787294519
10.004742638767175 0.114825463546048
10.003342417192457 0.114744204970119
10.001939826887149 0.114663011462784
10.000534868466737 0.114581882920384
9.999127542551028 0.114500819239545
9.997717849763818 0.114419820317173
9.996305790733926 0.114338886050464
9.994891366094134 0.114258016336892
9.993474576481512 0.114177211074212
9.992055422538064 0.114096470160468
9.990633904909709 0.114015793493977
9.989210024247235 0.113935180973342
9.987783781205561 0.113854632497442
9.986355176444295 0.113774147965437
9.984924210627545 0.113693727276767
9.983490884423814 0.113613370331148
9.982055198506371 0.113533077028575
9.980617153552737 0.113452847269317
9.979176750245284 0.113372680953923
9.977733989270712 0.113292577983215
9.976288871320367 0.113212538258288
9.974841397090481 0.113132561680519
9.973391567281620 0.113052648151550
9.971939382599034 0.112972797573302
9.970484843752628 0.112893009847966
9.969027951457099 0.112813284878005
9.967568706431788 0.112733622566156
9.966107109400632 0.112654022815423
9.964643161092429 0.112574485529084
9.963176862240696 0.112495010610686
9.961708213583483 0.112415597964041
9.960237215863986 0.112336247493236
9.958763869829728 0.112256959102619
9.957288176233460 0.112177732696812
9.955810135832500 0.112098568180700
9.954329749389025 0.112019465459435
9.952847017670145 0.111940424438435
9.951361941447574 0.111861445023382
9.949874521498344 0.111782527120225
9.948384758603815 0.111703670635173
9.946892653550858 0.111624875474704
9.945398207130699 0.111546141545553
9.943901420139806 0.111467468754720
9.942402293379672 0.111388857009469
9.940900827656323 0.111310306217319
9.939397023781421 0.111231816286058
9.937890882570926 0.111153387123725
9.936382404846388 0.111075018638628
9.934871591433915 0.110996710739324
9.933358443164956 0.110918463334636
9.931842960875949 0.110840276333642
9.930325145408274 0.110762149645676
9.928804997608523 0.110684083180332
9.927282518328502 0.110606076847460
9.925757708424751 0.110528130557161
9.924230568759356 0.110450244219798
9.922701100199177 0.110372417745981
9.921169303616555 0.110294651046581
9.919635179888749 0.110216944032719
9.918098729898421 0.110139296615770
9.916559954533270 0.110061708707361
9.915018854686252 0.109984180219372
9.913475431255584 0.109906711063932
9.911929685144731 0.109829301153423
9.910381617262397 0.109751950400478
9.908831228522644 0.109674658717979
9.907278519844617 0.109597426019056
9.905723492152953 0.109520252217089
9.904166146377538 0.109443137225707
9.902606483453637 0.109366080958785
9.901044504321840 0.109289083330447
9.899480209928106 0.109212144255064
9.897913601223697 0.109135263647250
9.896344679165399 0.109058441421869
9.894773444715300 0.108981677494028
9.893199898840972 0.108904971779079
9.891624042515478 0.108828324192618
9.890045876717144 0.108751734650486
9.888465402429873 0.108675203068764
9.886882620643009 0.108598729363778
9.885297532351670 0.108522313452099
9.883710138555916 0.108445955250533
9.882120440261870 0.108369654676133
9.880528438480921 0.108293411646190
9.878934134230065 0.108217226078237
9.877337528531783 0.108141097890043
9.875738622414351 0.108065026999621
9.874137416911548 0.107989013325221
9.872533913062506 0.107913056785328
9.870928111912423 0.107837157298670
9.869320014511620 0.107761314784207
9.867709621916664 0.107685529161142
9.866096935189422 0.107609800348910
9.864481955397316 0.107534128267180
9.862864683613806 0.107458512835861
9.861245120917843 0.107382953975094
9.859623268394243 0.107307451605257
9.857999127133253 0.107232005646957
9.856372698231262 0.107156616021040
9.854743982790286 0.107081282648582
9.853112981918015 0.107006005450891
9.851479696728081 0.106930784349509
9.849844128339630 0.106855619266206
9.848206277877962 0.106780510122988
9.846566146474176 0.106705456842088
9.844923735265025 0.106630459345970
9.843279045393274 0.106555517557328
9.841632078007573 0.106480631399085
9.839982834262154 0.106405800794392
9.838331315317658 0.106331025666629
9.836677522340336 0.106256305939404
9.835021456502396 0.106181641536552
9.833363118982170 0.106107032382137
9.831702510963465 0.106032478400443
9.830039633636542 0.105957979515986
9.828374488197587 0.105883535653506
9.826707075848638 0.105809146737969
9.825037397797814 0.105734812694563
9.823365455259157 0.105660533448701
9.821691249452849 0.105586308926020
9.820014781605130 0.105512139052381
9.818336052948299 0.105438023753868
9.816655064720736 0.105363962956785
9.814971818166899 0.105289956587661
9.813286314537359 0.105216004573244
9.811598555088729 0.105142106840504
9.809908541083834 0.105068263316630
9.808216273791658 0.104994473929035
9.806521754487198 0.104920738605345
9.804824984452043 0.104847057273415
9.803125964973326 0.104773429861308
9.801424697344910 0.104699856297314
9.799721182866678 0.104626336509936
9.798015422844669 0.104552870427896
9.796307418591207 0.104479457980133
9.794597171424947 0.104406099095802
9.792884682670692 0.104332793704275
9.791169953659670 0.104259541735141
9.789452985729280 0.104186343118201
9.787733780223101 0.104113197783472
9.786012338491412 0.104040105661189
9.784288661890265 0.103967066681794
9.782562751782656 0.103894080775950
9.780834609537559 0.103821147874529
9.779104236530312 0.103748267908616
9.777371634142792 0.103675440809509
9.775636803763245 0.103602666508719
9.773899746786080 0.103529944937966
9.772160464612540 0.103457276029183
9.770418958649918 0.103384659714513
9.768675230312228 0.103312095926310
9.766929281019607 0.103239584597134
9.765181112198905 0.103167125659760
9.763430725283614 0.103094719047169
9.761678121713336 0.103022364692552
9.759923302934283 0.102950062529303
9.758166270399405 0.102877812491032
9.756407025567905 0.102805614511550
9.754645569905623 0.102733468524877
9.752881904885088 0.102661374465241
9.751116031985186 0.102589332267072
9.749347952691338 0.102517341865008
9.747577668495911 0.102445403193895
9.745805180897543 0.102373516188780
9.744030491401544 0.102301680784915
9.742253601519986 0.102229896917757
9.740474512771291 0.102158164522967
9.738693226680898 0.102086483536407
9.736909744780542 0.102014853894145
9.735124068608981 0.101943275532449
9.733336199711395 0.101871748387790
9.731546139639754 0.101800272396840
9.729753889952731 0.101728847496474
9.727959452215627 0.101657473623764
9.726162828000575 0.101586150715985
9.724364018886547 0.101514878710615
9.722563026459031 0.101443657545325
9.720759852310414 0.101372487157990
9.718954498039885 0.101301367486683
9.717146965253306 0.101230298469675
9.715337255563361 0.101159280045433
9.713525370589817 0.101088312152627
9.711711311958680 0.101017394730117
9.709895081303356 0.100946527716966
9.708076680263849 0.100875711052431
9.706256110487054 0.100804944675966
9.704433373626619 0.100734228527218
9.702608471343192 0.100663562546033
9.700781405304291 0.100592946672449
9.698952177184401 0.100522380846701
9.697120788664696 0.100451865009216
9.695287241433384 0.100381399100615
9.693451537185791 0.100310983061715
9.691613677623780 0.100240616833522
9.689773664456652 0.100170300357237
9.687931499400236 0.100100033574254
9.686087184177470 0.100029816426155
9.684240720518483 0.099959648854719
9.682392110160118 0.099889530801912
9.680541354846275 0.099819462209890
9.678688456328109 0.099749443021005
9.676833416363452 0.099679473177792
9.674976236717340 0.099609552622979
9.673116919161885 0.099539681299484
9.671255465476223 0.099469859150412
9.669391877446579 0.099400086119057
9.667526156866057 0.099330362148901
9.665658305535194 0.099260687183614
9.663788325261281 0.099191061167053
9.661916217858966 0.099121484043262
9.660041985149817 0.099051955756471
9.658165628962600 0.098982476251096
9.656287151133469 0.098913045471743
9.654406553505085 0.098843663363196
9.652523837927966 0.098774329870429
9.650639006259457 0.098705044938602
9.648752060363975 0.098635808513054
9.646863002113196 0.098566620539311
9.644971833386393 0.098497480963086
9.643078556069291 0.098428389730269
9.641183172055371 0.098359346786935
9.639285683245172 0.098290352079343
9.637386091546469 0.098221405553934
9.635484398874199 0.098152507157328
9.633580607150737 0.098083656836331
9.631674718305595 0.098014854537926
9.629766734275414 0.097946100209276
9.627856657004255 0.097877393797728
9.625944488443638 0.097808735250809
9.624030230551982 0.097740124516221
9.622113885295260 0.097671561541849
9.620195454646689 0.097603046275755
9.618274940586781 0.097534578666181
9.616352345103422 0.097466158661546
9.614427670191915 0.097397786210448
9.612500917854689 0.097329461261660
9.610572090101618 0.097261183764134
9.608641188949980 0.097192953666999
9.606708216424392 0.097124770919558
9.604773174556927 0.097056635471293
9.602836065386796 0.096988547271859
9.600896890960881 0.096920506271088
9.598955653333279 0.096852512418986
9.597012354565670 0.096784565665734
9.595066996726858 0.096716665961685
9.593119581893319 0.096648813257369
9.591170112148959 0.096581007503489
9.589218589585069 0.096513248650919
9.587265016300252 0.096445536650708
9.585309394400705 0.096377871454074
9.583351726000098 0.096310253012412
9.581392013219491 0.096242681277285
9.579430258187500 0.096175156200429
9.577466463040141 0.096107677733749
9.575500629921109 0.096040245829324
9.573532760981207 0.095972860439400
9.571562858379057 0.095905521516393
9.569590924280881 0.095838229012893
9.567616960860057 0.095770982881653
9.565640970297778 0.095703783075600
9.563662954782624 0.095636629547826
