1.500000000000000 -0.000108072736027
2.000000000000000 -0.456158000060395
2.500000000000000 -0.306888130205465
3.000000000000000 -0.234377493714144
3.500000000000000 -0.188368859031345
4.000000000000000 -0.156467447208785
4.500000000000000 -0.132581095828101
5.000000000000000 -0.113484326375673
5.500000000000000 -0.097336578944016
6.000000000000000 -0.083033901081714
6.500000000000000 -0.069892964275968
7.000000000000000 -0.057483510648060
7.500000000000000 -0.045533295089942
8.000000000000000 -0.033871234392721
8.500000000000000 -0.022392015180429
9.000000000000000 -0.011033397107873
9.500000000000000 0.000238655568734
10.000000000000000 0.011439856668634
10.500000000000000 0.022574225965308
11.000000000000000 0.033638552470552
11.500000000000000 0.044625398446790
12.000000000000000 0.055525110230820
12.500000000000000 0.066327148940275
13.000000000000000 0.077020954055210
13.500000000000000 0.087596486159113
14.000000000000000 0.098044550011703
14.500000000000000 0.108356968264698
15.000000000000000 0.118526654801626
15.500000000000000 0.128547621853278
16.000000000000000 0.138414944660954
16.500000000000000 0.148124700170635
17.000000000000000 0.157673891104322
17.500000000000000 0.167060363135368
18.000000000000000 0.176282720347606
18.500000000000000 0.185340242365461
19.000000000000000 0.194232805275086
19.500000000000000 0.202960807597400
20.000000000000000 0.211525101960514
20.500000000000000 0.219926932716438
21.000000000000000 0.228167879469121
21.500000000000000 0.236249806310227
22.000000000000000 0.244174816452220
22.500000000000000 0.251945211879934
23.000000000000000 0.259563457627631
23.500000000000000 0.267032150268907
24.000000000000000 0.274353990226972
24.500000000000000 0.281531757523678
25.000000000000000 0.288568290612437
25.500000000000000 0.295466467965108
26.000000000000000 0.302229192111394
26.500000000000000 0.308859375854277
27.000000000000000 0.315359930414156
27.500000000000000 0.321733755276130
28.000000000000000 0.327983729539713
28.500000000000000 0.334112704592630
29.000000000000000 0.340123497945631
29.500000000000000 0.346018888088130
30.000000000000000 0.351801610237982
30.500000000000000 0.357474352870752
31.000000000000000 0.363039754932708
31.500000000000000 0.368500403646062
32.000000000000000 0.373858832832137
32.500000000000000 0.379117521681969
33.000000000000000 0.384278893913889
33.500000000000000 0.389345317267042
34.000000000000000 0.394319103281873
34.500000000000000 0.399202507327399
35.000000000000000 0.403997728839178
35.500000000000000 0.408706911736786
36.000000000000000 0.413332144991386
36.500000000000000 0.417875463321576
37.000000000000000 0.422338847993726
37.500000000000000 0.426724227709452
38.000000000000000 0.431033479564653
38.500000000000000 0.435268430064520
39.000000000000000 0.439430856182832
39.500000000000000 0.443522486454927
40.000000000000000 0.447545002095390
40.500000000000000 0.451500038132059
41.000000000000000 0.455389184548706
41.500000000000000 0.459213987432611
42.000000000000000 0.462975950118814
42.500000000000000 0.466676534330273
43.000000000000000 0.470317161307155
43.500000000000000 0.473899212924065
44.000000000000000 0.477424032791791
44.500000000000000 0.480892927341181
45.000000000000000 0.484307166889150
45.500000000000000 0.487667986682513
46.000000000000000 0.490976587920147
46.500000000000000 0.494234138754507
47.000000000000000 0.497441775266735
47.500000000000000 0.500600602420131
48.000000000000000 0.503711694989138
48.500000000000000 0.506776098463133
49.000000000000000 0.509794829927100
49.500000000000000 0.512768878917248
50.000000000000000 0.515699208252682
50.500000000000000 0.518586754843552
51.000000000000000 0.521432430475161
51.500000000000000 0.524237122569309
52.000000000000000 0.527001694922292
52.500000000000000 0.529726988421306
53.000000000000000 0.532413821737440
53.500000000000000 0.535062991999557
54.000000000000000 0.537675275444772
54.500000000000000 0.540251428050005
55.000000000000000 0.542792186143131
55.500000000000000 0.545298266994887
56.000000000000000 0.547770369392017
56.500000000000000 0.550209174191371
57.000000000000000 0.552615344857216
57.500000000000000 0.554989527980950
58.000000000000000 0.557332353783502
58.500000000000000 0.559644436602169
59.000000000000000 0.561926375361524
59.500000000000000 0.564178754028886
60.000000000000000 0.566402142055164
60.500000000000000 0.568597094801506
61.000000000000000 0.570764153951865
61.500000000000000 0.572903847912567
62.000000000000000 0.575016692198456
62.500000000000000 0.577103189806970
63.000000000000000 0.579163831580130
63.500000000000000 0.581199096553980
64.000000000000000 0.583209452298038
64.500000000000000 0.585195355243212
65.000000000000000 0.587157250998599
65.500000000000000 0.589095574659265
66.000000000000000 0.591010751103289
66.500000000000000 0.592903195279097
67.000000000000000 0.594773312484991
67.500000000000000 0.596621498638614
68.000000000000000 0.598448140537459
68.500000000000000 0.600253616112676
69.000000000000000 0.602038294673287
69.500000000000000 0.603802537144147
70.000000000000000 0.605546696294632
70.500000000000000 0.607271116962247
71.000000000000000 0.608976136267471
71.500000000000000 0.610662083822743
72.000000000000000 0.612329281935350
72.500000000000000 0.613978045802886
73.000000000000000 0.615608683703526
73.500000000000000 0.617221497180198
74.000000000000000 0.618816781219371
74.500000000000000 0.620394824423715
75.000000000000000 0.621955909180476
75.500000000000000 0.623500311823536
76.000000000000000 0.625028302791714
76.500000000000000 0.626540146781559
77.000000000000000 0.628036102896018
77.500000000000000 0.629516424787957
78.000000000000000 0.630981360800262
78.500000000000000 0.632431154101479
79.000000000000000 0.633866042816657
79.500000000000000 0.635286260155814
80.000000000000000 0.636692034537112
80.500000000000000 0.638083589707695
81.000000000000000 0.639461144859879
81.500000000000000 0.640824914744659
82.000000000000000 0.642175109782372
82.500000000000000 0.643511936168352
83.000000000000000 0.644835595977826
83.500000000000000 0.646146287265924
84.000000000000000 0.647444204166488
84.500000000000000 0.648729536986114
85.000000000000000 0.650002472297885
85.500000000000000 0.651263193029726
86.000000000000000 0.652511878553130
86.500000000000000 0.653748704767008
87.000000000000000 0.654973844180932
87.500000000000000 0.656187465994506
88.000000000000000 0.657389736176213
88.500000000000000 0.658580817538453
89.000000000000000 0.659760869811922
89.500000000000000 0.660930049716773
90.000000000000000 0.662088511032869
90.500000000000000 0.663236404667144
91.000000000000000 0.664373878720019
91.500000000000000 0.665501078549379
92.000000000000000 0.666618146833358
92.500000000000000 0.667725223630870
93.000000000000000 0.668822446440820
93.500000000000000 0.669909950260084
94.000000000000000 0.670987867639315
94.500000000000000 0.672056328737503
95.000000000000000 0.673115461375415
95.500000000000000 0.674165391087468
96.000000000000000 0.675206241171486
96.500000000000000 0.676238132738821
97.000000000000000 0.677261184761578
97.500000000000000 0.678275514119185
98.000000000000000 0.679281235644259
98.500000000000000 0.680278462166627
99.000000000000000 0.681267304556354
99.500000000000000 0.682247871765841
100.000000000000000 0.683220270871193
