1.500000000000000 -0.000107209861568
2.000000000000000 -0.456192986723344
2.500000000000000 -0.307026822432322
3.000000000000000 -0.234818064630779
3.500000000000000 -0.189444221742516
4.000000000000000 -0.158657579181760
4.500000000000000 -0.136489545027576
5.000000000000000 -0.119801118343393
5.500000000000000 -0.106797903036324
6.000000000000000 -0.096385739569014
6.500000000000000 -0.087861944785607
7.000000000000000 -0.080755671017453
7.500000000000000 -0.074740055177795
8.000000000000000 -0.069581297104353
8.500000000000000 -0.065107818402433
9.000000000000000 -0.061190867346626
9.500000000000000 -0.057731918477503
10.000000000000000 -0.054654250861375
10.500000000000000 -0.051897177328341
11.000000000000000 -0.049412002545359
11.500000000000000 -0.047159136618956
12.000000000000000 -0.045105998266406
12.500000000000000 -0.043225468281567
13.000000000000000 -0.041494733422060
13.500000000000000 -0.039894411741858
14.000000000000000 -0.038407883737060
14.500000000000000 -0.037020775920688
15.000000000000000 -0.035720558584160
15.500000000000000 -0.034496229952354
16.000000000000000 -0.033338066295178
16.500000000000000 -0.032237422789302
17.000000000000000 -0.031186573703004
17.500000000000000 -0.030178583240885
18.000000000000000 -0.029207200429121
18.500000000000000 -0.028266772948675
19.000000000000000 -0.027352175968036
19.500000000000000 -0.026458752915158
20.000000000000000 -0.025582265784523
20.500000000000000 -0.024718853093949
21.000000000000000 -0.023864994012509
21.500000000000000 -0.023017477487181
22.000000000000000 -0.022173375437105
22.500000000000000 -0.021330019279568
23.000000000000000 -0.020484979199434
23.500000000000000 -0.019636045696089
24.000000000000000 -0.018781213029423
24.500000000000000 -0.017918664266178
25.000000000000000 -0.017046757685647
25.500000000000000 -0.016164014348185
26.000000000000000 -0.015269106668255
26.500000000000000 -0.014360847867554
27.000000000000000 -0.013438182196907
27.500000000000000 -0.012500175848138
28.000000000000000 -0.011546008479867
28.500000000000000 -0.010574965298114
29.000000000000000 -0.009586429645957
29.500000000000000 -0.008579876054892
30.000000000000000 -0.007554863726310
30.500000000000000 -0.006511030408626
31.000000000000000 -0.005448086645008
31.500000000000000 -0.004365810366072
32.000000000000000 -0.003264041807766
32.500000000000000 -0.002142678732397
33.000000000000000 -0.001001671939208
33.500000000000000 0.000158978957292
34.000000000000000 0.001339229489775
34.500000000000000 0.002538994060668
35.000000000000000 0.003758149435743
35.500000000000000 0.004996538018910
36.000000000000000 0.006253970925553
36.500000000000000 0.007530230857913
37.000000000000000 0.008825074799832
37.500000000000000 0.010138236536066
38.000000000000000 0.011469429007782
38.500000000000000 0.012818346512693
39.000000000000000 0.014184666758060
39.500000000000000 0.015568052775705
40.000000000000000 0.016968154704964
40.500000000000000 0.018384611453453
41.000000000000000 0.019817052240087
41.500000000000000 0.021265098029575
42.000000000000000 0.022728362862534
42.500000000000000 0.024206455088155
43.000000000000000 0.025698978506655
43.500000000000000 0.027205533424257
44.000000000000000 0.028725717627787
44.500000000000000 0.030259127283597
45.000000000000000 0.031805357764464
45.500000000000000 0.033364004410882
46.000000000000000 0.034934663228207
46.500000000000000 0.036516931526525
47.000000000000000 0.038110408504033
47.500000000000000 0.039714695780687
48.000000000000000 0.041329397883252
48.500000000000000 0.042954122684085
49.000000000000000 0.044588481800647
49.500000000000000 0.046232090952459
50.000000000000000 0.047884570286237
50.500000000000000 0.049545544661763
51.000000000000000 0.051214643910906
51.500000000000000 0.052891503062402
52.000000000000000 0.054575762545972
52.500000000000000 0.056267068363210
53.000000000000000 0.057965072240689
53.500000000000000 0.059669431758973
54.000000000000000 0.061379810461464
54.500000000000000 0.063095877945134
55.000000000000000 0.064817309932873
55.500000000000000 0.066543788331421
56.000000000000000 0.068275001273206
56.500000000000000 0.070010643144983
57.000000000000000 0.071750414604578
57.500000000000000 0.073494022585245
58.000000000000000 0.075241180290483
58.500000000000000 0.076991607177835
59.000000000000000 0.078745028936114
59.500000000000000 0.080501177451866
60.000000000000000 0.082259790771381
60.500000000000000 0.084020613053059
61.000000000000000 0.085783394516965
61.500000000000000 0.087547891386731
62.000000000000000 0.089313865826810
62.500000000000000 0.091081085877036
63.000000000000000 0.092849325380836
63.500000000000000 0.094618363912523
64.000000000000000 0.096387986699319
64.500000000000000 0.098157984542513
65.000000000000000 0.099928153735146
65.500000000000000 0.101698295978001
66.000000000000000 0.103468218294401
66.500000000000000 0.105237732943304
67.000000000000000 0.107006657330033
67.500000000000000 0.108774813919404
68.000000000000000 0.110542030143360
68.500000000000000 0.112308138313083
69.000000000000000 0.114072975526949
69.500000000000000 0.115836383580205
70.000000000000000 0.117598208874956
70.500000000000000 0.119358302328709
71.000000000000000 0.121116519284493
71.500000000000000 0.122872719421367
72.000000000000000 0.124626766664834
72.500000000000000 0.126378529097811
73.000000000000000 0.128127878873442
73.500000000000000 0.129874692127010
74.000000000000000 0.131618848889914
74.500000000000000 0.133360233004943
75.000000000000000 0.135098732040005
75.500000000000000 0.136834237206900
76.000000000000000 0.138566643276795
76.500000000000000 0.140295848500553
77.000000000000000 0.142021754528033
77.500000000000000 0.143744266328434
78.000000000000000 0.145463292113888
78.500000000000000 0.147178743262016
79.000000000000000 0.148890534240294
79.500000000000000 0.150598582533411
80.000000000000000 0.152302808568731
80.500000000000000 0.154003135646307
81.000000000000000 0.155699489867355
81.500000000000000 0.157391800066440
82.000000000000000 0.159079997743074
82.500000000000000 0.160764016995564
83.000000000000000 0.162443794455454
83.500000000000000 0.164119269224844
84.000000000000000 0.165790382812061
84.500000000000000 0.167457079072262
85.000000000000000 0.169119304145936
85.500000000000000 0.170777006400298
86.000000000000000 0.172430136372410
86.500000000000000 0.174078646712267
87.000000000000000 0.175722492127106
87.500000000000000 0.177361629328188
88.000000000000000 0.178996016978054
88.500000000000000 0.180625615637901
89.000000000000000 0.182250387717789
89.500000000000000 0.183870297427247
90.000000000000000 0.185485310726457
90.500000000000000 0.187095395279562
91.000000000000000 0.188700520408120
91.500000000000000 0.190300657046186
92.000000000000000 0.191895777696384
92.500000000000000 0.193485856386665
93.000000000000000 0.195070868628033
93.500000000000000 0.196650791374674
94.000000000000000 0.198225602982145
94.500000000000000 0.199795283169308
95.000000000000000 0.201359812979900
95.500000000000000 0.202919174745771
96.000000000000000 0.204473352049575
96.500000000000000 0.206022329689540
97.000000000000000 0.207566093645162
97.500000000000000 0.209104631043129
98.000000000000000 0.210637930124324
98.500000000000000 0.212165980211854
99.000000000000000 0.213688771678965
99.500000000000000 0.215206295919575
100.000000000000000 0.216718545317499
